p_value,timing
7.041295870412959124e-01,3.708117008209228516e-01
7.052294770522947731e-01,1.320505142211914062e-02
7.564243575642435324e-01,1.429288029670715332e+01
5.880985260009765625e-01,3.017663955688476562e-03
6.621503642104062948e-01,4.361391067504882812e-03
6.671499432920735551e-01,4.021406173706054688e-03
2.296770322967703337e-01,3.617172241210937500e-01
2.511748825117487982e-01,1.288151741027832031e-02
1.715828417158284103e-01,1.465559363365173340e+01
5.765914916992187500e-02,2.714395523071289062e-03
2.849945438443522994e-01,4.295825958251953125e-03
2.446565161550239287e-01,4.050970077514648438e-03
7.009299070092990525e-02,3.569905757904052734e-01
6.569343065693430961e-02,1.286363601684570312e-02
9.959004099590040848e-02,1.454891848564147949e+01
1.315879821777343750e-01,2.643108367919921875e-03
1.293116761554203853e-01,4.256963729858398438e-03
6.927646846915833101e-02,4.066705703735351562e-03
8.550144985501449968e-01,3.589849472045898438e-01
8.372162783721628365e-01,1.279830932617187500e-02
8.262173782621737850e-01,1.539895558357238770e+01
9.423408508300781250e-01,2.640008926391601562e-03
6.003658140246679320e-01,4.283905029296875000e-03
8.152438008101625666e-01,8.061885833740234375e-03
3.883611638836116375e-01,3.686003684997558594e-01
3.775622437756224192e-01,1.284766197204589844e-02
1.897810218978102093e-01,1.922967791557312012e+01
2.517223358154296875e-01,1.787185668945312500e-03
4.081376349578162976e-01,4.076957702636718750e-03
3.676056495300247251e-01,1.600527763366699219e-02
5.479452054794520244e-01,6.967887878417968750e-01
5.297470252974701976e-01,2.423691749572753906e-02
5.556444355564443827e-01,2.314115047454833984e+01
7.482776641845703125e-01,2.660512924194335938e-03
4.918779157786689615e-01,4.232645034790039062e-03
5.232652808146435186e-01,4.053115844726562500e-03
8.074192580741925696e-01,3.959102630615234375e-01
8.116188381161884013e-01,2.076077461242675781e-02
7.820217978202179676e-01,1.997692942619323730e+01
5.880985260009765625e-01,1.760721206665039062e-03
7.751592183730009467e-01,4.362106323242187500e-03
8.441083964854199095e-01,4.564046859741210938e-03
2.942705729427057548e-01,5.614824295043945312e-01
3.062693730626937505e-01,1.410746574401855469e-02
3.373662633736626559e-01,2.250154423713684082e+01
4.119014739990234375e-01,1.765727996826171875e-03
4.190068292720880438e-01,1.208972930908203125e-02
2.869196763400413963e-01,4.033088684082031250e-03
1.529847015298470281e-01,5.462865829467773438e-01
1.597840215978402201e-01,1.226067543029785156e-02
4.547545245475452247e-01,2.031361842155456543e+01
4.119014739990234375e-01,1.067113876342773438e-02
1.770250303738676312e-01,4.266738891601562500e-03
1.211700442069006400e-01,1.208519935607910156e-02
1.607839216078392197e-01,4.644000530242919922e-01
1.623837616238376080e-01,1.272606849670410156e-02
3.378662133786621280e-01,2.047238016128540039e+01
4.119014739990234375e-01,1.763820648193359375e-03
2.244613908964782634e-01,4.094123840332031250e-03
1.358672189355040194e-01,3.984689712524414062e-03
6.014398560143985328e-01,6.987655162811279297e-01
6.140385961403859172e-01,2.827405929565429688e-02
5.826417358264173174e-01,2.177379393577575684e+01
5.880985260009765625e-01,1.733303070068359375e-03
5.781110060983797316e-01,4.061222076416015625e-03
5.363385312746175027e-01,4.029273986816406250e-03
7.247275272472752938e-01,4.779367446899414062e-01
7.402259774022598160e-01,2.021265029907226562e-02
6.666333366663333981e-01,2.387400913238525391e+01
4.119014739990234375e-01,1.740932464599609375e-03
7.485356373299547617e-01,4.065036773681640625e-03
6.549669227362256985e-01,1.608419418334960938e-02
7.207279272072792953e-01,7.026293277740478516e-01
7.125287471252874649e-01,2.026057243347167969e-02
7.816218378162184122e-01,2.371739935874938965e+01
9.423408508300781250e-01,1.063942909240722656e-02
6.338891781113108470e-01,4.314899444580078125e-03
7.146254538120022648e-01,1.204705238342285156e-02
8.389161083891610859e-01,5.659365653991699219e-01
8.420157984201579460e-01,1.279544830322265625e-02
8.277172282771723122e-01,1.800935888290405273e+01
9.423408508300781250e-01,1.888990402221679688e-03
7.754843580071424380e-01,4.160404205322265625e-03
7.715621218830699402e-01,4.028558731079101562e-03
6.173382661733826104e-01,3.990635871887207031e-01
6.401359864013598244e-01,1.259350776672363281e-02
5.007499250074992636e-01,1.609500503540039062e+01
2.517223358154296875e-01,1.926660537719726562e-03
5.447828621043809827e-01,4.172801971435546875e-03
6.586550446310115436e-01,4.040718078613281250e-03
1.272872712728727040e-01,3.517446517944335938e-01
1.370862913708629227e-01,1.256871223449707031e-02
1.338866113388661183e-01,1.560812950134277344e+01
5.765914916992187500e-02,1.825571060180664062e-03
1.465901530634824423e-01,4.111766815185546875e-03
1.232339272187767953e-01,4.019737243652343750e-03
2.023797620237976214e-01,3.705043792724609375e-01
2.062793720627937311e-01,1.229548454284667969e-02
1.665833416658334121e-01,1.469806313514709473e+01
4.119014739990234375e-01,2.671718597412109375e-03
3.046022931878342721e-01,4.272222518920898438e-03
2.482808758943330640e-01,4.054784774780273438e-03
9.751024897510248701e-01,3.482244014739990234e-01
9.728027197280272320e-01,1.281571388244628906e-02
9.931006899310068636e-01,1.507237792015075684e+01
9.423408508300781250e-01,2.950668334960937500e-03
9.468804887233707168e-01,4.297733306884765625e-03
9.844786575486774716e-01,4.296779632568359375e-03
4.876512348765123517e-01,3.492465019226074219e-01
4.804519548045195210e-01,1.282620429992675781e-02
4.531546845315468364e-01,1.568759441375732422e+01
1.315879821777343750e-01,2.651929855346679688e-03
4.931185507444413862e-01,1.232838630676269531e-02
4.606767685476936269e-01,4.027605056762695312e-03
3.936606339366063301e-01,4.600532054901123047e-01
4.000599940005999389e-01,1.730442047119140625e-02
3.185681431856814405e-01,1.562424969673156738e+01
5.880985260009765625e-01,1.989603042602539062e-03
4.557861291573264695e-01,4.176855087280273438e-03
3.030569220299051403e-01,4.065513610839843750e-03
8.334166583341665602e-01,3.516092300415039062e-01
8.364163583641636146e-01,1.260352134704589844e-02
7.436256374362564259e-01,1.595503139495849609e+01
4.119014739990234375e-01,2.864360809326171875e-03
8.063731809005336704e-01,4.405260086059570312e-03
8.494082137936591614e-01,4.137992858886718750e-03
7.920207979202079640e-01,5.452978610992431641e-01
8.112188781121887349e-01,1.322627067565917969e-02
8.405159484051595298e-01,1.545494151115417480e+01
8.684120178222656250e-01,1.907825469970703125e-03
6.412544367826598091e-01,4.187822341918945312e-03
7.760913191521361387e-01,4.060506820678710938e-03
2.269773022697730083e-02,3.598473072052001953e-01
3.069693030696930142e-02,1.250100135803222656e-02
1.829817018298170173e-02,1.577538442611694336e+01
2.069473266601562500e-02,1.837015151977539062e-03
2.018634553991021097e-01,4.094123840332031250e-03
2.811452587438889941e-02,3.992319107055664062e-03
2.259774022597740156e-02,4.782404899597167969e-01
2.349765023497650193e-02,1.233482360839843750e-02
2.509749025097490413e-02,1.578788638114929199e+01
2.517223358154296875e-01,1.761913299560546875e-03
6.342087145267387427e-02,4.077672958374023438e-03
2.323676680580214968e-02,4.016160964965820312e-03
7.530246975302469226e-01,3.493680953979492188e-01
7.561243875612438936e-01,1.225972175598144531e-02
6.039396060393961152e-01,1.579616975784301758e+01
5.880985260009765625e-01,2.675294876098632812e-03
7.056822369750880286e-01,4.252433776855468750e-03
8.082064680883220831e-01,4.032611846923828125e-03
7.859214078592140218e-02,4.255387783050537109e-01
8.249175082491751188e-02,2.478098869323730469e-02
1.056894310568943091e-01,1.771302270889282227e+01
2.069473266601562500e-02,1.908063888549804688e-03
1.057429341272966838e-01,4.130363464355468750e-03
8.664860171881105799e-02,1.614499092102050781e-02
4.716528347165283575e-01,3.825781345367431641e-01
4.707529247075292744e-01,1.229214668273925781e-02
3.548645135486451219e-01,1.610265731811523438e+01
2.517223358154296875e-01,1.775264739990234375e-03
4.712003152353993474e-01,4.076719284057617188e-03
4.667928200641001668e-01,4.015684127807617188e-03
5.689431056894310723e-01,5.439958572387695312e-01
5.683431656834316836e-01,1.224637031555175781e-02
3.990600939906009392e-01,1.592975234985351562e+01
8.684120178222656250e-01,2.648591995239257812e-03
5.107891001220907778e-01,4.288673400878906250e-03
6.178946085198862015e-01,4.044294357299804688e-03
6.552344765523447911e-01,4.734733104705810547e-01
6.457354264573542668e-01,1.291632652282714844e-02
6.322367763223677439e-01,1.623108339309692383e+01
2.517223358154296875e-01,2.819776535034179688e-03
6.525662369999400969e-01,4.275083541870117188e-03
5.526285695089286909e-01,1.202535629272460938e-02
7.799220077992201176e-03,4.804151058197021484e-01
8.699130086991300678e-03,1.284098625183105469e-02
7.699230076992301039e-03,1.637938022613525391e+01
5.765914916992187500e-02,1.069879531860351562e-02
1.952773972983596132e-02,4.279136657714843750e-03
5.296681502004723513e-03,1.211953163146972656e-02
6.806319368063193931e-01,5.415244102478027344e-01
6.705329467053294801e-01,1.284241676330566406e-02
4.668533146685331370e-01,1.609264683723449707e+01
5.880985260009765625e-01,2.846479415893554688e-03
6.519728442853272021e-01,4.272699356079101562e-03
7.278904376894732575e-01,4.074573516845703125e-03
8.552144785521448300e-01,3.497343063354492188e-01
8.551144885511449134e-01,1.280617713928222656e-02
9.019098090190981187e-01,1.529091143608093262e+01
8.684120178222656250e-01,2.656698226928710938e-03
8.274193305296855261e-01,4.249572753906250000e-03
8.076243750935770960e-01,4.033327102661132812e-03
1.791820817918208242e-01,5.307354927062988281e-01
1.842815718428157112e-01,1.297283172607421875e-02
1.541845815418458054e-01,1.768417000770568848e+01
2.517223358154296875e-01,1.762628555297851562e-03
2.946101857795470069e-01,4.809379577636718750e-03
1.392798646757996694e-01,4.007577896118164062e-03
9.728027197280272320e-01,4.470915794372558594e-01
9.693030696930307055e-01,1.218414306640625000e-02
8.897110288971102898e-01,1.910801172256469727e+01
9.793052673339843750e-01,1.743078231811523438e-03
8.264792991144789269e-01,4.068851470947265625e-03
9.765779952042057399e-01,3.991365432739257812e-03
5.581441855814418540e-01,5.453519821166992188e-01
5.495450454954504682e-01,1.226067543029785156e-02
5.911408859114088976e-01,1.842858672142028809e+01
8.684120178222656250e-01,2.687215805053710938e-03
5.490657512888129643e-01,4.298448562622070312e-03
5.359790411962777057e-01,4.069089889526367188e-03
1.097890210978902104e-01,3.475260734558105469e-01
1.214878512148785117e-01,1.272225379943847656e-02
3.619638036196380637e-02,1.971845269203186035e+01
5.880985260009765625e-01,1.750946044921875000e-03
1.162297488050344496e-01,4.099845886230468750e-03
1.136961265307774860e-01,1.198983192443847656e-02
6.982301769823017201e-01,5.597519874572753906e-01
6.785321467853214772e-01,2.422952651977539062e-02
5.867413258674132326e-01,2.162438726425170898e+01
5.880985260009765625e-01,1.768827438354492188e-03
6.385222969868704634e-01,1.209092140197753906e-02
7.199102768323641932e-01,4.003524780273437500e-03
1.850814918508149054e-01,5.393316745758056641e-01
1.993800619938006224e-01,1.218819618225097656e-02
2.534746525347465473e-01,2.664774560928344727e+01
5.880985260009765625e-01,1.739263534545898438e-03
2.667489041397360650e-01,4.083156585693359375e-03
1.573789275887659267e-01,1.599621772766113281e-02
4.339566043395660655e-01,6.971290111541748047e-01
4.271572842715728457e-01,2.014279365539550781e-02
4.144585541445855448e-01,2.478668999671936035e+01
5.880985260009765625e-01,2.656698226928710938e-03
4.205175696433698374e-01,1.625967025756835938e-02
4.326287475305106156e-01,4.064321517944335938e-03
1.556844315568443049e-01,6.984074115753173828e-01
1.667833216678332175e-01,2.462077140808105469e-02
6.999300069993000251e-02,2.682823872566223145e+01
7.482776641845703125e-01,1.738786697387695312e-03
1.482412139365309467e-01,4.068374633789062500e-03
1.721141981484592964e-01,1.598381996154785156e-02
1.385861413858614222e-01,6.448743343353271484e-01
1.492850714928507239e-01,2.355885505676269531e-02
3.300669933006699086e-01,2.061947965621948242e+01
2.517223358154296875e-01,1.372265815734863281e-02
2.251425519677431319e-01,4.075765609741210938e-03
1.389647740606397286e-01,3.983020782470703125e-03
1.966803319668033179e-01,7.086334228515625000e-01
2.048795120487951205e-01,2.415966987609863281e-02
2.495750424957504376e-01,2.268374490737915039e+01
4.119014739990234375e-01,1.726150512695312500e-03
3.502902120926110197e-01,4.077672958374023438e-03
2.327359746877090685e-01,1.199960708618164062e-02
3.862613738626137216e-01,6.320674419403076172e-01
3.686631336866313391e-01,2.012252807617187500e-02
3.369663033696630450e-01,1.968710494041442871e+01
5.880985260009765625e-01,2.653837203979492188e-03
4.271042064766877866e-01,4.223823547363281250e-03
3.758056767927545616e-01,4.055023193359375000e-03
1.460853914608539195e-01,5.359537601470947266e-01
1.512848715128487231e-01,2.058172225952148438e-02
2.960703929607039209e-01,1.651499366760253906e+01
5.765914916992187500e-02,1.736640930175781250e-03
1.787080173887917733e-01,4.231691360473632812e-03
1.761917072086139902e-01,4.000902175903320312e-03
8.283171682831717009e-01,3.494551181793212891e-01
8.190180981901810098e-01,1.220011711120605469e-02
9.405059494050594937e-01,1.526061964035034180e+01
2.517223358154296875e-01,1.742601394653320312e-03
8.886479456570854918e-01,4.092454910278320312e-03
8.054745894966721664e-01,3.977537155151367188e-03
1.989801019898010045e-02,3.470702171325683594e-01
2.259774022597740156e-02,1.224040985107421875e-02
4.009599040095990219e-02,1.544829416275024414e+01
5.765914916992187500e-02,1.732826232910156250e-03
3.963890727509154083e-02,4.103660583496093750e-03
8.378944213218190648e-03,4.004478454589843750e-03
3.726627337266273376e-01,3.495414257049560547e-01
3.650634936506349515e-01,1.215839385986328125e-02
3.729627037296270320e-01,1.593347001075744629e+01
2.517223358154296875e-01,2.669095993041992188e-03
4.176668489018139918e-01,4.290103912353515625e-03
3.486639591707354491e-01,4.045248031616210938e-03
1.292870712928707033e-01,3.802919387817382812e-01
1.389861013898610054e-01,2.077341079711914062e-02
2.404759524047595243e-01,1.770868110656738281e+01
1.315879821777343750e-01,1.775264739990234375e-03
3.130996356817589144e-01,4.119396209716796875e-03
1.439284486704001664e-01,3.992080688476562500e-03
4.892510748925107400e-01,3.487498760223388672e-01
5.096490350964903993e-01,1.226496696472167969e-02
4.207579242075792370e-01,1.583899807929992676e+01
2.069473266601562500e-02,1.758575439453125000e-03
4.783295519452208100e-01,4.077434539794921875e-03
4.843185279995300130e-01,4.003047943115234375e-03
8.116188381161884013e-01,3.484377861022949219e-01
7.948205179482051852e-01,1.222586631774902344e-02
7.626237376262373635e-01,1.610681295394897461e+01
8.684120178222656250e-01,1.769304275512695312e-03
7.151722366991881685e-01,1.210594177246093750e-02
8.144360609499858850e-01,3.996849060058593750e-03
5.127487251274872593e-01,5.743811130523681641e-01
5.175482451754824798e-01,1.235651969909667969e-02
6.188381161883811377e-01,1.633720397949218750e+01
8.684120178222656250e-01,2.766609191894531250e-03
5.614367284004725400e-01,4.323959350585937500e-03
4.408771412565816727e-01,4.060745239257812500e-03
6.999300069993000806e-01,3.889524936676025391e-01
7.089291070892910218e-01,1.304817199707031250e-02
8.148185181481851780e-01,1.554636693000793457e+01
2.517223358154296875e-01,1.749515533447265625e-03
6.866258323582351553e-01,4.117727279663085938e-03
6.243001831696688431e-01,3.995180130004882812e-03
2.834716528347165365e-01,4.033582210540771484e-01
3.017698230176982244e-01,2.431416511535644531e-02
2.591740825917408508e-01,1.673318886756896973e+01
5.765914916992187500e-02,1.746892929077148438e-03
2.694573382816539686e-01,4.091262817382812500e-03
2.717162000087106621e-01,4.025697708129882812e-03
5.758424157584242087e-01,3.491663932800292969e-01
5.838416158384162058e-01,1.226234436035156250e-02
4.657534246575342207e-01,1.614901232719421387e+01
2.517223358154296875e-01,1.765489578247070312e-03
5.687105562520899937e-01,4.094839096069335938e-03
5.644312681118660580e-01,4.027366638183593750e-03
5.962403759624037569e-01,5.259647369384765625e-01
6.011398860113988940e-01,2.821207046508789062e-02
6.950304969503049435e-01,1.654496073722839355e+01
7.482776641845703125e-01,2.699613571166992188e-03
5.590800474053791991e-01,4.282951354980468750e-03
5.984043514342115566e-01,4.072666168212890625e-03
1.283871612838716203e-01,3.681161403656005859e-01
1.302869713028697030e-01,1.309466361999511719e-02
3.809619038096190291e-02,1.663887977600097656e+01
1.315879821777343750e-01,1.798629760742187500e-03
2.299907403171397857e-01,4.142761230468750000e-03
1.135475032101489479e-01,4.051685333251953125e-03
1.218878112188781088e-01,5.573937892913818359e-01
1.262873712628737044e-01,1.231002807617187500e-02
1.343865613438656181e-01,1.723548960685729980e+01
1.315879821777343750e-01,1.753330230712890625e-03
1.054713237478429044e-01,4.078388214111328125e-03
1.379654112797699672e-01,4.001140594482421875e-03
9.521047895210479339e-01,4.643738269805908203e-01
9.510048995100489622e-01,1.228356361389160156e-02
8.559144085591441353e-01,1.606808757781982422e+01
7.482776641845703125e-01,1.773595809936523438e-03
9.327503314157797876e-01,4.112958908081054688e-03
9.515888997901454927e-01,4.010438919067382812e-03
3.411658834116588213e-01,3.765666484832763672e-01
3.551644835516448162e-01,1.245856285095214844e-02
5.084491550844915109e-01,1.622111129760742188e+01
5.880985260009765625e-01,2.657413482666015625e-03
3.092350383326896712e-01,4.321098327636718750e-03
3.441315772065814960e-01,4.084110260009765625e-03
8.149185081491851224e-02,3.492426872253417969e-01
8.959104089591041209e-02,1.277065277099609375e-02
7.549245075492451440e-02,1.586125564575195312e+01
1.315879821777343750e-01,1.741409301757812500e-03
9.238859707572283364e-02,4.094839096069335938e-03
6.542903129802166151e-02,4.054784774780273438e-03
4.460553944605539223e-01,3.495516777038574219e-01
4.433556644335566177e-01,1.230382919311523438e-02
3.992600739926007170e-01,1.649841690063476562e+01
5.880985260009765625e-01,1.766920089721679688e-03
4.626384333609078192e-01,4.106760025024414062e-03
4.201239067212805822e-01,4.072189331054687500e-03
7.652234776522347515e-01,3.482956886291503906e-01
7.819218078192180510e-01,1.227760314941406250e-02
6.625337466253374830e-01,1.597123146057128906e+01
5.880985260009765625e-01,1.736640930175781250e-03
6.992807342640902091e-01,4.096031188964843750e-03
8.058320361507205210e-01,3.993272781372070312e-03
3.259674032596740489e-02,3.473243713378906250e-01
3.959604039596040237e-02,1.223850250244140625e-02
3.809619038096190291e-02,1.603281712532043457e+01
1.315879821777343750e-01,2.698898315429687500e-03
1.078763407980647404e-01,4.290819168090820312e-03
3.933499836864195326e-02,4.110097885131835938e-03
7.886211378862113541e-01,3.740799427032470703e-01
7.921207879212078806e-01,1.282835006713867188e-02
7.064293570642935505e-01,1.638763284683227539e+01
7.482776641845703125e-01,1.766920089721679688e-03
7.608075965777709726e-01,4.132270812988281250e-03
7.458008323519799143e-01,4.055023193359375000e-03
4.199580041995800567e-02,3.471505641937255859e-01
4.309569043095690111e-02,1.227784156799316406e-02
3.549645035496450107e-02,1.666874790191650391e+01
2.069473266601562500e-02,1.766204833984375000e-03
1.164547820120724886e-01,4.106283187866210938e-03
5.463570956949548307e-02,4.042148590087890625e-03
5.717428257174282935e-01,3.478255271911621094e-01
5.717428257174282935e-01,1.223659515380859375e-02
4.088591140885911579e-01,1.547853875160217285e+01
8.684120178222656250e-01,2.064466476440429688e-03
5.726594329368794867e-01,4.823684692382812500e-03
5.462183534056940237e-01,4.697084426879882812e-03
2.793720627937206213e-01,4.156072139739990234e-01
2.932706729327067552e-01,1.656126976013183594e-02
2.884711528847115347e-01,1.595390677452087402e+01
2.517223358154296875e-01,2.676725387573242188e-03
3.519540428950720945e-01,4.276752471923828125e-03
2.524677505909563857e-01,4.038572311401367188e-03
9.959004099590040848e-01,3.501415252685546875e-01
9.965003499650034735e-01,1.272392272949218750e-02
9.949005099490051407e-01,1.515572452545166016e+01
9.793052673339843750e-01,1.767158508300781250e-03
9.932601352048112675e-01,4.107713699340820312e-03
9.985672686388663566e-01,4.013538360595703125e-03
9.578042195780421819e-01,3.475863933563232422e-01
9.561043895610439325e-01,1.214742660522460938e-02
9.447055294470553255e-01,1.663005185127258301e+01
7.482776641845703125e-01,1.739740371704101562e-03
8.387562417624285782e-01,1.206040382385253906e-02
9.548461453488870099e-01,4.007101058959960938e-03
9.943005699430057520e-01,7.082102298736572266e-01
9.947005299470053075e-01,1.215934753417968750e-02
9.944005599440055576e-01,1.632103276252746582e+01
8.684120178222656250e-01,1.717567443847656250e-03
9.908133008413700926e-01,4.091501235961914062e-03
9.951387856197043691e-01,4.034757614135742188e-03
4.957504249575042654e-01,3.486416339874267578e-01
5.191480851914808126e-01,1.210641860961914062e-02
5.252474752524747270e-01,1.533851075172424316e+01
1.315879821777343750e-01,2.591371536254882812e-03
4.950714844414376148e-01,4.231214523315429688e-03
5.119983460697691280e-01,4.049539566040039062e-03
6.619338066193380943e-02,3.473894596099853516e-01
6.429357064293571289e-02,1.260828971862792969e-02
1.303869613038696196e-01,1.510319423675537109e+01
4.119014739990234375e-01,1.739025115966796875e-03
2.715781990705001814e-01,4.087209701538085938e-03
5.192466601382883518e-02,4.002809524536132812e-03
9.192080791920808069e-01,3.466687202453613281e-01
9.199080091990801122e-01,1.216077804565429688e-02
8.846115388461154305e-01,1.609977173805236816e+01
9.793052673339843750e-01,1.739025115966796875e-03
8.992585025653585529e-01,4.069328308105468750e-03
9.266703848731350224e-01,4.012823104858398438e-03
4.959504049595040431e-01,3.483963012695312500e-01
5.168483151684831745e-01,1.232242584228515625e-02
5.255474452554744769e-01,1.573988533020019531e+01
5.765914916992187500e-02,1.764059066772460938e-03
4.478915404329888439e-01,4.096269607543945312e-03
4.816150047851235905e-01,4.010438919067382812e-03
8.187181281871812599e-01,3.534178733825683594e-01
8.051194880511949314e-01,2.050566673278808594e-02
8.472152784721528329e-01,1.611516404151916504e+01
7.482776641845703125e-01,2.842664718627929688e-03
7.574815134066981148e-01,4.387140274047851562e-03
7.852725131887974275e-01,4.113912582397460938e-03
5.784421557844215966e-01,3.505010604858398438e-01
5.734426557344265429e-01,1.318192481994628906e-02
8.427157284271572513e-01,1.650823378562927246e+01
8.684120178222656250e-01,2.064943313598632812e-03
5.854548973749794660e-01,4.187107086181640625e-03
5.408278095724724510e-01,4.044055938720703125e-03
9.743025697430256482e-01,4.538712501525878906e-01
9.717028297170282602e-01,1.234650611877441406e-02
9.422057794220577431e-01,1.601511669158935547e+01
9.940910339355468750e-01,1.746654510498046875e-03
8.325794153600774017e-01,4.076719284057617188e-03
9.838942808493593706e-01,4.059076309204101562e-03
6.904309569043095562e-01,4.129769802093505859e-01
6.756324367563243394e-01,1.225018501281738281e-02
9.220077992200780281e-01,1.599960327148437500e+01
5.880985260009765625e-01,1.747369766235351562e-03
6.646472801453178203e-01,4.082679748535156250e-03
7.374161373855016022e-01,4.010200500488281250e-03
8.189181081891810932e-02,3.477282524108886719e-01
8.979102089791020369e-02,1.225948333740234375e-02
7.949205079492051296e-02,1.566000556945800781e+01
1.315879821777343750e-01,2.696275711059570312e-03
1.062954906616414008e-01,4.270553588867187500e-03
7.667515536402745580e-02,4.034042358398437500e-03
1.793820617938206297e-01,3.527984619140625000e-01
1.797820217978202129e-01,1.351642608642578125e-02
8.779122087791220441e-02,1.667022204399108887e+01
7.482776641845703125e-01,2.677917480468750000e-03
2.666244081090197726e-01,4.258155822753906250e-03
1.315388310520698711e-01,4.029989242553710938e-03
7.228277172282772112e-01,3.474419116973876953e-01
7.152284771522847695e-01,1.272106170654296875e-02
4.178582141785821547e-01,1.505166292190551758e+01
9.423408508300781250e-01,2.665281295776367188e-03
6.712411657490293670e-01,4.279136657714843750e-03
7.186746110861402803e-01,4.079818725585937500e-03
9.481051894810519354e-01,3.500468730926513672e-01
9.459054094590541029e-01,1.276421546936035156e-02
9.717028297170282602e-01,1.578161478042602539e+01
5.880985260009765625e-01,1.759290695190429688e-03
8.596924850831304532e-01,4.274368286132812500e-03
9.511280680966383017e-01,4.009246826171875000e-03
3.643635636436356462e-01,5.595622062683105469e-01
3.664633536646335621e-01,2.823233604431152344e-02
5.820417958204179287e-01,1.618346548080444336e+01
7.482776641845703125e-01,2.675533294677734375e-03
3.867094133754611640e-01,4.255294799804687500e-03
3.663804154604259899e-01,4.081964492797851562e-03
7.129287071292871036e-02,3.473651409149169922e-01
7.529247075292470892e-02,1.283121109008789062e-02
7.779222077792220802e-02,1.602665996551513672e+01
2.517223358154296875e-01,1.941680908203125000e-03
1.199232116183463481e-01,4.260778427124023438e-03
7.570514502231512344e-02,4.146575927734375000e-03
9.360063993600640231e-01,3.539736270904541016e-01
9.347065293470653291e-01,1.261043548583984375e-02
9.339066093390661072e-01,1.621647715568542480e+01
4.119014739990234375e-01,2.204179763793945312e-03
7.640032083609247238e-01,5.062818527221679688e-03
9.204526292182984015e-01,4.940032958984375000e-03
4.972502749725027371e-01,4.294214248657226562e-01
5.169483051694830911e-01,1.773500442504882812e-02
4.086591340865913247e-01,1.765398335456848145e+01
2.517223358154296875e-01,1.893520355224609375e-03
5.857718834694825016e-01,4.225969314575195312e-03
4.817719185582169383e-01,4.122257232666015625e-03
4.714528547145285242e-01,3.544161319732666016e-01
4.773522647735226609e-01,1.253366470336914062e-02
5.366463353664633340e-01,1.588874030113220215e+01
5.880985260009765625e-01,2.883672714233398438e-03
4.786767313851066352e-01,4.299163818359375000e-03
4.817077581454902724e-01,1.283597946166992188e-02
4.742525747425257454e-01,4.449133872985839844e-01
4.733526647335266624e-01,1.329445838928222656e-02
4.788521147885211326e-01,1.586659932136535645e+01
2.517223358154296875e-01,1.891136169433593750e-03
5.114915413880707362e-01,4.217624664306640625e-03
4.598368785726828500e-01,4.086732864379882812e-03
1.379862013798620161e-02,4.024560451507568359e-01
1.309869013098690152e-02,1.264286041259765625e-02
1.179882011798820060e-02,1.590354633331298828e+01
5.765914916992187500e-02,1.861095428466796875e-03
3.444122476871794847e-01,4.162549972534179688e-03
4.464696879959154791e-03,4.085540771484375000e-03
2.447755224477552172e-01,3.526470661163330078e-01
2.522747725227477145e-01,1.260042190551757812e-02
2.603739626037396282e-01,1.554396843910217285e+01
4.119014739990234375e-01,1.904487609863281250e-03
2.100453748289725642e-01,4.195690155029296875e-03
2.274982897050779052e-01,4.093408584594726562e-03
3.662633736626337289e-01,3.582899570465087891e-01
3.701629837016298108e-01,1.255583763122558594e-02
4.786521347865213549e-01,1.563969278335571289e+01
4.119014739990234375e-01,2.699136734008789062e-03
4.480128946020291436e-01,4.294395446777343750e-03
3.579313987373039518e-01,4.055261611938476562e-03
1.667833216678332175e-01,3.484156131744384766e-01
1.639836016398360241e-01,1.279449462890625000e-02
1.798820117988201295e-01,1.607855892181396484e+01
9.793052673339843750e-01,2.657651901245117188e-03
2.871880437735187530e-01,1.623988151550292969e-02
1.167082288494624143e-01,4.072666168212890625e-03
5.218478152184781171e-01,7.079734802246093750e-01
5.242475752424757829e-01,2.489995956420898438e-02
4.966503349665033484e-01,1.602521777153015137e+01
1.315879821777343750e-01,2.713918685913085938e-03
5.037252320616784074e-01,4.281520843505859375e-03
4.705992753969160947e-01,4.079818725585937500e-03
5.825417458254175118e-01,3.507678508758544922e-01
5.921407859214078417e-01,1.280498504638671875e-02
6.910308969103089449e-01,1.587651371955871582e+01
4.119014739990234375e-01,1.765489578247070312e-03
5.553589233717914908e-01,4.069805145263671875e-03
5.635134885382191428e-01,4.115819931030273438e-03
8.577142285771423014e-01,5.163435935974121094e-01
8.519148085191481368e-01,1.228356361389160156e-02
7.670232976702330285e-01,1.541893649101257324e+01
7.482776641845703125e-01,2.666473388671875000e-03
8.028064716146909863e-01,4.276037216186523438e-03
8.512077593359359540e-01,4.075765609741210938e-03
7.783221677832217189e-01,5.069608688354492188e-01
7.752224777522247479e-01,1.344156265258789062e-02
6.342365763423657432e-01,1.529070973396301270e+01
8.684120178222656250e-01,1.762151718139648438e-03
7.228975347477841762e-01,4.241943359375000000e-03
8.089855157313233791e-01,4.001855850219726562e-03
4.653534646535346653e-01,3.484866619110107422e-01
4.660533946605339706e-01,1.227641105651855469e-02
5.859414058594140107e-01,1.649127531051635742e+01
4.119014739990234375e-01,1.752138137817382812e-03
4.578055382547053798e-01,4.091978073120117188e-03
3.946439327764859617e-01,4.005670547485351562e-03
6.139386061393861116e-01,3.488197326660156250e-01
6.406359364063594075e-01,1.229047775268554688e-02
5.814418558144185400e-01,1.606975007057189941e+01
2.517223358154296875e-01,1.765727996826171875e-03
5.504433318870002312e-01,4.077434539794921875e-03
5.900390131859170051e-01,4.023790359497070312e-03
8.423157684231576958e-01,3.495326042175292969e-01
8.433156684331566399e-01,1.226305961608886719e-02
5.781421857814218468e-01,1.618356919288635254e+01
4.119014739990234375e-01,2.670764923095703125e-03
8.052396190061119619e-01,4.261493682861328125e-03
8.453711320733803269e-01,4.036188125610351562e-03
8.113188681131886515e-01,3.513267040252685547e-01
8.197180281971803151e-01,1.273870468139648438e-02
6.796320367963203379e-01,1.520472788810729980e+01
5.880985260009765625e-01,1.784086227416992188e-03
8.161756391165609914e-01,4.126310348510742188e-03
8.696034492309197006e-01,4.016637802124023438e-03
7.575242475752425042e-01,3.482553958892822266e-01
7.542245775422458109e-01,1.231622695922851562e-02
5.725427457254274044e-01,1.510549902915954590e+01
1.315879821777343750e-01,1.779317855834960938e-03
7.431742159892653632e-01,4.075765609741210938e-03
7.761227112238155978e-01,1.605391502380371094e-02
3.541645835416458166e-01,5.148434638977050781e-01
3.786621337866213355e-01,1.229357719421386719e-02
4.982501749825017368e-01,1.606713604927062988e+01
1.315879821777343750e-01,1.771450042724609375e-03
4.508713786656601830e-01,4.076719284057617188e-03
3.747563932106822704e-01,4.024505615234375000e-03
9.443055694430556590e-01,3.503236770629882812e-01
9.395060493950604386e-01,1.220893859863281250e-02
9.635036496350365409e-01,1.594106602668762207e+01
7.482776641845703125e-01,2.657890319824218750e-03
9.636492096650927097e-01,4.198312759399414062e-03
9.304384384352550885e-01,4.002571105957031250e-03
1.082891710828917109e-01,3.498270511627197266e-01
1.253874612538746214e-01,1.297831535339355469e-02
1.341865813418658127e-01,1.626712775230407715e+01
2.517223358154296875e-01,1.787185668945312500e-03
2.505524226635506557e-01,4.108428955078125000e-03
1.290488486923877520e-01,3.992795944213867188e-03
7.201279872012799066e-01,3.499398231506347656e-01
7.140285971402859921e-01,1.229906082153320312e-02
6.177382261773822769e-01,1.663941144943237305e+01
1.315879821777343750e-01,1.858711242675781250e-03
6.449815171554876825e-01,4.102945327758789062e-03
7.190969395546432663e-01,4.016160964965820312e-03
4.033596640335966321e-01,3.495926856994628906e-01
4.310568943105689277e-01,1.266598701477050781e-02
4.388561143885611471e-01,1.642917633056640625e+01
4.119014739990234375e-01,2.601146697998046875e-03
4.391423975910493382e-01,4.272937774658203125e-03
4.236007303073169306e-01,4.069805145263671875e-03
8.646135386461354377e-01,3.684687614440917969e-01
8.551144885511449134e-01,1.272559165954589844e-02
8.534146585341465530e-01,1.566484284400939941e+01
7.482776641845703125e-01,2.662897109985351562e-03
7.468760217415489899e-01,4.250049591064453125e-03
8.566772277353571496e-01,4.021406173706054688e-03
2.253774622537746131e-01,3.467490673065185547e-01
2.476752324767523272e-01,1.275634765625000000e-02
3.086691330866913052e-01,1.644628834724426270e+01
2.517223358154296875e-01,1.789093017578125000e-03
2.711040190870728783e-01,4.086971282958984375e-03
2.958328850839017088e-01,4.008054733276367188e-03
5.236476352364763942e-01,3.492839336395263672e-01
5.376462353764623892e-01,1.229810714721679688e-02
5.622437756224377692e-01,1.741751217842102051e+01
5.880985260009765625e-01,2.696275711059570312e-03
5.809513877331453635e-01,4.281997680664062500e-03
5.622688872756669287e-01,4.047155380249023438e-03
8.674132586741325479e-01,3.487808704376220703e-01
8.661133886611338539e-01,1.276588439941406250e-02
7.671232876712328341e-01,1.637294435501098633e+01
7.482776641845703125e-01,1.788854598999023438e-03
7.841445413766736650e-01,4.089117050170898438e-03
8.339601034647859956e-01,4.001617431640625000e-03
9.964003599640035569e-01,5.182106494903564453e-01
9.963003699630037513e-01,2.026581764221191406e-02
9.947005299470053075e-01,1.606252050399780273e+01
8.684120178222656250e-01,2.664327621459960938e-03
9.945293912442968454e-01,4.258155822753906250e-03
9.986896321995853976e-01,4.029273986816406250e-03
7.200279972002799900e-01,3.650548458099365234e-01
7.185281471852814628e-01,2.080678939819335938e-02
6.290370962903709673e-01,1.597309899330139160e+01
8.684120178222656250e-01,1.791954040527343750e-03
6.984007010506291246e-01,4.075050354003906250e-03
7.541109261712692913e-01,4.019021987915039062e-03
7.259274072592740712e-01,3.490922451019287109e-01
7.132286771322867702e-01,1.228880882263183594e-02
7.142285771422858254e-01,1.628622865676879883e+01
2.517223358154296875e-01,1.745700836181640625e-03
7.463408007672756028e-01,4.080057144165039062e-03
7.066834009790725624e-01,4.007816314697265625e-03
3.020697930206979187e-01,3.478951454162597656e-01
3.197680231976802179e-01,1.224708557128906250e-02
3.655634436556344236e-01,1.592258286476135254e+01
1.315879821777343750e-01,1.748561859130859375e-03
3.766072120433150983e-01,4.084587097167968750e-03
3.217260280910749226e-01,3.992557525634765625e-03
8.579142085791421346e-01,3.471148014068603516e-01
8.675132486751324645e-01,1.222372055053710938e-02
5.616438356164383805e-01,1.527135515213012695e+01
7.482776641845703125e-01,2.677202224731445312e-03
7.968814870105112025e-01,4.266500473022460938e-03
8.677139852395240327e-01,4.020452499389648438e-03
8.737126287371262956e-01,4.137451648712158203e-01
8.651134886511349098e-01,1.276516914367675781e-02
9.564043595640435713e-01,1.504259228706359863e+01
8.684120178222656250e-01,1.768112182617187500e-03
8.264976745034648964e-01,4.084110260009765625e-03
8.700143456935376385e-01,3.982543945312500000e-03
6.709329067093290633e-02,3.468875885009765625e-01
6.729327067293271181e-02,1.227712631225585938e-02
5.239476052394760608e-02,1.589147758483886719e+01
2.069473266601562500e-02,1.767158508300781250e-03
5.179891222918061450e-02,4.101276397705078125e-03
4.770055202186980481e-02,4.023075103759765625e-03
4.679532046795320532e-01,4.074177742004394531e-01
4.865513448655134354e-01,1.242780685424804688e-02
4.860513948605139634e-01,1.595430445671081543e+01
2.517223358154296875e-01,1.753091812133789062e-03
4.862207750402267048e-01,4.077434539794921875e-03
3.808439691095868440e-01,3.991127014160156250e-03
5.133486651334866480e-01,3.471860885620117188e-01
5.034496550344965682e-01,1.220822334289550781e-02
3.814618538146185567e-01,1.532824707031250000e+01
1.315879821777343750e-01,2.650260925292968750e-03
5.084892674477391461e-01,1.231241226196289062e-02
5.392127303869544974e-01,4.032373428344726562e-03
9.940005999400060022e-01,6.623885631561279297e-01
9.921007899210079195e-01,2.878499031066894531e-02
9.900009999000100036e-01,1.584118080139160156e+01
9.423408508300781250e-01,9.806394577026367188e-03
8.768267297490337508e-01,4.104614257812500000e-03
9.953900525408146960e-01,4.011869430541992188e-03
4.885511448855114347e-01,3.733806610107421875e-01
4.874512548745125740e-01,1.227593421936035156e-02
5.729427057294270709e-01,1.656057143211364746e+01
4.119014739990234375e-01,1.754999160766601562e-03
4.529884025331959996e-01,4.070281982421875000e-03
4.548801070328856166e-01,4.036188125610351562e-03
7.997200279972003223e-01,3.488731384277343750e-01
8.006199380061993498e-01,1.227045059204101562e-02
6.226377362263774140e-01,1.554765391349792480e+01
2.517223358154296875e-01,1.884698867797851562e-03
7.509792773190679949e-01,4.157304763793945312e-03
8.529183114718630332e-01,4.043340682983398438e-03
4.944505549445055714e-01,3.513505458831787109e-01
5.089491050894910940e-01,3.060936927795410156e-02
4.579542045795420568e-01,1.700003051757812500e+01
4.119014739990234375e-01,2.753257751464843750e-03
5.167854672078262546e-01,4.319906234741210938e-03
4.675857817310442033e-01,4.081249237060546875e-03
8.102189781021897907e-01,3.493607044219970703e-01
8.012198780121987385e-01,1.281285285949707031e-02
6.636336366363363437e-01,1.568137335777282715e+01
8.684120178222656250e-01,2.695560455322265625e-03
8.221290518392709856e-01,4.295110702514648438e-03
7.977039076189623712e-01,4.066944122314453125e-03
9.839016098390160892e-01,3.484165668487548828e-01
9.805019498050194793e-01,1.276206970214843750e-02
9.742025797420258426e-01,1.600019288063049316e+01
9.423408508300781250e-01,2.670526504516601562e-03
9.948713519331792154e-01,4.279375076293945312e-03
9.939480671644959076e-01,4.046678543090820312e-03
7.974202579742025732e-01,3.481721878051757812e-01
7.828217178282171895e-01,1.277422904968261719e-02
8.235176482351764804e-01,1.554859805107116699e+01
9.940910339355468750e-01,2.699613571166992188e-03
7.925207910602781736e-01,4.279136657714843750e-03
8.188301250945133614e-01,4.023790359497070312e-03
4.397560243975602301e-01,3.593337535858154297e-01
4.537546245375462250e-01,1.275992393493652344e-02
5.038496150384961236e-01,1.746937084197998047e+01
2.517223358154296875e-01,1.780748367309570312e-03
5.127884616728664025e-01,4.067420959472656250e-03
4.454746372883787164e-01,4.008293151855468750e-03
8.033196680331966544e-01,5.347676277160644531e-01
7.989201079892011004e-01,2.030754089355468750e-02
6.474352564743525162e-01,1.648625397682189941e+01
4.119014739990234375e-01,1.760244369506835938e-03
7.493960669148509446e-01,4.083871841430664062e-03
8.179006712061600570e-01,4.001379013061523438e-03
4.743525647435256620e-01,3.506429195404052734e-01
4.859514048595140467e-01,1.224374771118164062e-02
2.832716728327167033e-01,1.576183223724365234e+01
2.517223358154296875e-01,2.665758132934570312e-03
4.918623672479436881e-01,4.291534423828125000e-03
4.798649354837840608e-01,4.024267196655273438e-03
1.055894410558944063e-01,3.485171794891357422e-01
1.116888311168883069e-01,1.273536682128906250e-02
5.659434056594340318e-02,1.575404024124145508e+01
5.765914916992187500e-02,1.768827438354492188e-03
1.203833658110303184e-01,4.081249237060546875e-03
1.118285405870377835e-01,3.995418548583984375e-03
1.224877512248775113e-01,3.470454216003417969e-01
1.385861413858614222e-01,1.226830482482910156e-02
1.371862813718628116e-01,1.601125264167785645e+01
4.119014739990234375e-01,1.770019531250000000e-03
1.642105091875659673e-01,4.081249237060546875e-03
1.475974114169361084e-01,4.013776779174804688e-03
8.615138486151384667e-01,5.133976936340332031e-01
8.598140185981402173e-01,1.226687431335449219e-02
8.545145485451455247e-01,1.623118185997009277e+01
8.684120178222656250e-01,1.808643341064453125e-03
7.937019796350490708e-01,4.054546356201171875e-03
8.802409848450549745e-01,3.995180130004882812e-03
8.929107089291070387e-02,4.183585643768310547e-01
1.007899210078992136e-01,2.811050415039062500e-02
1.386861313868613110e-01,1.614821600914001465e+01
5.765914916992187500e-02,2.622604370117187500e-03
1.101182660269312552e-01,4.231929779052734375e-03
6.909978858547061176e-02,4.041671752929687500e-03
9.629037096290370412e-01,3.479335308074951172e-01
9.640035996400360130e-01,1.272273063659667969e-02
9.274072592740726373e-01,1.581690526008605957e+01
8.684120178222656250e-01,1.791238784790039062e-03
9.608874166293377428e-01,4.090309143066406250e-03
9.780286689851838133e-01,3.993511199951171875e-03
2.959704029597040043e-01,3.480365276336669922e-01
3.282671732826717426e-01,1.229333877563476562e-02
1.733826617338266041e-01,1.699984550476074219e+01
2.517223358154296875e-01,1.864194869995117188e-03
2.817731331344290879e-01,4.159212112426757812e-03
3.685330411027978315e-01,4.052877426147460938e-03
1.445855414458554200e-01,3.496170043945312500e-01
1.532846715328467224e-01,2.697253227233886719e-02
3.950604939506049407e-01,1.620477175712585449e+01
4.119014739990234375e-01,2.656698226928710938e-03
2.070426307502035712e-01,1.621317863464355469e-02
1.788572969780646837e-01,4.045724868774414062e-03
8.702129787021297691e-01,3.697555065155029297e-01
8.683131686831316864e-01,1.280832290649414062e-02
8.550144985501449968e-01,1.614472484588623047e+01
2.517223358154296875e-01,2.675533294677734375e-03
8.444183261118711759e-01,4.252910614013671875e-03
9.113652726892658151e-01,4.023790359497070312e-03
7.269273072692731263e-01,6.052107810974121094e-01
7.235276472352765165e-01,2.070903778076171875e-02
7.420257974202579820e-01,1.602552747726440430e+01
9.423408508300781250e-01,2.675771713256835938e-03
6.983195298598222633e-01,4.270553588867187500e-03
6.829923277826551731e-01,4.032135009765625000e-03
8.543145685431456915e-01,3.489675521850585938e-01
8.407159284071592520e-01,1.277494430541992188e-02
7.617238276172382250e-01,1.588807010650634766e+01
5.880985260009765625e-01,1.773834228515625000e-03
7.067349730500640526e-01,4.137516021728515625e-03
8.309156916440416651e-01,4.029989242553710938e-03
7.828217178282171895e-01,3.478698730468750000e-01
7.927207279272072693e-01,1.229834556579589844e-02
8.545145485451455247e-01,1.668363904953002930e+01
7.482776641845703125e-01,2.704858779907226562e-03
6.785292300040747238e-01,4.264354705810546875e-03
7.814940306472624165e-01,4.064321517944335938e-03
8.012198780121987385e-01,3.551900386810302734e-01
7.830216978302170228e-01,1.305651664733886719e-02
7.695230476952304999e-01,1.832510757446289062e+01
4.119014739990234375e-01,2.026319503784179688e-03
8.003417969076009886e-01,4.687786102294921875e-03
8.702693470993553282e-01,4.598855972290039062e-03
9.605039496050394865e-01,3.874273300170898438e-01
9.599040095990400978e-01,1.658415794372558594e-02
8.327167283271672549e-01,1.623247408866882324e+01
5.880985260009765625e-01,1.754283905029296875e-03
9.524820536118464576e-01,4.097938537597656250e-03
9.719151644268226864e-01,4.018306732177734375e-03
7.525247475252474505e-01,3.506183624267578125e-01
7.588241175882411982e-01,1.227092742919921875e-02
7.970202979702030177e-01,1.647054147720336914e+01
8.684120178222656250e-01,1.783370971679687500e-03
6.975837209032929032e-01,4.067420959472656250e-03
7.363377100939846320e-01,3.993749618530273438e-03
2.486751324867513269e-01,3.478641510009765625e-01
2.659734026597340151e-01,1.222515106201171875e-02
4.474552544745525329e-01,1.551775097846984863e+01
2.517223358154296875e-01,2.672433853149414062e-03
3.104375440104355510e-01,4.267454147338867188e-03
2.277886465749336953e-01,4.041433334350585938e-03
6.589341065893410399e-01,3.502421379089355469e-01
6.652334766523347875e-01,1.274371147155761719e-02
7.413258674132586767e-01,1.686164760589599609e+01
2.517223358154296875e-01,1.767396926879882812e-03
6.658623847329048218e-01,4.062891006469726562e-03
6.785845798278897778e-01,4.020690917968750000e-03
8.518148185181482202e-01,3.465552330017089844e-01
8.402159784021597799e-01,1.223564147949218750e-02
8.955104489551044544e-01,1.574916148185729980e+01
7.482776641845703125e-01,1.713037490844726562e-03
8.855244466388716429e-01,4.076242446899414062e-03
8.170823776049764842e-01,3.999471664428710938e-03
6.975302469753024148e-01,3.466937541961669922e-01
6.925307469253074721e-01,1.222276687622070312e-02
7.851214878512148276e-01,1.661264538764953613e+01
1.315879821777343750e-01,1.749277114868164062e-03
6.438413432702934092e-01,4.098653793334960938e-03
6.911949229004616946e-01,4.012584686279296875e-03
9.202079792020797511e-01,3.460640907287597656e-01
9.153084691530847250e-01,1.216101646423339844e-02
8.973102689731027315e-01,1.731601190567016602e+01
4.119014739990234375e-01,2.662420272827148438e-03
9.314040303695237943e-01,4.258871078491210938e-03
9.022032548588296841e-01,4.038333892822265625e-03
1.118888111188881124e-01,3.485624790191650391e-01
1.207879212078792064e-01,1.263380050659179688e-02
1.240875912408759135e-01,1.799626970291137695e+01
4.119014739990234375e-01,9.957075119018554688e-03
2.365057385116309807e-01,4.152059555053710938e-03
1.221839090344928880e-01,4.053592681884765625e-03
3.430656934306569594e-01,5.807597637176513672e-01
3.311668833116688249e-01,1.249980926513671875e-02
4.996500349965003474e-01,1.782906723022460938e+01
1.315879821777343750e-01,1.865148544311523438e-03
3.036112470309320077e-01,4.123687744140625000e-03
3.856776592224705480e-01,4.048585891723632812e-03
5.426457354264573318e-01,5.412549972534179688e-01
5.317468253174683079e-01,1.245188713073730469e-02
6.773322667733226998e-01,1.759522676467895508e+01
2.517223358154296875e-01,2.586126327514648438e-03
5.730946993923528021e-01,4.249572753906250000e-03
5.100769750422146087e-01,1.203703880310058594e-02
3.055694430556944452e-01,4.685881137847900391e-01
3.250674932506749104e-01,1.258134841918945312e-02
3.804619538046195570e-01,1.865074419975280762e+01
5.908966064453125000e-03,2.593994140625000000e-03
3.205053151052149607e-01,4.243135452270507812e-03
3.755582801695278583e-01,4.027605056762695312e-03
1.397860213978602273e-01,4.841687679290771484e-01
1.639836016398360241e-01,1.284623146057128906e-02
2.252774722527747242e-01,1.823706603050231934e+01
1.288414001464843750e-03,1.727581024169921875e-03
1.148413485304090598e-01,1.201581954956054688e-02
1.417289559363726359e-01,4.003763198852539062e-03
1.281871812818718148e-01,6.342902183532714844e-01
1.373862613738626171e-01,2.812123298645019531e-02
1.013898610138986162e-01,1.959510707855224609e+01
1.315879821777343750e-01,2.611398696899414062e-03
1.511588050575896625e-01,1.216936111450195312e-02
1.334046251203547251e-01,4.039525985717773438e-03
9.179082091790821130e-01,5.806686878204345703e-01
9.132086791320868091e-01,1.274991035461425781e-02
9.244075592440755829e-01,1.817294049263000488e+01
8.684120178222656250e-01,1.740694046020507812e-03
8.103901967072149048e-01,4.059314727783203125e-03
9.171018870081233398e-01,3.990173339843750000e-03
2.699730026997300240e-03,3.621988296508789062e-01
2.799720027997200378e-03,2.013826370239257812e-02
1.389861013898610088e-02,1.766579055786132812e+01
5.908966064453125000e-03,2.620220184326171875e-03
8.695286065026067851e-03,4.254817962646484375e-03
3.106214108977841445e-03,3.982782363891601562e-03
4.389561043895610221e-02,3.954515457153320312e-01
4.469553044695530331e-02,2.055835723876953125e-02
5.369463053694630700e-02,1.607282352447509766e+01
1.315879821777343750e-01,1.758575439453125000e-03
6.861337961356307746e-02,4.073619842529296875e-03
6.457983689935739569e-02,4.017353057861328125e-03
4.541545845415458360e-01,3.481781482696533203e-01
4.507549245075492261e-01,1.207613945007324219e-02
7.150284971502849363e-01,1.591975140571594238e+01
9.423408508300781250e-01,1.737356185913085938e-03
4.742553407139804555e-01,4.054546356201171875e-03
4.954252921228822770e-01,3.995180130004882812e-03
4.698530146985301359e-01,3.472003936767578125e-01
4.766523347665233556e-01,1.206922531127929688e-02
4.090590940905909356e-01,1.542772388458251953e+01
2.069473266601562500e-02,1.725435256958007812e-03
4.162777949714600023e-01,4.022359848022460938e-03
4.041266349876305175e-01,4.010677337646484375e-03
2.820717928207179259e-01,5.169844627380371094e-01
2.803719628037196210e-01,1.207208633422851562e-02
2.606739326067393225e-01,1.625272822380065918e+01
1.315879821777343750e-01,2.689599990844726562e-03
3.053177977870009663e-01,4.236459732055664062e-03
2.080592274551098519e-01,4.045248031616210938e-03
4.296570342965703171e-01,3.950951099395751953e-01
4.300569943005699280e-01,1.275539398193359375e-02
5.363463653634636952e-01,1.559080934524536133e+01
1.315879821777343750e-01,1.755475997924804688e-03
4.556614831766189200e-01,4.088640213012695312e-03
3.027569859786589657e-01,3.986120223999023438e-03
9.269073092690731375e-02,3.471822738647460938e-01
9.669033096690331230e-02,1.215171813964843750e-02
8.459154084591541389e-02,1.557329535484313965e+01
2.012252807617187500e-04,1.738309860229492188e-03
1.366741744837274841e-01,4.050016403198242188e-03
9.640830626491908584e-02,4.003524780273437500e-03
8.193180681931806486e-01,3.506774902343750000e-01
8.038196180381961264e-01,1.220750808715820312e-02
6.788321167883211160e-01,1.599174046516418457e+01
2.517223358154296875e-01,1.747608184814453125e-03
7.975955890166861462e-01,4.058361053466796875e-03
7.515840125151349582e-01,4.006385803222656250e-03
2.378762123787621363e-01,3.480193614959716797e-01
2.373762623737626365e-01,1.211786270141601562e-02
3.546645335466453441e-01,1.541808319091796875e+01
1.315879821777343750e-01,2.634763717651367188e-03
3.125548824948346516e-01,4.233360290527343750e-03
2.493267468679497001e-01,4.044771194458007812e-03
3.876612338766123322e-01,3.477716445922851562e-01
3.970602939706029400e-01,1.261639595031738281e-02
3.440655934406559591e-01,1.565793752670288086e+01
2.517223358154296875e-01,2.216577529907226562e-03
3.516098433636963838e-01,5.615711212158203125e-03
3.862782357074873718e-01,5.517005920410156250e-03
6.833316668333166977e-01,6.289579868316650391e-01
6.936306369363063329e-01,1.627039909362792969e-02
6.711328867113288688e-01,1.682221364974975586e+01
1.315879821777343750e-01,2.170562744140625000e-03
6.760110011826095944e-01,5.545616149902343750e-03
7.313053539666936054e-01,5.470752716064453125e-03
4.160583941605839331e-01,5.489869117736816406e-01
4.225577442255774585e-01,1.676821708679199219e-02
2.187781221877812265e-01,1.606738734245300293e+01
4.119014739990234375e-01,2.588987350463867188e-03
4.484673798577625270e-01,4.242658615112304688e-03
4.134013325324519261e-01,4.009962081909179688e-03
8.953104689531047322e-01,3.477752208709716797e-01
8.877112288771122905e-01,1.262784004211425781e-02
8.375162483751624753e-01,1.616673946380615234e+01
8.684120178222656250e-01,1.723289489746093750e-03
8.642773028608035091e-01,4.137754440307617188e-03
9.168962302197302128e-01,3.997564315795898438e-03
9.456054394560543530e-01,3.783068656921386719e-01
9.460053994600540195e-01,1.215648651123046875e-02
9.290070992900709701e-01,1.600367236137390137e+01
7.482776641845703125e-01,1.715660095214843750e-03
9.616514656933243810e-01,4.050493240356445312e-03
9.685530533250032992e-01,4.020452499389648438e-03
7.702229777022298052e-01,3.584301471710205078e-01
7.760223977602239698e-01,1.223468780517578125e-02
7.799220077992200517e-01,1.503193688392639160e+01
4.119014739990234375e-01,1.746177673339843750e-03
7.214791441231183100e-01,4.061698913574218750e-03
7.554326522725711701e-01,4.002094268798828125e-03
3.652634736526347292e-01,3.479881286621093750e-01
3.657634236576342568e-01,1.219916343688964844e-02
3.497650234976502626e-01,1.541306662559509277e+01
4.119014739990234375e-01,2.573966979980468750e-03
3.460828478313223711e-01,4.220485687255859375e-03
3.964015999564237114e-01,4.042863845825195312e-03
1.679832016798320227e-01,3.484413623809814453e-01
1.745825417458254092e-01,1.258325576782226562e-02
9.219078092190781393e-02,1.681362223625183105e+01
2.517223358154296875e-01,1.726388931274414062e-03
2.359343794900755631e-01,1.193261146545410156e-02
1.493567950599446470e-01,3.991842269897460938e-03
9.139086091390861144e-01,3.790652751922607422e-01
9.090090990900909773e-01,1.212501525878906250e-02
8.880111988801120404e-01,1.546791172027587891e+01
4.119014739990234375e-01,1.760005950927734375e-03
8.765328074796523428e-01,4.085779190063476562e-03
9.155305807393221418e-01,3.985881805419921875e-03
2.253774622537746131e-01,3.475775718688964844e-01
2.356764323567643316e-01,1.218771934509277344e-02
1.966803319668033179e-01,1.618143200874328613e+01
5.765914916992187500e-02,1.729965209960937500e-03
2.418226691263783978e-01,4.080533981323242188e-03
2.563052683588564751e-01,3.991127014160156250e-03
8.214178582141785645e-01,3.574688434600830078e-01
8.084191580841916247e-01,1.213836669921875000e-02
7.695230476952304999e-01,1.651338410377502441e+01
8.684120178222656250e-01,2.614498138427734375e-03
7.159638845741210789e-01,4.242420196533203125e-03
8.284368349331616699e-01,4.025459289550781250e-03
3.155684431556844416e-01,5.056388378143310547e-01
3.191680831916808292e-01,1.263833045959472656e-02
5.424457554244576096e-01,1.595580649375915527e+01
1.315879821777343750e-01,1.746892929077148438e-03
4.220075944178840466e-01,4.016399383544921875e-03
2.550185100452171394e-01,3.985166549682617188e-03
6.422357764223577403e-01,3.456602096557617188e-01
6.423357664233576569e-01,1.213359832763671875e-02
6.753324667533247005e-01,1.541426610946655273e+01
1.315879821777343750e-01,1.733779907226562500e-03
5.989040209850040597e-01,4.075288772583007812e-03
7.009602843050017906e-01,4.002332687377929688e-03
2.634736526347365437e-01,3.896567821502685547e-01
2.600739926007399339e-01,1.238346099853515625e-02
1.360863913608639231e-01,1.605043482780456543e+01
2.517223358154296875e-01,1.742839813232421875e-03
2.770325562885469495e-01,4.092454910278320312e-03
2.888177502226370041e-01,4.012107849121093750e-03
6.783321667833216440e-01,3.483479022979736328e-01
6.745325467453254786e-01,1.212835311889648438e-02
8.339166083391660322e-01,1.619918298721313477e+01
5.765914916992187500e-02,2.642393112182617188e-03
6.058594625529416522e-01,4.271984100341796875e-03
7.126766497845831161e-01,4.020929336547851562e-03
9.061093890610938395e-01,3.785483837127685547e-01
9.008099190080991470e-01,1.293110847473144531e-02
8.249175082491750910e-01,1.537944293022155762e+01
5.880985260009765625e-01,1.966714859008789062e-03
8.535778783156408034e-01,4.102468490600585938e-03
9.239849316848273153e-01,3.999710083007812500e-03
8.513148685131486371e-01,3.492054939270019531e-01
8.529147085291470809e-01,1.218914985656738281e-02
9.381061893810619390e-01,1.606051349639892578e+01
9.423408508300781250e-01,1.760244369506835938e-03
7.879863097092558721e-01,4.084825515747070312e-03
8.946922915011846777e-01,3.992319107055664062e-03
8.649135086491350766e-01,4.219105243682861328e-01
8.473152684731526385e-01,1.439285278320312500e-02
8.531146885311469141e-01,1.611340379714965820e+01
4.119014739990234375e-01,1.767635345458984375e-03
8.008738815350520124e-01,4.067420959472656250e-03
8.729781877110813770e-01,4.024267196655273438e-03
8.085191480851914303e-01,3.484086990356445312e-01
8.086191380861913469e-01,1.220679283142089844e-02
8.829117088291170701e-01,1.526191163063049316e+01
4.119014739990234375e-01,2.773284912109375000e-03
7.137100205849780110e-01,4.258155822753906250e-03
7.455758091287730815e-01,4.065513610839843750e-03
3.122687731226877483e-01,3.517260551452636719e-01
3.138686131386861367e-01,1.271748542785644531e-02
2.226777322267773085e-01,1.552237081527709961e+01
5.880985260009765625e-01,2.618312835693359375e-03
3.781534479684054983e-01,4.256486892700195312e-03
3.217461301632636994e-01,4.099845886230468750e-03
3.175682431756824409e-01,3.504509925842285156e-01
3.220677932206779115e-01,1.274013519287109375e-02
3.326667333266673521e-01,1.608583784103393555e+01
4.119014739990234375e-01,2.661466598510742188e-03
3.871181984416386945e-01,1.215267181396484375e-02
4.040123345027561430e-01,4.031658172607421875e-03
3.479652034796520271e-02,6.492156982421875000e-01
3.899610038996100675e-02,1.276826858520507812e-02
5.509449055094490372e-02,1.576482605934143066e+01
2.517223358154296875e-01,1.791477203369140625e-03
6.060048919950428159e-02,4.081726074218750000e-03
3.347562963981386142e-02,4.013061523437500000e-03
1.754824517548245200e-01,3.499376773834228516e-01
1.735826417358264095e-01,1.225256919860839844e-02
1.978802119788021230e-01,1.574992990493774414e+01
1.315879821777343750e-01,2.647638320922851562e-03
1.462105989040478060e-01,4.247188568115234375e-03
2.117843259751209795e-01,4.010200500488281250e-03
9.116088391160883653e-01,3.477404117584228516e-01
9.023097690230976742e-01,1.270985603332519531e-02
9.466053394660534082e-01,1.655729198455810547e+01
5.880985260009765625e-01,1.768827438354492188e-03
8.942738454422909378e-01,4.061698913574218750e-03
9.529840195676441139e-01,4.025459289550781250e-03
6.310368963103689666e-01,3.982882499694824219e-01
6.270372962703729680e-01,1.231670379638671875e-02
7.937206279372063245e-01,1.562747454643249512e+01
4.119014739990234375e-01,1.756668090820312500e-03
5.974738432375901187e-01,4.078149795532226562e-03
6.256707964720851223e-01,4.054307937622070312e-03
7.339266073392661238e-02,3.475403785705566406e-01
7.319268073192680690e-02,1.219439506530761719e-02
1.875812418758124323e-01,1.672722530364990234e+01
7.482776641845703125e-01,1.752853393554687500e-03
1.359151989316554343e-01,4.120588302612304688e-03
4.886269295790798134e-02,3.990888595581054688e-03
5.903409659034096757e-01,3.654553890228271484e-01
5.909409059094090644e-01,1.242423057556152344e-02
5.331466853314668075e-01,1.602351546287536621e+01
2.069473266601562500e-02,2.682685852050781250e-03
5.420139421347286435e-01,4.243612289428710938e-03
6.261220089584024207e-01,4.034996032714843750e-03
4.535546445355464473e-01,3.481264114379882812e-01
4.672532746725327479e-01,1.275634765625000000e-02
4.798520147985201323e-01,1.613589739799499512e+01
1.315879821777343750e-01,1.760959625244140625e-03
4.706379177314503059e-01,4.080057144165039062e-03
4.702366197902407285e-01,3.992319107055664062e-03
3.728627137286271154e-01,3.494513034820556641e-01
3.708629137086291161e-01,1.246047019958496094e-02
2.849715028497150082e-01,1.690769457817077637e+01
1.315879821777343750e-01,1.754283905029296875e-03
4.547748657861052091e-01,4.085779190063476562e-03
3.196547768625353503e-01,4.010677337646484375e-03
7.580241975802419763e-01,3.491034507751464844e-01
7.400259974002599828e-01,1.240897178649902344e-02
7.623237676232377247e-01,1.611570715904235840e+01
7.482776641845703125e-01,1.765012741088867188e-03
7.581531933808256518e-01,4.077911376953125000e-03
7.635756632250598752e-01,3.985881805419921875e-03
3.447655234476552089e-01,3.469521999359130859e-01
3.644635536446355628e-01,1.222848892211914062e-02
6.242375762423757468e-01,1.586004972457885742e+01
1.315879821777343750e-01,2.691745758056640625e-03
4.184602540170163087e-01,4.247665405273437500e-03
2.707061481448893026e-01,4.030466079711914062e-03
1.043895610438956151e-01,3.490421772003173828e-01
1.054894510548945175e-01,1.270198822021484375e-02
9.099090090990900881e-02,1.593140816688537598e+01
2.517223358154296875e-01,1.749038696289062500e-03
1.105732660889971464e-01,4.048347473144531250e-03
9.851652139755356918e-02,3.982543945312500000e-03
4.462553744625537555e-01,3.479363918304443359e-01
4.625537446255374441e-01,1.216125488281250000e-02
3.449655034496550421e-01,1.596752142906188965e+01
7.482776641845703125e-01,1.731157302856445312e-03
4.813994262536878121e-01,4.067182540893554688e-03
4.557309383082283616e-01,4.002571105957031250e-03
4.838516148385161308e-01,3.464493751525878906e-01
4.848515148485151305e-01,1.206445693969726562e-02
3.775622437756224192e-01,1.504111790657043457e+01
5.765914916992187500e-02,1.733303070068359375e-03
4.594954638183617046e-01,4.075765609741210938e-03
5.744208177649395841e-01,4.004001617431640625e-03
1.982801719828017062e-01,3.506121635437011719e-01
2.094790520947905077e-01,1.210021972656250000e-02
1.463853614638536138e-01,1.545429754257202148e+01
1.315879821777343750e-01,2.645730972290039062e-03
3.174387621351624222e-01,4.264354705810546875e-03
2.135843470364441332e-01,4.029512405395507812e-03
3.327667233276672132e-01,3.782954216003417969e-01
3.451654834516548198e-01,1.261377334594726562e-02
2.463753624637536332e-01,1.573914790153503418e+01
5.765914916992187500e-02,1.741409301757812500e-03
3.681473485206219753e-01,1.208567619323730469e-02
3.380586129972199538e-01,4.028081893920898438e-03
4.644535546445355267e-01,5.743982791900634766e-01
4.491550844915508378e-01,1.210021972656250000e-02
5.670432956704329897e-01,1.711507201194763184e+01
9.793052673339843750e-01,1.729011535644531250e-03
4.906873219449213730e-01,4.056692123413085938e-03
4.328523428573819443e-01,3.995418548583984375e-03
1.774822517748225192e-01,6.426336765289306641e-01
1.861813818618138217e-01,2.770090103149414062e-02
2.460753924607539112e-01,1.698970842361450195e+01
1.315879821777343750e-01,1.687049865722656250e-03
1.880875607547961015e-01,4.060983657836914062e-03
2.175955364585910878e-01,3.978729248046875000e-03
3.149685031496850252e-02,3.462369441986083984e-01
3.459654034596540417e-02,1.205825805664062500e-02
4.789521047895210770e-02,1.623358082771301270e+01
2.517223358154296875e-01,2.597332000732421875e-03
3.831837373919060041e-02,4.231929779052734375e-03
4.163360055592586068e-02,4.009723663330078125e-03
8.334166583341665602e-01,3.467693328857421875e-01
8.407159284071592520e-01,1.258897781372070312e-02
8.640135986401359380e-01,1.630223655700683594e+01
4.119014739990234375e-01,2.153635025024414062e-03
7.398275889587248022e-01,4.789829254150390625e-03
8.315614895849244848e-01,4.969120025634765625e-03
9.030096990300969795e-01,4.121093750000000000e-01
8.933106689331067329e-01,1.725435256958007812e-02
8.533146685331466363e-01,1.629277110099792480e+01
9.793052673339843750e-01,1.747846603393554688e-03
8.751051457976684045e-01,4.043579101562500000e-03
9.006061497953710138e-01,4.013776779174804688e-03
7.048295170482952177e-01,3.486955165863037109e-01
6.930306969303069442e-01,1.212215423583984375e-02
6.423357664233576569e-01,1.672735476493835449e+01
8.684120178222656250e-01,1.708745956420898438e-03
5.745006391553750813e-01,4.063606262207031250e-03
6.103086964191024588e-01,3.983259201049804688e-03
8.465153484651535276e-01,3.498747348785400391e-01
8.373162683731626421e-01,1.211643218994140625e-02
7.616238376162384194e-01,1.580507516860961914e+01
9.423408508300781250e-01,2.645015716552734375e-03
7.241176308316825683e-01,4.232406616210937500e-03
8.631016457301992073e-01,4.021167755126953125e-03
9.657034296570342624e-01,3.471949100494384766e-01
9.658034196580341790e-01,1.259827613830566406e-02
9.781021897810219246e-01,1.572342491149902344e+01
5.880985260009765625e-01,1.730203628540039062e-03
9.549381465626153309e-01,4.079341888427734375e-03
9.795687260921810413e-01,3.996372222900390625e-03
4.109589041095890183e-02,3.466801643371582031e-01
5.029497050294970406e-02,1.210379600524902344e-02
3.249675032496750215e-02,1.519374823570251465e+01
5.765914916992187500e-02,1.713037490844726562e-03
5.894726446591450758e-02,4.083156585693359375e-03
5.332512157902009886e-02,4.010915756225585938e-03
9.410058994100589658e-01,3.649079799652099609e-01
9.390060993900609665e-01,1.210641860961914062e-02
9.744025597440255648e-01,1.580311059951782227e+01
7.482776641845703125e-01,1.844644546508789062e-03
8.079420450566383582e-01,4.096031188964843750e-03
9.281879355758128058e-01,4.009008407592773438e-03
1.779822017798220191e-02,3.561894893646240234e-01
1.579842015798420263e-02,1.243877410888671875e-02
3.959604039596040237e-02,1.498167824745178223e+01
2.069473266601562500e-02,2.677917480468750000e-03
2.255842997819857559e-02,4.259824752807617188e-03
9.585943997537919870e-03,4.025936126708984375e-03
3.301669833016698252e-01,3.704671859741210938e-01
3.384661533846615167e-01,1.264500617980957031e-02
4.010598940105989385e-01,1.576641893386840820e+01
1.315879821777343750e-01,1.730918884277343750e-03
3.810090831921854049e-01,4.072189331054687500e-03
3.648851225678196308e-01,4.037618637084960938e-03
1.100889911008899047e-01,3.639423847198486328e-01
1.053894610538946147e-01,1.443290710449218750e-02
2.689731026897310140e-02,1.714784121513366699e+01
5.765914916992187500e-02,1.726150512695312500e-03
1.776545558944942482e-01,1.206493377685546875e-02
9.677368204101688409e-02,4.008769989013671875e-03
3.655634436556344236e-01,4.153063297271728516e-01
3.852614738526147220e-01,1.212525367736816406e-02
4.610538946105389724e-01,1.575852727890014648e+01
1.315879821777343750e-01,1.712322235107421875e-03
4.437448418237814884e-01,4.083871841430664062e-03
3.718517182323086701e-01,4.007816314697265625e-03
8.299170082991701169e-02,3.507213592529296875e-01
8.729127087291270459e-02,1.208710670471191406e-02
1.545845415458454164e-01,1.432698869705200195e+01
2.517223358154296875e-01,2.597332000732421875e-03
1.993489042436418224e-01,4.235744476318359375e-03
4.384537725139211334e-02,3.998279571533203125e-03
3.399660033996600439e-01,4.128146171569824219e-01
3.508649135086491233e-01,1.260423660278320312e-02
2.739726027397260122e-01,1.543638992309570312e+01
1.315879821777343750e-01,2.609491348266601562e-03
3.604832940659637441e-01,4.256248474121093750e-03
3.307839842558181198e-01,4.005670547485351562e-03
1.322867713228677022e-01,3.539979457855224609e-01
1.250874912508748993e-01,1.256728172302246094e-02
1.582841715828417206e-01,1.633060979843139648e+01
7.482776641845703125e-01,3.181457519531250000e-03
2.053024306948237898e-01,5.801200866699218750e-03
1.575950571976004744e-01,5.537033081054687500e-03
4.638536146385361381e-01,3.864417076110839844e-01
4.621537846215378331e-01,1.259970664978027344e-02
5.262473752624737822e-01,1.551462602615356445e+01
5.880985260009765625e-01,1.714706420898437500e-03
4.384507625910574746e-01,4.081010818481445312e-03
4.704458719993341309e-01,3.995656967163085938e-03
2.374762523747625254e-01,3.484206199645996094e-01
2.337766223377662211e-01,1.216197013854980469e-02
2.080791920807919249e-01,1.671960282325744629e+01
2.517223358154296875e-01,1.063632965087890625e-02
2.577095122136484617e-01,4.244327545166015625e-03
1.931535760436943749e-01,1.204085350036621094e-02
5.532446755324467169e-01,3.458542823791503906e-01
5.637436256374362964e-01,1.258039474487304688e-02
4.399560043995600633e-01,1.545782876014709473e+01
2.517223358154296875e-01,1.724958419799804688e-03
5.424608543211006939e-01,4.051446914672851562e-03
5.669651210471243763e-01,3.983974456787109375e-03
8.909109089091091227e-02,3.505296707153320312e-01
9.359064093590641065e-02,1.213049888610839844e-02
2.846715328467153139e-01,1.667620205879211426e+01
4.119014739990234375e-01,1.691102981567382812e-03
1.425180081814858002e-01,4.038095474243164062e-03
9.635832679799544165e-02,3.994703292846679688e-03
2.919708029197080057e-01,5.082900524139404297e-01
2.908709129087091450e-01,1.211547851562500000e-02
2.277772222777722233e-01,1.619302487373352051e+01
5.765914916992187500e-02,1.718044281005859375e-03
3.536313341588204207e-01,4.092693328857421875e-03
3.183689180620809522e-01,4.014015197753906250e-03
4.629537046295370550e-02,3.484139442443847656e-01
5.199480051994800206e-02,1.207947731018066406e-02
1.105889411058894045e-01,1.577591776847839355e+01
5.765914916992187500e-02,2.657651901245117188e-03
1.672240059551258762e-01,4.254579544067382812e-03
3.230684628204712194e-02,4.023551940917968750e-03
7.675232476752325006e-01,3.482894897460937500e-01
7.638236176382361409e-01,1.260375976562500000e-02
7.634236576342365854e-01,1.588520431518554688e+01
9.423408508300781250e-01,1.720428466796875000e-03
7.452609894612562957e-01,4.056215286254882812e-03
7.891801771997418724e-01,3.995656967163085938e-03
3.633636636336366466e-01,3.458659648895263672e-01
3.933606639336066357e-01,1.218700408935546875e-02
3.661633836616338122e-01,1.571248364448547363e+01
5.880985260009765625e-01,1.717805862426757812e-03
4.517290589280065771e-01,4.084825515747070312e-03
3.612434203710178093e-01,3.992795944213867188e-03
4.686531346865313585e-01,3.480155467987060547e-01
4.567543245675432240e-01,1.210021972656250000e-02
4.852514748525147414e-01,1.712429976463317871e+01
8.684120178222656250e-01,1.734733581542968750e-03
4.247013221498825430e-01,1.206302642822265625e-02
4.899426420518641634e-01,3.986120223999023438e-03
8.429157084291570567e-02,4.567718505859375000e-01
9.289071092890710535e-02,2.812647819519042969e-02
2.134786521347865340e-01,1.639283561706542969e+01
5.880985260009765625e-01,2.663373947143554688e-03
2.123576298602919410e-01,4.239797592163085938e-03
7.516819011914502302e-02,4.043579101562500000e-03
2.630736926307369328e-01,3.494381904602050781e-01
2.540745925407459360e-01,1.260995864868164062e-02
1.824817518248175174e-01,1.670190072059631348e+01
5.880985260009765625e-01,1.691341400146484375e-03
3.271485996751828385e-01,4.070520401000976562e-03
2.967285402948651174e-01,3.993749618530273438e-03
3.275672432756724373e-01,3.506252765655517578e-01
3.455654434556544308e-01,1.212644577026367188e-02
3.183681631836816073e-01,1.532345533370971680e+01
7.482776641845703125e-01,1.716375350952148438e-03
4.187398010773414891e-01,4.075765609741210938e-03
2.928027161154639901e-01,4.009008407592773438e-03
3.184681531846815239e-01,3.484785556793212891e-01
3.210678932106789119e-01,1.212835311889648438e-02
5.214478552144785617e-01,1.624265575408935547e+01
5.765914916992187500e-02,1.762628555297851562e-03
3.640359674979922744e-01,4.073619842529296875e-03
2.914067017610432186e-01,3.992319107055664062e-03
4.892510748925107400e-01,3.474104404449462891e-01
4.943505649435056548e-01,1.220750808715820312e-02
4.730526947305269680e-01,1.554353570938110352e+01
7.482776641845703125e-01,2.679347991943359375e-03
5.366472570412909038e-01,4.284620285034179688e-03
4.642641550782732884e-01,4.064559936523437500e-03
2.959704029597040251e-02,3.700883388519287109e-01
3.119688031196880471e-02,1.274609565734863281e-02
4.819518048195180204e-02,1.635458111763000488e+01
2.517223358154296875e-01,1.772642135620117188e-03
1.822963183040953242e-02,4.118204116821289062e-03
2.592274394813203625e-02,4.030466079711914062e-03
1.219878012198780115e-01,3.502824306488037109e-01
1.282871712828717037e-01,1.225304603576660156e-02
7.559244075592440326e-02,1.570521068572998047e+01
5.765914916992187500e-02,1.724958419799804688e-03
2.077841283163026631e-01,4.052400588989257812e-03
1.491982913149091927e-01,3.976106643676757812e-03
5.405459454054594159e-01,3.459880352020263672e-01
5.359464053594640287e-01,1.217842102050781250e-02
3.356664333566643510e-01,1.591090440750122070e+01
7.482776641845703125e-01,1.744747161865234375e-03
4.834500881279217288e-01,4.067182540893554688e-03
4.764566456785547799e-01,3.983020782470703125e-03
9.341065893410659404e-01,3.496441841125488281e-01
9.376062393760623559e-01,1.221728324890136719e-02
9.465053494650534915e-01,1.598123145103454590e+01
5.880985260009765625e-01,2.674102783203125000e-03
8.540919306824196200e-01,1.224374771118164062e-02
9.075963966189828369e-01,4.059076309204101562e-03
8.275172482751724790e-01,4.193160533905029297e-01
8.200179982001799539e-01,1.276826858520507812e-02
9.010098990100989802e-01,1.530952525138854980e+01
9.793052673339843750e-01,1.763343811035156250e-03
7.803889535488774953e-01,4.103660583496093750e-03
8.014360515953486974e-01,4.030704498291015625e-03
9.757024297570242588e-01,3.492584228515625000e-01
9.756024397560243422e-01,1.228904724121093750e-02
9.868013198680132270e-01,1.579793858528137207e+01
9.423408508300781250e-01,1.753807067871093750e-03
9.721287782241742059e-01,4.070997238159179688e-03
9.790698656073177908e-01,4.010438919067382812e-03
5.149485051494850224e-02,3.471372127532958984e-01
6.349365063493650485e-02,1.219153404235839844e-02
8.799120087991200989e-02,1.655467462539672852e+01
5.880985260009765625e-01,1.764535903930664062e-03
7.015057827174325800e-02,4.218578338623046875e-03
3.155399782261052166e-02,3.984689712524414062e-03
3.340665933406659072e-01,3.497555255889892578e-01
3.340665933406659072e-01,1.224064826965332031e-02
3.954604539546045516e-01,1.774648904800415039e+01
5.880985260009765625e-01,2.676010131835937500e-03
3.447933544501046721e-01,4.254579544067382812e-03
3.512012228892762988e-01,4.051446914672851562e-03
1.887811218878112096e-01,3.470225334167480469e-01
2.033796620337966210e-01,1.276135444641113281e-02
1.925807419258074304e-01,1.752720046043395996e+01
1.315879821777343750e-01,1.776695251464843750e-03
2.412097030346633808e-01,1.211476325988769531e-02
1.781210498774084550e-01,4.031181335449218750e-03
5.784421557844215966e-01,5.205352306365966797e-01
5.909409059094090644e-01,2.823758125305175781e-02
4.938506149385061272e-01,1.745466709136962891e+01
5.880985260009765625e-01,1.980781555175781250e-03
5.579265474338825914e-01,4.600524902343750000e-03
5.994122602047738946e-01,4.760980606079101562e-03
7.207279272072792953e-01,3.944203853607177734e-01
7.105289471052894656e-01,1.615810394287109375e-02
7.806219378062193570e-01,1.627350044250488281e+01
9.793052673339843750e-01,2.626180648803710938e-03
6.483432190154254648e-01,4.270553588867187500e-03
6.951036274800381776e-01,4.036903381347656250e-03
2.629737026297370231e-02,4.603049755096435547e-01
2.869713028697130214e-02,2.475976943969726562e-02
6.499350064993500257e-03,1.552474689483642578e+01
1.315879821777343750e-01,1.754999160766601562e-03
3.990399213755883162e-02,4.076957702636718750e-03
1.446039054325854237e-02,3.980159759521484375e-03
1.231876812318768166e-01,3.475821018218994141e-01
1.405859414058594214e-01,1.225996017456054688e-02
2.119788021197880137e-02,1.573830342292785645e+01
5.765914916992187500e-02,1.770734786987304688e-03
2.446896260696296843e-01,4.628419876098632812e-03
1.326478532136246002e-01,4.032373428344726562e-03
9.460053994600540195e-01,3.516845703125000000e-01
9.424057594240575764e-01,1.284742355346679688e-02
9.440055994400560202e-01,1.623745989799499512e+01
9.940910339355468750e-01,1.736164093017578125e-03
9.158260502012551818e-01,4.059076309204101562e-03
9.331140469222511946e-01,4.008054733276367188e-03
8.282171782821717843e-01,4.525444507598876953e-01
8.130186981301870119e-01,2.426624298095703125e-02
6.706329367063293967e-01,1.557730126380920410e+01
9.423408508300781250e-01,2.660512924194335938e-03
7.704912005304096478e-01,4.259824752807617188e-03
8.330146685344912427e-01,4.038810729980468750e-03
3.480651934806519576e-01,3.471047878265380859e-01
3.676632336766323395e-01,1.278781890869140625e-02
4.392560743925607580e-01,1.566570973396301270e+01
2.517223358154296875e-01,9.778976440429687500e-03
3.366054647029656510e-01,4.113197326660156250e-03
3.203385689396852642e-01,1.198768615722656250e-02
9.116088391160883653e-01,5.462603569030761719e-01
9.061093890610938395e-01,1.231670379638671875e-02
9.445055494450554923e-01,1.609243941307067871e+01
9.423408508300781250e-01,1.764535903930664062e-03
8.250926229704921289e-01,4.094839096069335938e-03
9.175594873212246094e-01,3.993272781372070312e-03
6.645335466453354822e-01,3.478782176971435547e-01
6.834316568343166143e-01,1.223731040954589844e-02
6.051394860513948926e-01,1.505871868133544922e+01
4.119014739990234375e-01,1.765489578247070312e-03
6.680893375461998129e-01,4.057407379150390625e-03
6.433462047503448744e-01,4.011154174804687500e-03
6.040395960403959208e-01,3.938603401184082031e-01
6.056394360563943646e-01,1.224732398986816406e-02
4.951504849515048767e-01,1.612782955169677734e+01
5.880985260009765625e-01,1.783132553100585938e-03
5.875542435270710850e-01,4.106998443603515625e-03
6.084419782274950173e-01,4.017829895019531250e-03
4.875512448755124351e-01,3.573858737945556641e-01
5.003499650034995971e-01,1.354312896728515625e-02
4.682531746825317476e-01,1.786430740356445312e+01
5.880985260009765625e-01,2.238512039184570312e-03
4.555622918486129658e-01,5.237579345703125000e-03
5.387237006872599432e-01,4.552364349365234375e-03
6.695330466953304249e-01,4.194083213806152344e-01
6.668333166683331203e-01,1.673269271850585938e-02
6.278372162783721899e-01,1.531939697265625000e+01
8.684120178222656250e-01,1.760005950927734375e-03
6.719213297921020622e-01,4.101753234863281250e-03
6.916543882353556327e-01,4.014492034912109375e-03
1.093890610938906133e-01,3.498890399932861328e-01
1.198880111988801095e-01,1.219511032104492188e-02
1.376862313768623114e-01,1.569344639778137207e+01
1.315879821777343750e-01,1.765012741088867188e-03
1.510676831750074056e-01,4.069328308105468750e-03
1.305224104185802592e-01,4.039049148559570312e-03
1.359864013598640134e-02,3.461077213287353516e-01
1.339866013398660106e-02,1.225256919860839844e-02
2.739726027397260122e-02,1.560465455055236816e+01
1.315879821777343750e-01,2.663612365722656250e-03
2.023268302737772292e-02,4.286527633666992188e-03
6.155441370881908729e-03,4.045724868774414062e-03
5.969403059694030622e-01,3.504061698913574219e-01
5.917408259174082863e-01,1.274490356445312500e-02
6.703329667033296468e-01,1.627283978462219238e+01
5.880985260009765625e-01,1.785755157470703125e-03
5.595109142317071793e-01,4.092931747436523438e-03
5.572562552324886731e-01,4.032373428344726562e-03
4.385561443855614527e-01,3.482866287231445312e-01
4.398560143985601467e-01,1.223659515380859375e-02
4.950504949505049601e-01,1.642084312438964844e+01
4.119014739990234375e-01,1.731157302856445312e-03
4.933482003410825656e-01,4.070281982421875000e-03
3.616323292599850081e-01,3.979921340942382812e-03
4.097590240975902409e-01,3.493001461029052734e-01
4.184581541845815433e-01,1.214194297790527344e-02
5.819418058194180121e-01,1.788933467864990234e+01
4.119014739990234375e-01,1.765489578247070312e-03
4.324932625827480059e-01,4.073381423950195312e-03
4.268045931699578910e-01,4.028797149658203125e-03
1.849815018498150027e-02,5.499563217163085938e-01
2.019798020197980173e-02,1.218485832214355469e-02
1.709829017098290008e-02,1.660659670829772949e+01
2.069473266601562500e-02,2.642869949340820312e-03
3.586076727574809969e-02,4.265546798706054688e-03
2.153880851403353405e-02,4.034042358398437500e-03
6.779322067793221163e-02,4.278664588928222656e-01
6.439356064393560175e-02,1.296114921569824219e-02
6.939306069393061382e-02,1.743060183525085449e+01
5.880985260009765625e-01,1.771211624145507812e-03
3.875785914817483357e-01,4.089355468750000000e-03
4.340096226585827416e-02,4.045009613037109375e-03
7.453254674532546753e-01,4.945063591003417969e-01
7.351264873512648457e-01,2.829313278198242188e-02
7.623237676232377247e-01,1.923267793655395508e+01
8.684120178222656250e-01,1.744270324707031250e-03
7.349384294588404698e-01,4.077911376953125000e-03
7.547370223658074195e-01,3.986597061157226562e-03
9.049095090490950899e-02,6.822204589843750000e-01
9.589041095890410427e-02,2.022743225097656250e-02
8.789121087891210715e-02,1.730999827384948730e+01
1.315879821777343750e-01,9.765386581420898438e-03
2.409893580999682983e-01,4.077196121215820312e-03
1.156516976359404092e-01,1.201009750366210938e-02
3.449655034496550421e-01,3.741970062255859375e-01
3.515648435156484286e-01,1.216506958007812500e-02
3.452654734526547364e-01,1.614268946647644043e+01
4.119014739990234375e-01,2.653837203979492188e-03
3.473036219866622587e-01,4.275083541870117188e-03
3.220966330305319314e-01,4.176855087280273438e-03
7.378262173782621502e-01,3.464097976684570312e-01
7.454254574542545919e-01,1.276946067810058594e-02
8.034196580341965710e-01,1.577582168579101562e+01
2.517223358154296875e-01,1.744747161865234375e-03
7.172531577669294389e-01,4.088878631591796875e-03
7.341935685651863608e-01,1.201415061950683594e-02
1.073892610738926140e-01,7.071793079376220703e-01
1.053894610538946147e-01,2.415990829467773438e-02
1.062893710628937116e-01,1.692642068862915039e+01
4.119014739990234375e-01,9.610891342163085938e-03
2.077160570904156844e-01,4.078865051269531250e-03
1.301648463557122382e-01,1.200366020202636719e-02
8.571142885711429127e-01,5.997157096862792969e-01
8.627137286271372441e-01,1.219487190246582031e-02
8.780121987801219330e-01,1.824310779571533203e+01
8.684120178222656250e-01,1.742362976074218750e-03
8.562807347242823441e-01,1.208543777465820312e-02
8.552347337943524419e-01,4.004001617431640625e-03
4.163583641635836274e-01,6.612899303436279297e-01
4.130586941305869342e-01,2.860021591186523438e-02
5.455454454554544697e-01,1.897513079643249512e+01
7.482776641845703125e-01,2.675056457519531250e-03
4.274236099855298621e-01,4.237890243530273438e-03
4.112660091168833243e-01,4.026651382446289062e-03
3.672632736726327285e-01,4.516477584838867188e-01
3.835616438356164171e-01,1.262736320495605469e-02
4.784521547845215217e-01,1.822965145111083984e+01
2.517223358154296875e-01,1.742362976074218750e-03
3.890729165000086920e-01,4.072189331054687500e-03
3.634912432183012854e-01,4.281759262084960938e-03
7.185281471852814628e-01,5.570795536041259766e-01
7.186281371862813794e-01,1.220846176147460938e-02
6.771322867713228666e-01,1.846198940277099609e+01
7.482776641845703125e-01,1.728296279907226562e-03
7.144546069805723931e-01,4.063606262207031250e-03
7.503361746521611808e-01,3.988981246948242188e-03
4.151584841515848501e-01,3.809275627136230469e-01
4.208579142085791536e-01,1.209712028503417969e-02
4.471552844715528385e-01,1.626405000686645508e+01
5.880985260009765625e-01,1.710891723632812500e-03
3.626499238178763629e-01,4.336118698120117188e-03
4.216649233753766435e-01,4.000186920166015625e-03
8.496150384961503876e-01,3.483486175537109375e-01
8.496150384961503876e-01,1.206111907958984375e-02
8.580141985801419402e-01,1.581733894348144531e+01
8.684120178222656250e-01,2.595424652099609375e-03
8.309936372433698315e-01,4.233837127685546875e-03
9.191273507264600129e-01,4.047870635986328125e-03
3.103689631036896102e-01,3.512570858001708984e-01
3.233676632336766055e-01,1.406598091125488281e-02
3.171682831716828299e-01,1.669129467010498047e+01
2.517223358154296875e-01,2.801656723022460938e-03
3.606287457468072555e-01,4.345417022705078125e-03
3.296358005430988225e-01,4.071950912475585938e-03
5.919408059194080501e-02,3.491177558898925781e-01
5.909409059094090921e-02,1.299643516540527344e-02
6.149385061493850557e-02,1.641901874542236328e+01
2.517223358154296875e-01,2.826452255249023438e-03
1.392328878928562608e-01,4.293203353881835938e-03
5.092223066905663537e-02,4.022836685180664062e-03
2.280771922807719176e-01,4.392251968383789062e-01
2.514748525147485481e-01,1.265048980712890625e-02
2.519748025197480201e-01,1.563140130043029785e+01
4.119014739990234375e-01,1.784324645996093750e-03
2.653188325639570522e-01,4.079341888427734375e-03
2.259629113971851067e-01,1.597976684570312500e-02
6.694330566943306193e-01,4.583697319030761719e-01
6.870312968703129464e-01,1.291441917419433594e-02
4.967503249675032651e-01,1.587341308593750000e+01
8.684120178222656250e-01,2.600193023681640625e-03
6.074703181649521166e-01,4.276514053344726562e-03
6.718329183398731308e-01,4.020452499389648438e-03
1.270872912708729263e-01,3.631391525268554688e-01
1.278872112788721205e-01,1.260352134704589844e-02
2.271772822717728346e-01,1.618510556221008301e+01
7.482776641845703125e-01,2.605676651000976562e-03
2.067001857459009884e-01,4.267930984497070312e-03
1.030481658304159831e-01,4.033327102661132812e-03
8.595140485951404674e-01,3.821866512298583984e-01
8.596140385961403840e-01,1.261973381042480469e-02
8.581141885811418568e-01,1.573963832855224609e+01
7.482776641845703125e-01,2.656459808349609375e-03
8.978211362386847583e-01,4.254341125488281250e-03
7.906709964211686703e-01,4.056215286254882812e-03
3.974602539746025509e-01,3.610572814941406250e-01
3.956604339566043294e-01,1.275110244750976562e-02
4.840515948405159641e-01,1.722202873229980469e+01
5.880985260009765625e-01,1.852512359619140625e-03
4.198656315537546702e-01,4.106521606445312500e-03
4.173578626312927087e-01,4.034042358398437500e-03
3.822617738226177231e-01,3.479721546173095703e-01
3.991600839916008558e-01,1.237678527832031250e-02
3.171682831716828299e-01,1.734564518928527832e+01
7.482776641845703125e-01,2.881526947021484375e-03
4.139003905811630690e-01,4.317998886108398438e-03
3.732192974182607648e-01,4.055976867675781250e-03
1.939806019398060064e-02,5.725641250610351562e-01
2.189781021897810320e-02,2.178597450256347656e-02
5.999400059994000438e-03,1.570528864860534668e+01
2.069473266601562500e-02,1.899957656860351562e-03
4.088674427146835738e-02,4.162311553955078125e-03
2.065485413980026885e-02,4.026174545288085938e-03
9.171082891710828910e-01,4.866952896118164062e-01
9.113088691130887264e-01,2.038788795471191406e-02
9.263073692630736655e-01,1.729432535171508789e+01
9.793052673339843750e-01,1.871824264526367188e-03
8.844645956570817980e-01,4.130363464355468750e-03
9.710310790460552344e-01,4.017114639282226562e-03
3.980601939806019396e-01,3.558170795440673828e-01
3.882611738826117209e-01,3.062129020690917969e-02
3.936606339366063301e-01,1.683807373046875000e+01
5.880985260009765625e-01,2.633333206176757812e-03
3.787558390082137461e-01,4.241943359375000000e-03
3.718782487315587248e-01,4.030942916870117188e-03
4.134586541345865451e-01,6.190614700317382812e-01
4.099590040995900186e-01,1.260161399841308594e-02
4.272572742725727624e-01,1.525527358055114746e+01
5.880985260009765625e-01,2.562761306762695312e-03
4.764205276753456508e-01,4.223108291625976562e-03
3.936252216706746521e-01,4.034042358398437500e-03
3.599640035996400367e-01,3.483536243438720703e-01
3.758624137586241143e-01,1.259851455688476562e-02
4.263573642635736238e-01,1.596158146858215332e+01
4.119014739990234375e-01,2.677440643310546875e-03
4.045564631104474618e-01,4.255056381225585938e-03
3.456583165142338432e-01,4.044771194458007812e-03
1.970802919708029288e-01,3.524045944213867188e-01
1.916808319168083197e-01,1.268267631530761719e-02
1.961803819618038180e-01,1.626463747024536133e+01
5.765914916992187500e-02,1.735448837280273438e-03
2.235401840639993365e-01,4.061937332153320312e-03
1.531974296490486442e-01,4.014253616333007812e-03
1.619838016198380248e-01,6.292471885681152344e-01
1.658834116588341068e-01,2.017664909362792969e-02
1.576842315768423042e-01,1.649194192886352539e+01
4.119014739990234375e-01,2.630949020385742188e-03
3.460994065041097523e-01,4.281520843505859375e-03
1.413310915515573751e-01,4.020690917968750000e-03
6.834316568343166143e-01,3.473818302154541016e-01
6.803319668033196432e-01,1.264929771423339844e-02
7.097290270972902437e-01,1.838185024261474609e+01
2.517223358154296875e-01,1.729726791381835938e-03
6.466226715107805667e-01,4.106044769287109375e-03
7.346009457422779665e-01,4.000425338745117188e-03
5.130486951304868981e-01,7.042093276977539062e-01
5.220477952204779504e-01,2.412891387939453125e-02
5.614438556144385473e-01,2.030154538154602051e+01
9.423408508300781250e-01,1.724720001220703125e-03
5.178551681919779659e-01,4.052162170410156250e-03
5.078886482311224526e-01,3.998279571533203125e-03
6.976302369763023314e-01,5.727717876434326172e-01
6.903309669033096396e-01,1.212692260742187500e-02
6.775322467753224220e-01,2.117729568481445312e+01
8.684120178222656250e-01,1.731395721435546875e-03
6.607713358167527362e-01,4.074573516845703125e-03
7.738332421145217577e-01,3.984689712524414062e-03
6.977302269773022481e-01,5.430924892425537109e-01
6.972302769723027760e-01,1.210951805114746094e-02
7.553244675532446717e-01,2.060988116264343262e+01
4.119014739990234375e-01,1.705408096313476562e-03
6.402230223106254448e-01,4.047155380249023438e-03
6.498514430869848368e-01,4.017829895019531250e-03
7.945205479452054353e-01,3.957412242889404297e-01
7.959204079592040459e-01,2.008509635925292969e-02
8.093190680931906522e-01,1.896379518508911133e+01
4.119014739990234375e-01,2.625226974487304688e-03
6.609360765947431826e-01,1.222610473632812500e-02
8.038294061471660257e-01,4.012346267700195312e-03
2.336766323367663323e-01,7.009675502777099609e-01
2.324767523247675272e-01,2.063345909118652344e-02
2.236776322367763359e-01,2.168622684478759766e+01
5.880985260009765625e-01,1.723289489746093750e-03
3.039845260960120088e-01,4.081487655639648438e-03
2.141300891886968039e-01,4.007339477539062500e-03
8.373162683731626421e-01,4.609031677246093750e-01
8.429157084291570845e-01,2.009344100952148438e-02
8.418158184181582238e-01,2.364425706863403320e+01
9.793052673339843750e-01,1.721620559692382812e-03
8.202355798576126400e-01,1.223874092102050781e-02
8.823643708984136858e-01,3.989934921264648438e-03
9.417058294170582711e-01,6.081864833831787109e-01
9.449055094490550477e-01,2.542543411254882812e-02
9.324067593240675800e-01,2.242697525024414062e+01
9.423408508300781250e-01,1.743555068969726562e-03
8.623224113067498031e-01,4.072189331054687500e-03
9.689975712492207016e-01,3.986120223999023438e-03
1.606839316068393031e-01,3.959431648254394531e-01
1.644835516448355239e-01,1.217484474182128906e-02
1.699830016998300219e-01,2.229309797286987305e+01
1.315879821777343750e-01,2.622842788696289062e-03
2.475290609480371717e-01,1.628017425537109375e-02
9.402141650382728200e-02,4.027128219604492188e-03
5.903409659034096757e-01,6.973814964294433594e-01
5.919408059194080085e-01,2.452898025512695312e-02
6.538346165383461805e-01,2.699247145652770996e+01
7.482776641845703125e-01,9.744167327880859375e-03
5.841416616485216595e-01,4.031658172607421875e-03
6.000386820781149488e-01,1.199913024902343750e-02
8.659134086591341317e-01,6.915063858032226562e-01
8.592140785921408286e-01,2.411508560180664062e-02
9.460053994600540195e-01,2.707437348365783691e+01
9.423408508300781250e-01,1.372957229614257812e-02
7.849292497635924626e-01,4.064559936523437500e-03
8.922520084451106559e-01,3.990888595581054688e-03
7.221277872212779059e-01,7.039732933044433594e-01
7.328267173282672076e-01,2.409482002258300781e-02
7.151284871512848529e-01,2.320244979858398438e+01
7.482776641845703125e-01,1.925945281982421875e-03
7.118252311932794507e-01,4.067182540893554688e-03
6.991571450945190946e-01,1.599764823913574219e-02
2.550744925507449357e-01,5.107693672180175781e-01
2.719728027197280129e-01,1.216316223144531250e-02
4.294570542945705394e-01,2.064081811904907227e+01
5.880985260009765625e-01,2.641677856445312500e-03
3.387156427122639535e-01,4.275560379028320312e-03
3.103389434169471772e-01,4.254102706909179688e-03
3.683631636836316448e-01,3.481299877166748047e-01
3.798620137986201128e-01,1.267957687377929688e-02
3.608639136086391197e-01,1.688900804519653320e+01
7.482776641845703125e-01,1.747369766235351562e-03
3.854354636422959168e-01,4.070043563842773438e-03
3.394846828931461502e-01,4.018783569335937500e-03
2.355764423557644149e-01,3.487510681152343750e-01
2.373762623737626365e-01,1.210570335388183594e-02
3.297670232976702143e-01,1.717648339271545410e+01
5.880985260009765625e-01,1.722812652587890625e-03
2.447217634708090950e-01,4.076719284057617188e-03
2.280573478732216830e-01,4.006385803222656250e-03
8.207179282071792592e-01,3.505003452301025391e-01
8.213178682131786479e-01,1.210403442382812500e-02
8.334166583341665602e-01,1.652118253707885742e+01
8.684120178222656250e-01,1.741886138916015625e-03
5.891651374619593096e-01,4.064083099365234375e-03
7.467629892537775982e-01,4.011869430541992188e-03
6.799320067993200670e-03,3.469843864440917969e-01
5.999400059994000438e-03,1.209473609924316406e-02
4.329567043295670659e-02,1.634438538551330566e+01
5.908966064453125000e-03,2.660274505615234375e-03
1.297554264881283295e-02,4.229784011840820312e-03
7.872973179511683420e-03,4.023790359497070312e-03
4.519548045195480312e-02,3.477025032043457031e-01
5.049495050494950260e-02,1.265311241149902344e-02
5.019498050194980826e-02,1.617896628379821777e+01
1.315879821777343750e-01,1.743793487548828125e-03
4.118227037043507149e-02,4.081249237060546875e-03
6.252820822960683533e-02,4.000186920166015625e-03
7.783221677832217189e-01,3.460674285888671875e-01
7.898210178982101315e-01,1.212406158447265625e-02
6.905309469053094729e-01,1.506438136100769043e+01
5.880985260009765625e-01,1.758098602294921875e-03
6.921749661653212593e-01,4.070281982421875000e-03
8.327610442551052206e-01,3.988504409790039062e-03
9.342065793420657460e-01,3.488368988037109375e-01
9.318068193180681913e-01,1.217389106750488281e-02
8.668133186681331592e-01,1.620546007156372070e+01
8.684120178222656250e-01,1.717805862426757812e-03
9.079866211184670632e-01,4.068613052368164062e-03
9.540017019919375674e-01,4.000902175903320312e-03
8.681131886811318532e-01,3.495099544525146484e-01
8.717128287171282963e-01,1.208209991455078125e-02
9.233076692330767221e-01,1.646479439735412598e+01
8.684120178222656250e-01,2.818584442138671875e-03
7.834310785824205592e-01,4.375696182250976562e-03
8.638927218732765922e-01,4.112482070922851562e-03
1.617838216178382194e-01,3.518161773681640625e-01
1.709829017098290216e-01,1.469945907592773438e-02
1.135886411358864173e-01,1.628707122802734375e+01
2.517223358154296875e-01,1.909017562866210938e-03
3.181432498036886880e-01,4.073858261108398438e-03
1.452920500669597215e-01,1.204800605773925781e-02
6.304369563043695779e-01,5.182647705078125000e-01
6.319368063193681051e-01,1.220870018005371094e-02
7.370262973702629283e-01,1.640512275695800781e+01
5.880985260009765625e-01,1.727581024169921875e-03
6.185348244083476166e-01,4.048347473144531250e-03
7.437636050389835329e-01,3.987312316894531250e-03
8.294170582941705616e-01,3.954482078552246094e-01
8.343165683431656987e-01,1.208567619323730469e-02
8.829117088291170701e-01,1.612840104103088379e+01
8.684120178222656250e-01,1.721858978271484375e-03
7.047334719912843326e-01,4.051685333251953125e-03
8.165607209976618597e-01,3.977060317993164062e-03
1.436856314368563092e-01,3.482108116149902344e-01
1.476852314768523078e-01,1.204776763916015625e-02
8.769123087691231555e-02,1.614740324020385742e+01
4.119014739990234375e-01,2.592563629150390625e-03
3.277573084338288867e-01,4.221200942993164062e-03
1.069176574682651482e-01,4.029512405395507812e-03
8.647135286471352433e-01,3.483858108520507812e-01
8.599140085991401339e-01,1.259446144104003906e-02
8.916108389161083725e-01,1.646309733390808105e+01
7.482776641845703125e-01,1.730442047119140625e-03
8.224884837766865964e-01,4.048824310302734375e-03
8.258277745829822880e-01,3.984212875366210938e-03
3.821617838216178620e-01,3.482267856597900391e-01
3.862613738626137216e-01,1.213383674621582031e-02
3.937606239376062467e-01,1.602285408973693848e+01
4.119014739990234375e-01,2.598524093627929688e-03
3.870634665644304695e-01,4.258632659912109375e-03
3.796061949823444359e-01,4.020929336547851562e-03
6.035396460353964487e-01,5.425775051116943359e-01
5.954404559544045350e-01,1.258373260498046875e-02
5.698430156984302108e-01,1.597634267807006836e+01
5.880985260009765625e-01,1.697778701782226562e-03
5.413314399642160657e-01,4.050254821777343750e-03
6.235226007933353243e-01,4.030942916870117188e-03
6.819318068193180871e-01,3.507909774780273438e-01
6.695330466953304249e-01,1.213765144348144531e-02
8.561143885611438575e-01,1.616566205024719238e+01
8.684120178222656250e-01,2.605199813842773438e-03
6.431784140416978435e-01,4.236698150634765625e-03
7.358162647343555740e-01,4.022598266601562500e-03
8.666133386661334370e-01,3.872163295745849609e-01
8.536146385361463862e-01,1.256465911865234375e-02
8.665133486651335204e-01,1.746875858306884766e+01
9.423408508300781250e-01,1.748561859130859375e-03
5.957038025170449114e-01,4.057884216308593750e-03
8.916901491750151010e-01,4.114866256713867188e-03
7.812218778122187457e-01,7.640187740325927734e-01
7.707229277072292772e-01,1.388835906982421875e-02
6.650334966503349543e-01,1.568750882148742676e+01
9.423408508300781250e-01,1.711606979370117188e-03
5.985679339308230817e-01,4.037380218505859375e-03
8.215088655039739507e-01,3.998994827270507812e-03
1.073892610738926140e-01,3.481619358062744141e-01
1.325867413258674243e-01,1.211380958557128906e-02
6.559344065593440687e-02,1.655522513389587402e+01
5.765914916992187500e-02,1.728534698486328125e-03
1.681035458216935119e-01,4.081964492797851562e-03
1.479606265549215927e-01,4.000425338745117188e-03
9.909009099090090866e-02,3.481895923614501953e-01
1.013898610138986162e-01,1.206231117248535156e-02
1.302869713028697030e-01,1.740513300895690918e+01
4.119014739990234375e-01,3.458738327026367188e-03
1.381382566233315679e-01,5.893468856811523438e-03
9.521748032297050468e-02,5.621433258056640625e-03
6.971302869713028594e-01,5.014176368713378906e-01
6.926307369263073888e-01,1.940679550170898438e-02
7.053294670532946897e-01,1.676357555389404297e+01
9.423408508300781250e-01,1.750469207763671875e-03
5.638847907545301297e-01,4.049539566040039062e-03
7.188213270870551508e-01,4.000902175903320312e-03
3.952604739526047184e-01,3.655841350555419922e-01
3.997600239976002445e-01,1.212620735168457031e-02
3.465653434656534304e-01,1.584897398948669434e+01
5.880985260009765625e-01,1.733541488647460938e-03
4.183265765545232107e-01,4.034519195556640625e-03
4.018008442159989868e-01,3.977060317993164062e-03
4.513548645135486703e-01,3.479936122894287109e-01
4.612538746125387501e-01,1.220893859863281250e-02
5.719428057194280157e-01,1.846132397651672363e+01
1.315879821777343750e-01,1.749038696289062500e-03
4.927122915354789079e-01,4.087209701538085938e-03
4.688008874390642844e-01,3.997325897216796875e-03
1.868813118688131270e-01,3.486151695251464844e-01
2.058794120587941201e-01,1.219415664672851562e-02
2.122787721227877289e-01,1.957074809074401855e+01
2.069473266601562500e-02,2.656936645507812500e-03
3.225566600053135780e-01,4.226207733154296875e-03
1.666457337149429563e-01,1.605010032653808594e-02
6.278372162783721899e-01,6.978001594543457031e-01
6.330366963303669658e-01,2.461743354797363281e-02
5.457454254574543029e-01,2.069333553314208984e+01
8.684120178222656250e-01,1.757144927978515625e-03
6.262448987283562030e-01,4.081726074218750000e-03
6.102528621508107598e-01,4.002571105957031250e-03
1.667833216678332175e-01,6.201872825622558594e-01
1.603839616038396088e-01,2.821612358093261719e-02
1.078892110788921138e-01,2.113841319084167480e+01
5.765914916992187500e-02,1.735210418701171875e-03
2.671182067814867889e-01,4.074573516845703125e-03
1.052549516444607480e-01,1.193904876708984375e-02
6.231376862313768861e-01,4.116251468658447266e-01
6.309369063093690499e-01,1.218819618225097656e-02
5.831416858314169005e-01,2.185941767692565918e+01
8.684120178222656250e-01,9.744167327880859375e-03
5.705985726727315077e-01,4.051923751831054688e-03
5.758503764832731964e-01,1.199007034301757812e-02
3.101689831016898324e-01,6.021506786346435547e-01
3.291670832916708256e-01,2.011585235595703125e-02
3.684631536846315614e-01,1.852578043937683105e+01
2.517223358154296875e-01,2.625703811645507812e-03
3.089125555068104600e-01,4.228591918945312500e-03
2.916111024386648376e-01,1.205062866210937500e-02
6.314368563143685220e-01,5.195446014404296875e-01
6.263373662633736627e-01,1.263856887817382812e-02
5.823417658234176786e-01,1.682515859603881836e+01
7.482776641845703125e-01,1.728534698486328125e-03
6.587198608139519518e-01,4.050731658935546875e-03
6.071118799724076753e-01,3.997564315795898438e-03
2.939706029397060397e-02,4.150083065032958984e-01
3.209679032096790507e-02,1.217651367187500000e-02
2.649735026497350432e-02,1.682580208778381348e+01
1.315879821777343750e-01,1.731157302856445312e-03
4.045243831075325674e-02,4.054307937622070312e-03
3.593360774368128951e-02,3.998994827270507812e-03
9.397060293970602718e-01,3.567547798156738281e-01
9.397060293970602718e-01,1.210236549377441406e-02
9.016098390160983689e-01,1.620109605789184570e+01
8.684120178222656250e-01,1.755714416503906250e-03
9.193731940634701782e-01,4.059791564941406250e-03
9.479728298848941748e-01,4.014015197753906250e-03
3.413658634136586545e-01,3.459393978118896484e-01
3.245675432456754383e-01,1.220035552978515625e-02
4.479552044795520604e-01,1.740124869346618652e+01
5.880985260009765625e-01,2.684593200683593750e-03
3.940758963671288084e-01,4.258155822753906250e-03
3.212021826179904394e-01,4.044055938720703125e-03
8.739126087391260733e-02,5.425763130187988281e-01
9.919008099190081140e-02,1.280522346496582031e-02
4.279572042795720677e-02,1.776373028755187988e+01
1.315879821777343750e-01,2.032041549682617188e-03
1.358158111120368883e-01,4.658699035644531250e-03
6.257954858819095301e-02,4.803419113159179688e-03
4.028597140285971601e-01,3.967781066894531250e-01
4.135586441355864618e-01,1.330757141113281250e-02
4.239576042395760691e-01,1.700501513481140137e+01
2.517223358154296875e-01,1.763105392456054688e-03
3.842486892585522118e-01,4.086017608642578125e-03
3.605080805977572411e-01,4.031181335449218750e-03
3.416658334166583488e-01,4.130301475524902344e-01
3.810618938106189457e-01,1.228332519531250000e-02
4.866513348665133520e-01,1.585141992568969727e+01
1.315879821777343750e-01,1.765251159667968750e-03
3.076872344760492872e-01,4.099369049072265625e-03
3.080137579397422831e-01,4.000425338745117188e-03
2.579742025797420249e-02,3.452038764953613281e-01
2.589741025897410176e-02,1.222634315490722656e-02
5.709429057094290300e-02,1.630857062339782715e+01
2.517223358154296875e-01,2.687454223632812500e-03
5.793907762675368223e-02,4.262685775756835938e-03
2.049636293657486341e-02,4.039764404296875000e-03
8.624137586241376052e-01,3.535227775573730469e-01
8.528147185281471643e-01,1.279139518737792969e-02
8.964103589641035930e-01,1.638269782066345215e+01
9.423408508300781250e-01,1.791000366210937500e-03
7.971212969039302987e-01,4.075527191162109375e-03
8.837406073459415090e-01,4.024744033813476562e-03
9.593040695930407091e-01,3.480601310729980469e-01
9.534046595340466279e-01,1.229143142700195312e-02
9.649035096490351515e-01,1.631268548965454102e+01
9.793052673339843750e-01,1.766681671142578125e-03
9.201575561509860446e-01,4.047393798828125000e-03
9.754440071647313415e-01,4.007816314697265625e-03
2.789721027897210451e-02,3.584988117218017578e-01
3.059694030596940215e-02,1.220726966857910156e-02
1.335866413358664240e-01,1.860034871101379395e+01
4.119014739990234375e-01,1.786470413208007812e-03
6.954332611192415303e-02,4.066467285156250000e-03
3.177668560632786882e-02,4.044771194458007812e-03
9.053094690530947286e-01,3.466613292694091797e-01
9.026097390260974240e-01,1.227211952209472656e-02
8.987101289871013421e-01,1.663262486457824707e+01
7.482776641845703125e-01,2.811431884765625000e-03
8.179369449382197788e-01,4.306077957153320312e-03
8.779232347924452728e-01,4.101991653442382812e-03
4.877512248775122683e-01,4.876956939697265625e-01
4.857514248575142690e-01,1.299524307250976562e-02
6.113388661133886126e-01,1.637511658668518066e+01
5.880985260009765625e-01,2.172231674194335938e-03
4.347106098340495217e-01,4.838943481445312500e-03
4.729634353858237494e-01,1.664233207702636719e-02
8.499150084991501375e-01,7.440137863159179688e-01
8.299170082991700337e-01,3.235626220703125000e-02
6.391360863913608803e-01,1.644848251342773438e+01
9.940910339355468750e-01,1.884460449218750000e-03
6.982848788304308885e-01,4.123210906982421875e-03
8.708641404843966427e-01,4.016876220703125000e-03
8.139186081391860395e-01,3.480973243713378906e-01
8.171182881711829271e-01,1.239395141601562500e-02
8.700129987001299359e-01,1.537264847755432129e+01
5.880985260009765625e-01,2.721548080444335938e-03
6.960432287897831971e-01,4.282236099243164062e-03
8.197039552031281096e-01,4.064798355102539062e-03
2.450754924507549115e-01,3.474755287170410156e-01
2.587741225877412399e-01,1.282787322998046875e-02
2.481751824817518270e-01,1.598148989677429199e+01
5.880985260009765625e-01,2.665758132934570312e-03
2.824173557169273319e-01,4.251718521118164062e-03
2.495314181393327169e-01,4.019021987915039062e-03
9.066093390660934226e-01,4.787602424621582031e-01
9.012098790120988134e-01,2.871251106262207031e-02
9.579042095790420985e-01,1.586580920219421387e+01
8.684120178222656250e-01,2.700090408325195312e-03
9.108005961389707972e-01,4.271030426025390625e-03
9.336907963536787980e-01,4.062414169311523438e-03
4.408559144085591464e-01,3.519701957702636719e-01
4.490550944905509212e-01,1.288080215454101562e-02
3.689631036896310334e-01,1.641435122489929199e+01
4.119014739990234375e-01,9.775161743164062500e-03
4.738444172936565613e-01,4.079818725585937500e-03
4.901244995402991855e-01,1.208662986755371094e-02
5.024497550244975130e-01,4.301803112030029297e-01
4.951504849515048767e-01,1.228642463684082031e-02
3.206679332066793564e-01,1.594393301010131836e+01
4.119014739990234375e-01,2.664804458618164062e-03
5.036902895577676231e-01,1.229071617126464844e-02
5.752353791778395120e-01,4.063844680786132812e-03
9.989001099890011393e-01,6.223814487457275391e-01
9.993000699930006947e-01,2.867698669433593750e-02
9.961003899610039181e-01,1.597342371940612793e+01
9.423408508300781250e-01,1.780748367309570312e-03
9.961210247603060619e-01,4.080057144165039062e-03
9.994599997479859388e-01,4.030942916870117188e-03
3.696630336966303387e-01,3.478591442108154297e-01
3.862613738626137216e-01,1.227807998657226562e-02
2.873712628737126185e-01,1.592896437644958496e+01
5.880985260009765625e-01,2.020597457885742188e-03
3.266962751814727617e-01,4.664182662963867188e-03
3.531618796096330781e-01,4.600763320922851562e-03
2.111788821117888126e-01,3.856625556945800781e-01
2.156784321567843110e-01,1.621270179748535156e-02
2.014798520147985106e-01,1.725021195411682129e+01
2.517223358154296875e-01,1.752614974975585938e-03
3.587149514407466655e-01,4.066705703735351562e-03
1.741611498599191510e-01,4.002332687377929688e-03
7.074292570742926056e-01,3.504958152770996094e-01
7.060293970602939950e-01,1.223540306091308594e-02
7.944205579442056298e-01,1.545782899856567383e+01
7.482776641845703125e-01,2.688169479370117188e-03
6.347572249004767020e-01,4.283905029296875000e-03
6.541770104248384454e-01,4.057168960571289062e-03
5.922407759224077584e-01,3.474509716033935547e-01
5.981401859814018396e-01,1.279997825622558594e-02
6.707329267073293133e-01,1.600381088256835938e+01
1.315879821777343750e-01,1.789331436157226562e-03
5.704461677568897215e-01,4.096746444702148438e-03
6.603323143583244015e-01,4.010200500488281250e-03
3.927607239276072471e-01,3.477306365966796875e-01
4.088591140885911579e-01,1.227879524230957031e-02
7.159284071592840748e-01,1.683850908279418945e+01
5.880985260009765625e-01,1.727342605590820312e-03
3.873697111748229394e-01,4.077672958374023438e-03
4.123936591497607829e-01,1.606965065002441406e-02
4.536546345365463639e-01,3.713734149932861328e-01
4.459554044595540612e-01,1.227545738220214844e-02
3.794620537946205574e-01,1.557049226760864258e+01
7.482776641845703125e-01,1.746177673339843750e-03
4.559723883418180801e-01,4.121065139770507812e-03
3.855744215245597850e-01,4.001617431640625000e-03
1.183881611838816100e-01,3.501055240631103516e-01
1.353864613538646178e-01,1.228499412536621094e-02
6.839316068393160031e-02,1.559968829154968262e+01
1.315879821777343750e-01,2.648115158081054688e-03
6.941192910158838769e-02,4.266738891601562500e-03
6.898997192227783459e-02,4.051446914672851562e-03
8.212178782121787313e-01,3.531317710876464844e-01
8.249175082491750910e-01,1.281738281250000000e-02
8.481151884811518604e-01,1.607471156120300293e+01
7.482776641845703125e-01,1.753330230712890625e-03
8.053307787431164266e-01,4.096508026123046875e-03
7.627058852058417049e-01,3.994464874267578125e-03
8.723127687231276850e-01,3.476018905639648438e-01
8.714128587141285465e-01,1.228284835815429688e-02
7.354264573542645955e-01,1.548607826232910156e+01
7.482776641845703125e-01,1.776456832885742188e-03
8.145277272129514134e-01,4.038333892822265625e-03
8.653007266415909671e-01,3.986835479736328125e-03
3.602639736026397310e-01,3.492388725280761719e-01
3.628637136286371190e-01,1.231551170349121094e-02
4.145585441455854614e-01,1.602574253082275391e+01
4.119014739990234375e-01,1.760005950927734375e-03
3.763463330201997081e-01,4.116058349609375000e-03
3.744168854840083105e-01,4.050970077514648438e-03
5.628437156284371579e-01,3.502318859100341797e-01
5.532446755324467169e-01,1.241207122802734375e-02
7.755224477552244977e-01,1.584821915626525879e+01
7.482776641845703125e-01,2.686262130737304688e-03
5.883480332063779628e-01,4.271030426025390625e-03
5.784755576364714047e-01,4.071474075317382812e-03
5.961403859614038403e-01,4.285192489624023438e-01
5.893410658934106205e-01,3.333067893981933594e-02
7.284271572842715425e-01,1.626749682426452637e+01
8.684120178222656250e-01,1.744508743286132812e-03
5.710975979811715453e-01,4.109859466552734375e-03
5.183271549828375457e-01,4.047632217407226562e-03
1.558844115588441104e-01,3.486161231994628906e-01
1.592840715928407203e-01,1.226186752319335938e-02
1.002899710028997138e-01,1.583314728736877441e+01
1.315879821777343750e-01,1.768589019775390625e-03
1.976705284045351951e-01,4.085779190063476562e-03
1.884291537013204065e-01,4.016876220703125000e-03
1.231876812318768166e-01,3.466427326202392578e-01
1.409859014098590047e-01,1.227355003356933594e-02
9.999000099990000556e-02,1.657548618316650391e+01
1.315879821777343750e-01,1.757144927978515625e-03
3.120684094446730672e-01,4.082441329956054688e-03
7.553843915386468377e-02,4.003286361694335938e-03
7.469253074692530636e-02,4.907875061035156250e-01
8.389161083891610859e-02,2.327728271484375000e-02
1.400859914008599216e-01,1.656791925430297852e+01
1.315879821777343750e-01,2.686023712158203125e-03
1.211098925301795637e-01,4.229784011840820312e-03
9.757820142888407045e-02,4.051923751831054688e-03
6.131386861313868897e-01,3.507566452026367188e-01
5.982401759824017562e-01,1.279664039611816406e-02
3.833616638336166393e-01,1.612702059745788574e+01
5.880985260009765625e-01,1.763582229614257812e-03
5.577944201255707890e-01,4.082202911376953125e-03
5.671432456954828005e-01,4.019975662231445312e-03
3.073692630736926112e-01,3.484447002410888672e-01
3.239676032396760497e-01,1.229262351989746094e-02
2.224777522247775308e-01,1.573818516731262207e+01
7.482776641845703125e-01,1.871824264526367188e-03
3.047933962104345529e-01,4.152536392211914062e-03
3.009636598291305365e-01,4.054307937622070312e-03
7.841215878412158835e-01,3.497266769409179688e-01
7.789221077892211076e-01,3.157830238342285156e-02
8.692130786921308250e-01,1.613647675514221191e+01
7.482776641845703125e-01,1.752614974975585938e-03
7.826284844256776729e-01,4.096031188964843750e-03
7.888622983691702117e-01,4.027366638183593750e-03
4.327567243275672326e-01,3.480594158172607422e-01
4.378562143785621474e-01,1.226353645324707031e-02
7.871212878712128269e-01,1.515911793708801270e+01
2.517223358154296875e-01,1.075315475463867188e-02
4.597450319681914976e-01,4.311084747314453125e-03
3.932506643014488379e-01,1.210927963256835938e-02
8.098190180981902353e-01,3.907067775726318359e-01
8.018198180181981272e-01,1.282048225402832031e-02
8.170182981701830105e-01,1.654679512977600098e+01
9.423408508300781250e-01,2.685546875000000000e-03
7.144030062436714790e-01,4.287958145141601562e-03
8.263676932775916306e-01,4.046440124511718750e-03
8.848115188481151527e-01,3.982090950012207031e-01
8.893110688931107344e-01,1.281118392944335938e-02
9.250074992500749715e-01,1.489398908615112305e+01
8.684120178222656250e-01,2.668619155883789062e-03
8.606228723479611986e-01,4.253864288330078125e-03
8.879306541152398591e-01,4.070758819580078125e-03
8.594140585941405508e-01,3.507981300354003906e-01
8.537146285371463028e-01,1.282548904418945312e-02
8.663133686631336872e-01,1.628213715553283691e+01
9.423408508300781250e-01,1.891613006591796875e-03
7.085862871694953435e-01,4.186868667602539062e-03
8.658090521496033531e-01,4.046678543090820312e-03
8.356164383561643927e-01,3.505105972290039062e-01
8.186181381861813433e-01,1.249432563781738281e-02
9.065093490650935060e-01,1.585987520217895508e+01
9.423408508300781250e-01,2.747297286987304688e-03
7.293436667730865963e-01,4.309415817260742188e-03
8.045987462204956531e-01,4.056215286254882812e-03
7.473252674732526746e-01,3.485915660858154297e-01
7.232276772322767666e-01,1.285934448242187500e-02
5.065493450654934282e-01,1.567623019218444824e+01
7.482776641845703125e-01,1.791477203369140625e-03
7.400551260878263093e-01,4.117965698242187500e-03
6.546437567233593935e-01,4.008054733276367188e-03
8.685131486851315197e-01,3.611447811126708984e-01
8.644135586441356045e-01,1.225161552429199219e-02
7.581241875812418929e-01,2.491094923019409180e+01
5.880985260009765625e-01,1.846551895141601562e-03
7.978186484285750835e-01,4.170179367065429688e-03
8.398469005388975450e-01,4.001379013061523438e-03
6.569343065693430406e-01,5.585565567016601562e-01
6.509349065093490427e-01,1.262450218200683594e-02
5.982401759824017562e-01,2.641511535644531250e+01
8.684120178222656250e-01,4.434347152709960938e-03
5.462874205598401423e-01,4.877805709838867188e-03
6.878339185032846803e-01,1.550674438476562500e-02
6.318368163183681885e-01,9.605450630187988281e-01
6.363363663633636591e-01,3.183341026306152344e-02
6.497350264973502654e-01,2.605639433860778809e+01
4.119014739990234375e-01,3.703355789184570312e-03
5.987286920130976409e-01,5.345106124877929688e-03
6.306254252107134084e-01,6.357431411743164062e-03
5.481451854814518576e-01,6.184318065643310547e-01
5.357464253574643065e-01,1.583433151245117188e-02
6.040395960403959208e-01,2.621948742866516113e+01
4.119014739990234375e-01,2.699375152587890625e-03
5.412263834962018905e-01,4.256010055541992188e-03
5.491018637434229577e-01,4.049301147460937500e-03
3.286671332866713535e-01,6.076571941375732422e-01
3.263673632636736599e-01,3.105068206787109375e-02
2.213778622137786145e-01,2.592517471313476562e+01
4.119014739990234375e-01,1.795768737792968750e-03
3.475313687096547310e-01,4.092216491699218750e-03
3.655770008027413587e-01,4.034280776977539062e-03
9.019098090190981187e-01,3.506083488464355469e-01
9.013098690130987301e-01,1.229667663574218750e-02
8.809119088091190708e-01,1.693543362617492676e+01
8.684120178222656250e-01,2.866983413696289062e-03
8.604778985428995774e-01,4.409551620483398438e-03
8.992982813119672070e-01,4.128694534301757812e-03
7.439256074392560647e-01,3.519651889801025391e-01
7.503249675032497290e-01,1.303744316101074219e-02
5.437456254374563036e-01,1.662418580055236816e+01
4.119014739990234375e-01,2.671957015991210938e-03
6.328906664762685708e-01,4.091024398803710938e-03
7.123956894403997708e-01,1.617622375488281250e-02
1.247875212478752188e-01,5.075707435607910156e-01
1.266873312668733154e-01,1.666474342346191406e-02
1.592840715928407203e-01,1.813326716423034668e+01
1.315879821777343750e-01,1.775503158569335938e-03
1.902817583132722090e-01,1.214098930358886719e-02
7.518216985512614359e-02,4.034280776977539062e-03
9.827017298270173118e-01,4.284358024597167969e-01
9.822017798220178397e-01,1.227450370788574219e-02
9.878012198780121711e-01,1.574061846733093262e+01
9.940910339355468750e-01,2.664089202880859375e-03
9.521155440921856838e-01,4.236936569213867188e-03
9.766334737619348783e-01,4.015445709228515625e-03
3.447655234476552089e-01,3.466033935546875000e-01
3.391660833916608220e-01,1.262331008911132812e-02
3.265673432656734376e-01,1.542369818687438965e+01
8.684120178222656250e-01,2.636671066284179688e-03
4.033237500156759969e-01,4.275560379028320312e-03
3.215246944971331677e-01,4.020214080810546875e-03
7.480251974802519799e-01,3.489360809326171875e-01
7.559244075592440604e-01,1.258182525634765625e-02
6.086391360863913080e-01,1.568729686737060547e+01
5.880985260009765625e-01,2.558946609497070312e-03
6.650169061589055186e-01,4.209041595458984375e-03
7.933060238083817772e-01,4.019737243652343750e-03
4.528547145285471420e-01,3.490262031555175781e-01
4.629537046295370550e-01,1.257777214050292969e-02
2.886711328867113124e-01,1.526274728775024414e+01
7.482776641845703125e-01,1.772165298461914062e-03
4.346654822945453800e-01,4.081249237060546875e-03
5.210530021796461186e-01,3.992319107055664062e-03
9.374062593740626337e-01,5.125665664672851562e-01
9.356064393560643566e-01,1.216793060302734375e-02
8.528147185281471643e-01,1.535439419746398926e+01
7.482776641845703125e-01,2.616405487060546875e-03
8.934343536061467583e-01,4.241466522216796875e-03
9.600266354236067778e-01,4.074573516845703125e-03
9.195080491950804458e-01,3.490967750549316406e-01
9.225077492250775002e-01,1.261973381042480469e-02
9.182081791820817518e-01,1.612622189521789551e+01
5.880985260009765625e-01,1.752614974975585938e-03
8.681803074079351701e-01,1.608204841613769531e-02
9.193418442411437352e-01,4.017829895019531250e-03
3.158684131586841359e-01,5.163297653198242188e-01
3.322667733226677411e-01,2.806782722473144531e-02
1.589841015898410259e-01,1.702585291862487793e+01
5.880985260009765625e-01,1.695871353149414062e-03
3.700980176318282577e-01,4.050016403198242188e-03
3.874040275377462206e-01,4.002809524536132812e-03
2.624737526247375441e-01,4.952285289764404297e-01
2.596740325967403229e-01,2.803516387939453125e-02
1.783821617838216300e-01,1.634699130058288574e+01
1.315879821777343750e-01,1.721858978271484375e-03
2.717037636921488808e-01,4.075527191162109375e-03
2.202636301007261932e-01,4.005670547485351562e-03
3.649635036496350349e-01,3.472154140472412109e-01
3.669633036696330342e-01,1.212024688720703125e-02
3.295670432956704365e-01,1.685675764083862305e+01
5.880985260009765625e-01,2.639770507812500000e-03
3.000787383728164004e-01,4.247903823852539062e-03
3.725126414648181061e-01,4.045009613037109375e-03
8.309169083091690888e-01,3.750131130218505859e-01
8.318168183181682274e-01,1.261210441589355469e-02
8.924107589241075944e-01,1.663659715652465820e+01
2.517223358154296875e-01,1.726388931274414062e-03
8.406303377988472159e-01,4.073858261108398438e-03
8.576465674668523054e-01,1.199483871459960938e-02
1.600839916008399144e-01,5.639328956604003906e-01
1.542845715428457221e-01,1.212787628173828125e-02
9.259074092590741101e-02,1.633510351181030273e+01
7.482776641845703125e-01,1.709461212158203125e-03
2.146897261977392390e-01,4.067659378051757812e-03
1.796794608766726364e-01,4.019498825073242188e-03
8.673132686731326313e-01,3.486149311065673828e-01
8.622137786221377720e-01,1.210856437683105469e-02
9.139086091390861144e-01,1.652893519401550293e+01
9.423408508300781250e-01,1.717090606689453125e-03
8.075535151305412995e-01,4.075050354003906250e-03
7.931655636756420602e-01,3.991603851318359375e-03
7.112288771122887709e-01,4.559135437011718750e-01
7.115288471152885208e-01,2.807283401489257812e-02
7.051294870512948565e-01,1.537402701377868652e+01
8.684120178222656250e-01,2.590894699096679688e-03
7.479692927255854329e-01,4.215955734252929688e-03
6.961988812858802556e-01,4.037857055664062500e-03
6.695330466953304249e-01,3.731782436370849609e-01
6.749325067493250341e-01,1.259064674377441406e-02
7.935206479352064912e-01,1.702341103553771973e+01
5.880985260009765625e-01,2.155065536499023438e-03
5.696005866642837034e-01,5.628585815429687500e-03
6.400689993679860024e-01,5.480527877807617188e-03
5.675432456754324617e-01,4.709270000457763672e-01
5.715428457154284603e-01,1.672434806823730469e-02
5.980401959804019230e-01,1.739763116836547852e+01
5.765914916992187500e-02,1.775026321411132812e-03
5.274387829293732954e-01,4.089355468750000000e-03
5.574349180010292892e-01,4.018306732177734375e-03
9.079092090790921166e-01,3.535118103027343750e-01
9.029097090290970629e-01,1.213121414184570312e-02
9.019098090190981187e-01,1.641616702079772949e+01
8.684120178222656250e-01,9.796380996704101562e-03
8.205479224609268929e-01,4.149675369262695312e-03
9.298168795741187376e-01,1.207232475280761719e-02
4.817518248175182705e-01,3.907451629638671875e-01
4.806519348065193542e-01,1.245141029357910156e-02
6.183381661833816656e-01,1.628877282142639160e+01
4.119014739990234375e-01,2.718210220336914062e-03
4.599233378802032868e-01,4.273176193237304688e-03
4.992172676588531588e-01,4.018545150756835938e-03
2.236776322367763359e-01,3.488504886627197266e-01
2.364763523647635257e-01,1.267647743225097656e-02
1.554844515548445272e-01,1.690377616882324219e+01
4.119014739990234375e-01,1.746654510498046875e-03
2.470108752619339376e-01,4.067897796630859375e-03
2.384081971365084041e-01,4.000186920166015625e-03
7.233276672332766832e-01,3.631348609924316406e-01
7.410258974102589269e-01,2.009534835815429688e-02
8.183181681831817045e-01,1.708476829528808594e+01
8.684120178222656250e-01,2.230644226074218750e-03
7.126701562948933866e-01,5.572795867919921875e-03
6.716979463193946120e-01,5.477190017700195312e-03
1.153884611538846111e-01,4.887325763702392578e-01
1.237876212378762192e-01,1.634907722473144531e-02
9.219078092190781393e-02,1.688900089263916016e+01
4.119014739990234375e-01,1.753807067871093750e-03
2.089862399584128116e-01,4.544734954833984375e-03
1.321388406578061225e-01,3.993272781372070312e-03
1.462853714628537249e-01,3.491213321685791016e-01
1.398860113988601162e-01,1.220989227294921875e-02
2.458754124587541334e-01,1.586992549896240234e+01
2.517223358154296875e-01,2.663612365722656250e-03
1.683383449626688066e-01,4.248619079589843750e-03
1.412123795164449969e-01,4.053115844726562500e-03
6.593340665933407063e-01,3.489477634429931641e-01
6.493350664933507099e-01,1.276516914367675781e-02
5.258474152584741157e-01,1.644104266166687012e+01
5.880985260009765625e-01,2.691268920898437500e-03
5.362024249312439261e-01,4.285097122192382812e-03
7.041579785953029358e-01,4.064559936523437500e-03
2.977702229777022258e-01,3.573966026306152344e-01
2.918708129187081446e-01,1.281428337097167969e-02
3.465653434656534304e-01,1.700459647178649902e+01
5.880985260009765625e-01,2.671241760253906250e-03
3.114251793604337903e-01,4.266500473022460938e-03
3.106584054244839743e-01,4.074573516845703125e-03
1.846815318468153222e-01,3.509173393249511719e-01
1.813818618138186289e-01,1.277399063110351562e-02
2.980701929807019201e-01,1.570585107803344727e+01
5.765914916992187500e-02,1.768350601196289062e-03
2.112991034324600559e-01,4.105567932128906250e-03
2.004626267403690765e-01,1.191496849060058594e-02
6.239376062393760941e-02,5.817749500274658203e-01
6.699330066993300359e-02,2.024221420288085938e-02
1.651834816518348292e-01,1.683898663520812988e+01
5.765914916992187500e-02,2.659797668457031250e-03
7.340842192720942183e-02,4.261016845703125000e-03
5.420370359173275893e-02,4.055500030517578125e-03
4.457554244575542279e-01,3.476419448852539062e-01
4.333566643335666213e-01,1.280093193054199219e-02
4.569543045695430572e-01,1.816139745712280273e+01
1.315879821777343750e-01,1.779317855834960938e-03
4.413942898694854233e-01,4.092931747436523438e-03
4.620615756222342108e-01,4.014015197753906250e-03
8.664133586641336038e-01,3.483479022979736328e-01
8.480151984801519438e-01,1.226735115051269531e-02
9.043095690430956735e-01,1.659776091575622559e+01
9.423408508300781250e-01,1.765727996826171875e-03
8.297086905158368442e-01,4.080772399902343750e-03
8.499729515701697213e-01,4.007339477539062500e-03
9.586041395860414038e-01,3.478171825408935547e-01
9.625037496250374858e-01,1.224827766418457031e-02
8.742125787421257677e-01,1.675766539573669434e+01
5.880985260009765625e-01,1.760482788085937500e-03
9.449487323205654210e-01,1.214551925659179688e-02
9.583999246330733301e-01,4.036903381347656250e-03
9.381061893810619390e-01,5.060322284698486328e-01
9.419058094190581043e-01,2.020716667175292969e-02
9.140085991400860310e-01,1.569681000709533691e+01
9.423408508300781250e-01,2.691268920898437500e-03
7.890236374180970014e-01,4.287481307983398438e-03
9.343160348485759492e-01,4.057407379150390625e-03
6.450354964503549615e-01,3.519704341888427734e-01
6.279372062793721065e-01,1.279902458190917969e-02
6.161383861613838331e-01,1.596541929244995117e+01
8.684120178222656250e-01,1.790285110473632812e-03
6.281140418415402937e-01,4.136085510253906250e-03
5.848463841979634203e-01,4.020452499389648438e-03
6.267373262673732182e-01,3.482456207275390625e-01
6.368363163683631312e-01,1.228737831115722656e-02
6.524347565243475700e-01,1.544136953353881836e+01
7.482776641845703125e-01,1.779079437255859375e-03
5.696858494329178901e-01,4.070758819580078125e-03
6.396418528476897070e-01,4.036426544189453125e-03
6.734326567343266179e-01,4.498767852783203125e-01
6.732326767323267847e-01,2.827978134155273438e-02
7.387261273872612888e-01,1.725712156295776367e+01
5.880985260009765625e-01,1.735687255859375000e-03
6.844217596400044012e-01,4.067897796630859375e-03
6.622837353031021390e-01,3.988027572631835938e-03
3.185681431856814405e-01,3.481545448303222656e-01
2.936706329367063106e-01,1.224088668823242188e-02
3.243675632436756051e-01,1.715787172317504883e+01
8.684120178222656250e-01,2.679824829101562500e-03
3.961152227076924492e-01,4.275798797607421875e-03
2.248461117475162307e-01,4.043579101562500000e-03
9.029097090290970351e-02,3.489103317260742188e-01
1.030896910308969072e-01,1.278567314147949219e-02
9.679032096790321504e-02,1.551348209381103516e+01
1.315879821777343750e-01,1.771926879882812500e-03
2.676886006181269373e-01,4.073619842529296875e-03
8.417501764527990371e-02,4.019975662231445312e-03
9.906009399060093923e-01,3.495922088623046875e-01
9.889011098890111429e-01,1.225233078002929688e-02
9.943005699430057520e-01,1.627779793739318848e+01
5.880985260009765625e-01,1.766204833984375000e-03
9.745731506414272438e-01,4.077672958374023438e-03
9.941923051344551121e-01,3.991842269897460938e-03
6.777322267773222553e-01,5.008568763732910156e-01
6.906309369063093895e-01,2.828454971313476562e-02
6.570342965703429572e-01,1.649213385581970215e+01
4.119014739990234375e-01,1.785278320312500000e-03
6.704995422983892617e-01,4.100322723388671875e-03
6.447384924955096297e-01,4.014253616333007812e-03
4.425557444255574513e-01,4.313235282897949219e-01
4.390560943905609248e-01,1.664829254150390625e-02
1.833816618338166282e-01,1.665211033821105957e+01
4.119014739990234375e-01,2.685546875000000000e-03
4.474757346947173531e-01,4.277944564819335938e-03
4.302305426670408606e-01,4.052639007568359375e-03
3.709629037096290327e-01,3.484475612640380859e-01
3.506649335066493456e-01,1.274156570434570312e-02
3.796620337966203351e-01,1.575118732452392578e+01
4.119014739990234375e-01,1.764297485351562500e-03
4.155468514231731025e-01,4.080057144165039062e-03
3.244973372752786855e-01,4.039525985717773438e-03
3.769623037696230305e-01,3.526093959808349609e-01
3.844615538446155556e-01,1.228857040405273438e-02
4.768523147685231334e-01,1.608950042724609375e+01
4.119014739990234375e-01,1.740217208862304688e-03
4.004679561810897126e-01,1.205778121948242188e-02
4.059730038963005327e-01,4.030466079711914062e-03
3.019698030196980576e-01,3.895723819732666016e-01
2.982701729827017534e-01,1.226162910461425781e-02
3.139686031396860533e-01,1.600941276550292969e+01
5.880985260009765625e-01,1.780033111572265625e-03
3.653517287891503429e-01,4.077434539794921875e-03
3.057143352789019053e-01,4.017591476440429688e-03
1.452854714528547253e-01,3.519062995910644531e-01
1.524847515248475283e-01,1.228308677673339844e-02
1.810818918108189068e-01,1.510541129112243652e+01
1.315879821777343750e-01,2.676248550415039062e-03
1.882903563241609679e-01,4.261255264282226562e-03
1.424832447254791856e-01,4.066228866577148438e-03
9.393060693930607163e-01,3.475353717803955078e-01
9.430056994300569650e-01,1.272916793823242188e-02
9.519048095190481007e-01,1.587928318977355957e+01
9.793052673339843750e-01,1.766204833984375000e-03
7.068272005145614933e-01,4.094839096069335938e-03
9.235370728007814556e-01,4.027366638183593750e-03
5.046495350464953455e-01,3.464694023132324219e-01
5.192480751924807292e-01,2.031064033508300781e-02
5.691430856914309055e-01,1.679308581352233887e+01
2.517223358154296875e-01,1.907110214233398438e-03
4.740064702695318544e-01,4.177808761596679688e-03
5.500647574722509203e-01,4.052877426147460938e-03
4.719528047195280518e-01,3.511130809783935547e-01
5.105489451054894268e-01,1.249122619628906250e-02
5.050494950504949010e-01,1.627410244941711426e+01
4.119014739990234375e-01,1.901865005493164062e-03
4.633035490180966720e-01,4.161119461059570312e-03
4.804574487476223066e-01,4.050493240356445312e-03
5.320467953204679468e-01,3.850398063659667969e-01
5.271472852714728097e-01,1.262307167053222656e-02
5.581441855814418540e-01,1.628757357597351074e+01
5.880985260009765625e-01,2.728223800659179688e-03
4.769051988986097168e-01,1.152157783508300781e-02
5.341908955838122752e-01,4.243373870849609375e-03
9.409059094090590492e-01,4.291479587554931641e-01
9.318068193180681913e-01,1.289129257202148438e-02
9.353064693530647178e-01,1.547999191284179688e+01
8.684120178222656250e-01,1.733064651489257812e-03
9.222457417919368572e-01,4.103422164916992188e-03
9.446700625720220179e-01,4.019737243652343750e-03
8.381161883811618640e-01,3.473651409149169922e-01
8.408159184081591686e-01,1.225924491882324219e-02
8.703129687031296857e-01,1.545724320411682129e+01
5.880985260009765625e-01,1.756906509399414062e-03
7.649029365311417195e-01,4.088401794433593750e-03
8.502057223292021071e-01,4.021167755126953125e-03
8.252174782521747298e-01,4.540388584136962891e-01
8.123187681231877066e-01,2.021980285644531250e-02
8.590140985901409953e-01,1.613469195365905762e+01
8.684120178222656250e-01,1.062989234924316406e-02
8.127302567491427876e-01,4.317522048950195312e-03
8.952391329426007127e-01,1.205945014953613281e-02
9.239076092390760553e-02,4.623141288757324219e-01
1.050894910508949065e-01,1.347851753234863281e-02
4.539546045395460167e-02,1.634129691123962402e+01
1.315879821777343750e-01,2.630949020385742188e-03
1.666532571684837261e-01,4.235744476318359375e-03
1.359943227195429816e-01,4.034996032714843750e-03
5.486451354864513297e-01,3.479850292205810547e-01
5.589441055894410759e-01,1.264548301696777344e-02
6.687331266873313140e-01,1.729309511184692383e+01
4.119014739990234375e-01,2.584934234619140625e-03
5.623683976103115434e-01,4.275083541870117188e-03
5.033148165772165505e-01,4.046916961669921875e-03
9.538046195380461834e-01,3.463478088378906250e-01
9.483051694830516576e-01,1.262736320495605469e-02
9.860013998600140050e-01,1.580235648155212402e+01
7.482776641845703125e-01,1.750946044921875000e-03
9.646185314736381855e-01,4.087448120117187500e-03
9.345541627619925462e-01,4.020214080810546875e-03
7.990200979902010170e-01,3.487677574157714844e-01
7.933206679332066580e-01,1.219987869262695312e-02
9.105089491050895045e-01,1.612760400772094727e+01
4.119014739990234375e-01,1.762390136718750000e-03
7.376648994925598668e-01,4.085779190063476562e-03
7.735973028341984747e-01,4.015207290649414062e-03
6.574342565743425126e-01,3.475189208984375000e-01
6.496350364963503488e-01,1.216602325439453125e-02
5.348465153484651680e-01,1.518097567558288574e+01
5.880985260009765625e-01,2.667427062988281250e-03
6.767716311302927057e-01,4.276514053344726562e-03
6.427368712554202279e-01,4.076957702636718750e-03
7.044295570442955512e-01,3.830151557922363281e-01
7.182281771822818239e-01,1.522374153137207031e-02
6.614338566143385112e-01,1.551915192604064941e+01
7.482776641845703125e-01,1.744270324707031250e-03
6.912414902953030182e-01,4.094362258911132812e-03
6.829115659172521058e-01,4.014253616333007812e-03
6.142385761423857504e-01,3.477938175201416016e-01
6.008399160083991442e-01,1.223039627075195312e-02
6.541345865413458194e-01,1.604601693153381348e+01
7.482776641845703125e-01,1.761436462402343750e-03
5.955331470699236629e-01,4.091024398803710938e-03
6.173207792371656621e-01,4.004955291748046875e-03
6.849315068493150305e-02,3.488512039184570312e-01
7.059294070592940507e-02,1.222181320190429688e-02
7.829217078292170784e-02,1.557096314430236816e+01
5.765914916992187500e-02,1.761674880981445312e-03
1.090318369503278650e-01,4.091739654541015625e-03
6.642664336395409652e-02,4.003286361694335938e-03
6.317368263173682719e-01,5.100266933441162109e-01
6.206379362063794147e-01,2.955126762390136719e-02
6.607339266073393169e-01,1.667961883544921875e+01
1.315879821777343750e-01,1.942873001098632812e-03
6.583688079460285891e-01,4.175662994384765625e-03
6.055791274689666936e-01,4.046201705932617188e-03
7.999200079992000445e-01,3.502881526947021484e-01
7.948205179482051852e-01,1.230859756469726562e-02
8.065193480651934310e-01,1.562331485748291016e+01
9.793052673339843750e-01,1.764535903930664062e-03
7.277447118067444931e-01,4.098892211914062500e-03
7.543099000862771852e-01,4.022598266601562500e-03
2.292770722927707228e-01,3.502857685089111328e-01
2.419758024197580237e-01,1.242661476135253906e-02
2.600739926007399339e-01,1.676769852638244629e+01
4.119014739990234375e-01,2.089023590087890625e-03
2.252552201662348930e-01,4.634141921997070312e-03
2.182942759087280749e-01,4.554986953735351562e-03
4.785521447855214383e-01,5.012047290802001953e-01
4.847515248475152694e-01,2.436828613281250000e-02
3.983601639836016339e-01,1.643799972534179688e+01
5.765914916992187500e-02,2.666473388671875000e-03
4.868844323490157389e-01,4.270076751708984375e-03
4.752181151150136063e-01,4.039287567138671875e-03
1.958804119588041237e-01,3.996994495391845703e-01
2.059794020597940090e-01,1.282787322998046875e-02
1.837816218378162114e-01,1.627400016784667969e+01
1.315879821777343750e-01,1.775741577148437500e-03
2.354834336681125850e-01,4.122972488403320312e-03
2.166249598821676781e-01,4.035472869873046875e-03
3.389661033896610581e-02,4.879968166351318359e-01
3.069693030696930142e-02,1.231980323791503906e-02
7.189281071892811292e-02,1.552615571022033691e+01
1.315879821777343750e-01,1.752376556396484375e-03
1.213645836002715805e-01,4.107236862182617188e-03
4.191085998350107394e-02,4.031658172607421875e-03
2.083791620837916192e-01,3.501660823822021484e-01
2.078792120787921194e-01,1.227974891662597656e-02
2.087791220877912302e-01,1.603724908828735352e+01
1.315879821777343750e-01,1.771450042724609375e-03
1.470409390878234523e-01,1.209998130798339844e-02
1.804608450629877625e-01,4.028558731079101562e-03
1.710828917108289104e-01,5.546300411224365234e-01
1.685831416858314113e-01,1.225781440734863281e-02
2.069793020697930086e-01,1.651951122283935547e+01
2.517223358154296875e-01,2.699375152587890625e-03
2.803526110206350785e-01,4.241228103637695312e-03
1.421344072797874336e-01,4.036664962768554688e-03
6.442355764423557396e-01,3.462736606597900391e-01
6.300369963003699114e-01,1.278066635131835938e-02
6.591340865913408731e-01,1.567042183876037598e+01
4.119014739990234375e-01,1.770496368408203125e-03
6.511794078396009322e-01,4.071712493896484375e-03
6.524548060570992680e-01,4.010915756225585938e-03
1.636836316368363298e-01,3.474421501159667969e-01
1.599840015998400256e-01,1.228094100952148438e-02
1.324867513248675077e-01,1.658454108238220215e+01
2.517223358154296875e-01,1.780986785888671875e-03
2.961441392076555879e-01,4.084587097167968750e-03
1.839380930736586595e-01,4.033327102661132812e-03
2.917708229177082280e-01,3.481440544128417969e-01
2.925707429257074499e-01,1.226854324340820312e-02
3.317668233176682135e-01,1.549948358535766602e+01
5.880985260009765625e-01,1.770496368408203125e-03
3.087184590806031359e-01,4.052639007568359375e-03
2.778615065230675141e-01,3.987789154052734375e-03
2.735726427357264012e-01,4.200313091278076172e-01
2.705729427057294023e-01,1.243066787719726562e-02
2.567743225677432406e-01,1.594797635078430176e+01
4.119014739990234375e-01,2.685785293579101562e-03
4.251250776164599565e-01,4.265785217285156250e-03
3.197005526104149120e-01,4.033803939819335938e-03
2.830716928307169256e-01,3.480422496795654297e-01
2.786721327867213160e-01,1.277446746826171875e-02
3.483651634836516520e-01,1.582776260375976562e+01
5.880985260009765625e-01,1.765727996826171875e-03
3.358250098568676401e-01,4.082679748535156250e-03
2.782305932992971131e-01,3.996849060058593750e-03
1.086891310868913080e-01,3.476824760437011719e-01
1.174882511748825131e-01,1.229834556579589844e-02
1.466853314668533081e-01,1.591049242019653320e+01
5.765914916992187500e-02,1.767873764038085938e-03
1.744649110726294028e-01,4.087924957275390625e-03
8.332253511306003668e-02,3.994226455688476562e-03
2.306769323067693334e-01,3.472371101379394531e-01
2.387761223877612193e-01,1.229596138000488281e-02
4.220577942205779309e-01,1.576128458976745605e+01
1.315879821777343750e-01,1.745700836181640625e-03
2.893868329832105513e-01,4.055261611938476562e-03
2.757222891498845030e-01,4.017114639282226562e-03
7.258274172582741546e-01,3.487567901611328125e-01
7.216278372162783228e-01,1.224255561828613281e-02
6.450354964503549615e-01,1.590112018585205078e+01
4.119014739990234375e-01,2.661466598510742188e-03
5.791577834527668056e-01,4.320859909057617188e-03
6.846207560386992075e-01,4.046201705932617188e-03
4.071592840715928530e-01,3.510260581970214844e-01
4.365563443655634535e-01,1.281189918518066406e-02
4.898510148985101287e-01,1.649332809448242188e+01
4.119014739990234375e-01,1.168727874755859375e-02
3.996350193186746225e-01,4.096269607543945312e-03
3.749832915618834250e-01,4.021883010864257812e-03
1.299870012998700051e-02,3.599946498870849609e-01
1.509849015098490080e-02,1.230072975158691406e-02
5.599440055994400756e-03,1.687479496002197266e+01
2.069473266601562500e-02,2.123594284057617188e-03
2.672215639004175969e-02,4.758119583129882812e-03
2.469764842866568888e-02,4.651546478271484375e-03
1.966803319668033179e-01,4.705691337585449219e-01
2.237776222377762247e-01,1.409292221069335938e-02
1.829817018298170173e-02,1.765432238578796387e+01
5.908966064453125000e-03,1.776695251464843750e-03
1.629184815656949947e-01,4.056930541992187500e-03
2.165873312547765828e-01,4.006624221801757812e-03
5.594440555944405480e-01,3.798153400421142578e-01
5.594440555944405480e-01,1.226186752319335938e-02
2.501749825017497986e-01,1.567212486267089844e+01
4.119014739990234375e-01,2.704620361328125000e-03
5.388423005202555016e-01,4.271030426025390625e-03
5.380262863723864752e-01,4.043579101562500000e-03
1.455854414558544196e-01,3.485651016235351562e-01
1.515848415158484175e-01,1.276040077209472656e-02
1.920807919208079306e-01,1.623947739601135254e+01
4.119014739990234375e-01,2.672672271728515625e-03
2.398093031142907172e-01,4.274606704711914062e-03
1.374558971108744698e-01,4.024505615234375000e-03
4.200579942005799317e-01,3.944983482360839844e-01
4.276572342765723178e-01,1.279425621032714844e-02
4.324567543245675383e-01,1.558283448219299316e+01
1.315879821777343750e-01,2.701044082641601562e-03
4.319504138315421460e-01,4.285812377929687500e-03
4.120413281187684795e-01,4.089832305908203125e-03
1.098890110988901131e-01,3.464052677154541016e-01
1.134886511348865146e-01,1.280927658081054688e-02
3.422657734226577375e-01,1.574594497680664062e+01
2.517223358154296875e-01,1.796483993530273438e-03
1.227928138331050301e-01,4.104852676391601562e-03
9.113056337651453953e-02,4.005193710327148438e-03
1.759824017598240198e-01,5.127851963043212891e-01
1.898810118988101259e-01,2.823829650878906250e-02
1.735826417358264095e-01,1.743416690826416016e+01
2.517223358154296875e-01,2.661705017089843750e-03
2.671161312166090984e-01,4.273176193237304688e-03
1.996671010062872065e-01,4.025697708129882812e-03
8.956104389561043710e-01,5.428578853607177734e-01
8.937106289371062884e-01,2.874684333801269531e-02
8.316168383161683941e-01,1.680730557441711426e+01
9.423408508300781250e-01,1.750469207763671875e-03
7.449356114667662343e-01,4.050970077514648438e-03
8.762650820613153702e-01,4.025459289550781250e-03
4.887511248875112679e-01,3.749139308929443359e-01
4.747525247475252730e-01,1.225972175598144531e-02
3.876612338766123322e-01,1.591246390342712402e+01
5.765914916992187500e-02,1.779794692993164062e-03
4.382732111520600826e-01,4.084110260009765625e-03
4.644666481280713133e-01,4.015922546386718750e-03
7.158284171582841582e-01,3.480341434478759766e-01
7.245275472452754606e-01,1.223301887512207031e-02
7.266273372662733765e-01,1.606032609939575195e+01
1.315879821777343750e-01,1.760482788085937500e-03
6.391226515058314739e-01,4.075527191162109375e-03
7.255262647228488682e-01,4.010438919067382812e-03
5.809419058094190680e-01,3.521950244903564453e-01
6.024397560243975880e-01,1.235914230346679688e-02
7.298270172982701531e-01,1.591728377342224121e+01
7.482776641845703125e-01,2.678871154785156250e-03
6.223210847137432555e-01,4.271507263183593750e-03
6.302760606647803687e-01,4.061460494995117188e-03
5.029497050294970406e-02,3.659090995788574219e-01
5.759424057594240282e-02,1.272296905517578125e-02
8.399160083991601133e-02,1.755293083190917969e+01
4.119014739990234375e-01,1.772642135620117188e-03
1.466633218974565112e-01,1.207447052001953125e-02
3.316970752009484880e-02,3.998517990112304688e-03
5.599440055994400756e-02,6.351037025451660156e-01
5.359464053594640426e-02,1.226258277893066406e-02
4.979502049795020424e-02,1.632560038566589355e+01
4.119014739990234375e-01,1.760244369506835938e-03
1.607242354636891357e-01,4.235267639160156250e-03
4.490754208082262805e-02,4.643678665161132812e-03
1.219878012198780115e-01,5.454638004302978516e-01
1.228877112288771084e-01,2.424597740173339844e-02
3.617638236176382582e-01,1.620512294769287109e+01
2.517223358154296875e-01,1.767635345458984375e-03
2.034080576986777578e-01,4.086732864379882812e-03
1.324847886139627340e-01,4.004240036010742188e-03
9.733026697330267041e-01,3.480298519134521484e-01
9.720027997200280101e-01,1.217746734619140625e-02
9.724027597240275655e-01,1.647947025299072266e+01
8.684120178222656250e-01,2.656936645507812500e-03
9.548493840288938550e-01,4.237413406372070312e-03
9.690289870564061658e-01,4.076719284057617188e-03
8.757124287571242949e-01,5.102159976959228516e-01
8.693130686931307416e-01,1.272463798522949219e-02
8.709129087091290744e-01,1.782201576232910156e+01
8.684120178222656250e-01,1.760721206665039062e-03
7.958996568311408337e-01,4.095077514648437500e-03
9.202842996738567205e-01,3.998279571533203125e-03
1.460853914608539195e-01,3.808979988098144531e-01
1.620837916208379137e-01,1.238155364990234375e-02
1.160883911608839164e-01,1.579281210899353027e+01
5.765914916992187500e-02,1.763820648193359375e-03
1.722663582851413633e-01,4.060506820678710938e-03
2.016560040545512522e-01,4.027843475341796875e-03
6.464353564643535721e-01,3.486878871917724609e-01
6.429357064293570456e-01,1.216101646423339844e-02
6.895310468953104177e-01,1.554279589653015137e+01
4.119014739990234375e-01,1.869678497314453125e-03
5.833995663188622505e-01,4.129171371459960938e-03
6.221053809704257809e-01,6.359815597534179688e-03
3.464653534646535138e-01,6.353354454040527344e-01
3.503649635036496512e-01,1.326179504394531250e-02
6.462353764623537389e-01,1.586307382583618164e+01
5.880985260009765625e-01,2.664804458618164062e-03
3.772102492816031827e-01,4.254817962646484375e-03
3.596714324184687728e-01,4.040479660034179688e-03
6.919308069193080835e-01,3.464863300323486328e-01
6.962303769623037208e-01,1.275086402893066406e-02
3.715628437156284214e-01,1.617108392715454102e+01
7.482776641845703125e-01,1.765012741088867188e-03
6.188025664358809408e-01,4.083633422851562500e-03
6.375888008543866281e-01,4.011631011962890625e-03
2.693730626937306250e-01,3.505392074584960938e-01
2.682731726827317087e-01,1.344966888427734375e-02
1.064893510648935171e-01,1.644069290161132812e+01
5.880985260009765625e-01,2.096414566040039062e-03
3.230149851924568605e-01,4.197120666503906250e-03
2.508207478657784040e-01,4.013061523437500000e-03
8.777122287771222942e-01,5.043957233428955078e-01
8.919108089191081223e-01,1.258254051208496094e-02
1.981801819818018173e-01,1.719303655624389648e+01
1.315879821777343750e-01,1.889228820800781250e-03
8.142724589893710618e-01,4.125833511352539062e-03
8.950197209617041239e-01,4.031896591186523438e-03
9.340065993400660238e-01,3.478424549102783203e-01
9.330066993300669687e-01,1.243901252746582031e-02
8.401159884011598633e-01,1.616604804992675781e+01
7.482776641845703125e-01,3.318309783935546875e-03
9.228489291225236979e-01,1.702976226806640625e-02
9.460252944392359975e-01,4.581451416015625000e-03
8.288171182881711729e-01,4.291141033172607422e-01
8.310168983101690054e-01,1.713538169860839844e-02
8.384161583841616139e-01,1.670769286155700684e+01
2.517223358154296875e-01,9.832620620727539062e-03
7.614205518642064296e-01,4.097223281860351562e-03
8.328497231567835168e-01,1.201272010803222656e-02
7.408259174082592047e-01,5.416522026062011719e-01
7.483251674832517297e-01,1.229023933410644531e-02
8.605139486051395226e-01,1.615235447883605957e+01
7.482776641845703125e-01,1.770734786987304688e-03
7.417552779484415382e-01,4.088878631591796875e-03
7.529882513692601753e-01,3.990411758422851562e-03
2.776722327767223164e-01,5.862026214599609375e-01
2.908709129087091450e-01,2.850461006164550781e-02
2.766723327667233168e-01,1.673795557022094727e+01
1.315879821777343750e-01,2.699851989746093750e-03
3.706866891687294885e-01,4.260540008544921875e-03
2.798325126538047658e-01,4.042863845825195312e-03
6.157384261573842776e-01,3.482565879821777344e-01
5.840415958404159280e-01,1.274538040161132812e-02
6.050394960503949759e-01,1.714657330513000488e+01
5.880985260009765625e-01,2.654075622558593750e-03
5.234991198799698875e-01,4.257917404174804688e-03
5.535613927731066752e-01,4.011869430541992188e-03
7.594240575942405869e-01,6.117055416107177734e-01
7.442255774422558146e-01,1.281213760375976562e-02
6.380361963803619085e-01,1.567863917350769043e+01
9.423408508300781250e-01,2.671480178833007812e-03
6.816302116930159638e-01,4.254817962646484375e-03
7.275815358397107468e-01,4.038572311401367188e-03
1.828817118288171284e-01,3.484315872192382812e-01
2.026797320267973157e-01,1.281952857971191406e-02
4.029597040295970073e-02,1.600673151016235352e+01
4.119014739990234375e-01,1.771450042724609375e-03
3.181050814739041499e-01,4.084110260009765625e-03
2.058357794326174939e-01,3.986358642578125000e-03
1.378862113788621169e-01,3.478405475616455078e-01
1.431856814318568094e-01,1.228022575378417969e-02
3.317668233176682135e-01,1.648387432098388672e+01
4.119014739990234375e-01,2.681255340576171875e-03
2.089417360597989881e-01,4.294872283935546875e-03
1.065688261455290387e-01,4.039525985717773438e-03
2.610738926107389335e-01,3.521535396575927734e-01
2.874712528747125351e-01,1.279783248901367188e-02
2.889711028897110415e-02,1.619391059875488281e+01
1.288414001464843750e-03,1.752138137817382812e-03
3.260326291895000450e-01,4.082679748535156250e-03
3.173586706727975493e-01,4.009246826171875000e-03
6.318368163183681885e-01,3.469297885894775391e-01
6.234376562343765249e-01,1.223134994506835938e-02
6.171382861713828882e-01,1.725880050659179688e+01
5.880985260009765625e-01,2.012491226196289062e-03
6.006805026168080541e-01,4.666805267333984375e-03
6.554382016252906507e-01,4.793405532836914062e-03
4.736526347365263567e-01,4.801948070526123047e-01
4.825517448255174369e-01,1.671576499938964844e-02
4.148585141485851557e-01,1.762179470062255859e+01
7.482776641845703125e-01,1.861572265625000000e-03
4.655467746086744962e-01,4.076480865478515625e-03
4.763469193519200284e-01,3.997564315795898438e-03
7.877212278772123266e-01,3.517074584960937500e-01
7.792220777922207464e-01,1.222658157348632812e-02
6.242375762423757468e-01,1.640557694435119629e+01
5.765914916992187500e-02,2.667427062988281250e-03
7.718224992702178433e-01,4.247426986694335938e-03
8.208530658255832613e-01,4.030704498291015625e-03
6.084391560843915858e-01,4.151999950408935547e-01
6.003399660033996721e-01,1.275110244750976562e-02
6.536346365363463473e-01,1.608473420143127441e+01
7.482776641845703125e-01,2.000570297241210938e-03
5.391574929330176236e-01,4.106998443603515625e-03
5.767068634518007775e-01,4.014730453491210938e-03
4.149585041495850585e-02,5.421824455261230469e-01
4.799520047995200350e-02,1.230812072753906250e-02
2.889711028897110415e-02,1.636059451103210449e+01
2.517223358154296875e-01,1.765489578247070312e-03
8.394395655099934350e-02,4.108428955078125000e-03
3.816903684048827267e-02,4.332780838012695312e-03
6.765323467653234779e-01,3.492782115936279297e-01
6.942305769423057216e-01,1.227116584777832031e-02
7.769223077692231083e-01,1.615229725837707520e+01
4.119014739990234375e-01,1.747846603393554688e-03
6.965551392401494457e-01,4.083871841430664062e-03
7.127590635034057875e-01,4.027605056762695312e-03
3.403659634036596549e-01,7.115418910980224609e-01
3.254674532546745214e-01,2.021908760070800781e-02
3.355664433556644344e-01,1.586157679557800293e+01
5.880985260009765625e-01,2.690315246582031250e-03
3.569045551675813499e-01,4.256248474121093750e-03
3.343754864989957887e-01,4.003286361694335938e-03
8.648135186481351599e-01,3.455560207366943359e-01
8.572142785721428293e-01,1.278686523437500000e-02
7.413258674132586767e-01,1.543119311332702637e+01
9.793052673339843750e-01,2.709865570068359375e-03
7.773637362667249473e-01,4.273176193237304688e-03
8.588168215594995658e-01,4.011154174804687500e-03
4.781521847815218274e-01,3.467922210693359375e-01
4.740525947405259677e-01,1.276397705078125000e-02
5.887411258874112319e-01,1.677074193954467773e+01
4.119014739990234375e-01,2.686977386474609375e-03
4.192114841647335277e-01,4.269599914550781250e-03
4.701593499182087355e-01,4.023551940917968750e-03
8.263173682631737016e-01,4.136662483215332031e-01
8.394160583941605580e-01,1.274991035461425781e-02
8.418158184181582238e-01,1.663717079162597656e+01
4.119014739990234375e-01,1.777410507202148438e-03
7.569279887291406883e-01,4.102706909179687500e-03
7.936672361260037611e-01,4.004001617431640625e-03
7.752224777522247479e-01,4.385514259338378906e-01
7.795220477952204963e-01,1.228857040405273438e-02
6.782321767823217273e-01,1.627606391906738281e+01
7.482776641845703125e-01,2.660751342773437500e-03
7.246990177459551319e-01,1.228904724121093750e-02
8.105127866324616237e-01,4.047393798828125000e-03
2.119788021197880346e-01,5.197737216949462891e-01
2.241775822417758357e-01,2.081942558288574219e-02
2.424757524247575236e-01,1.560087656974792480e+01
2.517223358154296875e-01,5.631923675537109375e-03
2.358769650632497883e-01,4.838228225708007812e-03
1.928437677664413541e-01,1.683068275451660156e-02
7.196280371962803235e-01,5.376892089843750000e-01
7.269273072692731263e-01,1.460790634155273438e-02
6.698330166983301748e-01,1.794053268432617188e+01
7.482776641845703125e-01,1.891374588012695312e-03
6.750719644388579743e-01,4.138946533203125000e-03
6.954890588522868455e-01,4.031896591186523438e-03
5.595440455954404646e-01,4.542260169982910156e-01
5.376462353764623892e-01,2.051544189453125000e-02
5.766423357664233196e-01,1.622926783561706543e+01
7.482776641845703125e-01,2.833127975463867188e-03
5.110498120338688999e-01,4.321336746215820312e-03
5.579934167173243864e-01,4.026651382446289062e-03
9.412058794120587990e-01,5.566551685333251953e-01
9.349065093490650513e-01,2.962207794189453125e-02
9.792020797920207853e-01,1.566055059432983398e+01
7.482776641845703125e-01,2.671957015991210938e-03
8.125447939481454940e-01,4.263162612915039062e-03
9.615356058776142190e-01,4.046201705932617188e-03
2.078792120787921194e-01,4.111788272857666016e-01
1.954804519548045127e-01,1.277208328247070312e-02
1.931806819318068191e-01,1.554382252693176270e+01
1.315879821777343750e-01,2.664089202880859375e-03
3.725251024261033161e-01,4.269599914550781250e-03
2.950368879278615353e-01,4.049301147460937500e-03
4.858514148585141301e-01,3.496079444885253906e-01
4.767523247675232723e-01,1.267719268798828125e-02
3.796620337966203351e-01,1.597248458862304688e+01
4.119014739990234375e-01,2.671718597412109375e-03
5.190321323360952421e-01,4.261016845703125000e-03
4.571539718644407890e-01,4.041671752929687500e-03
2.902709729027097563e-01,3.484077453613281250e-01
3.018698130186981410e-01,1.276206970214843750e-02
3.639636036396360352e-01,1.723065876960754395e+01
2.069473266601562500e-02,2.296447753906250000e-03
3.381871686274210420e-01,5.518436431884765625e-03
2.716670464656695816e-01,5.400657653808593750e-03
3.849615038496150693e-02,5.778312683105468750e-01
3.989601039896010365e-02,2.751541137695312500e-02
1.211878812118788173e-01,1.713357830047607422e+01
2.517223358154296875e-01,2.770185470581054688e-03
9.237561982798547788e-02,5.101203918457031250e-03
3.796967653730205089e-02,4.432678222656250000e-03
1.129887011298870078e-02,4.396014213562011719e-01
1.709829017098290008e-02,1.710605621337890625e-02
1.319868013198680079e-02,1.610934185981750488e+01
5.765914916992187500e-02,1.760005950927734375e-03
3.069682988096659668e-02,1.212668418884277344e-02
1.710015138902630169e-02,4.026651382446289062e-03
3.110688931106889155e-01,3.571898937225341797e-01
3.129687031296870536e-01,1.220536231994628906e-02
4.205579442055794592e-01,1.554807257652282715e+01
1.315879821777343750e-01,1.757383346557617188e-03
2.889661952734922101e-01,4.081726074218750000e-03
3.691410182734309320e-01,3.997087478637695312e-03
1.209879012098790188e-02,3.476765155792236328e-01
1.499850014998500153e-02,1.217269897460937500e-02
2.999700029997000219e-03,1.677811121940612793e+01
5.908966064453125000e-03,1.879692077636718750e-03
2.778458019721313094e-02,4.160404205322265625e-03
8.434177093704493117e-03,6.618499755859375000e-03
2.842715728427157029e-01,3.757171630859375000e-01
2.928707129287071442e-01,1.333260536193847656e-02
5.672432756724327119e-01,1.645317435264587402e+01
2.517223358154296875e-01,2.722024917602539062e-03
3.141607111611288694e-01,4.288434982299804688e-03
2.968362255110799097e-01,4.041194915771484375e-03
3.457654234576542085e-01,3.487460613250732422e-01
3.542645735426457332e-01,1.276779174804687500e-02
4.368563143685631478e-01,1.557705640792846680e+01
5.765914916992187500e-02,2.642154693603515625e-03
3.009272801311347334e-01,4.270076751708984375e-03
3.634648602565059838e-01,4.053354263305664062e-03
3.831616838316168616e-01,4.610247611999511719e-01
3.901609839016098591e-01,2.878427505493164062e-02
3.577642235776422597e-01,1.675539731979370117e+01
2.517223358154296875e-01,1.763582229614257812e-03
3.864806837644702009e-01,4.077911376953125000e-03
3.783488198651572265e-01,3.996372222900390625e-03
1.372862713728627004e-01,3.498036861419677734e-01
1.486851314868513074e-01,1.232624053955078125e-02
8.899110088991100953e-02,1.604059767723083496e+01
5.765914916992187500e-02,1.779317855834960938e-03
1.886849239293077463e-01,4.094600677490234375e-03
1.312963873420542327e-01,4.024028778076171875e-03
7.697230276972302221e-01,3.495104312896728516e-01
7.639236076392360575e-01,1.231503486633300781e-02
5.197480251974802012e-01,1.644442009925842285e+01
9.423408508300781250e-01,2.667188644409179688e-03
5.927347145652005489e-01,4.297018051147460938e-03
7.949397231341834846e-01,4.072666168212890625e-03
1.083891610838916136e-01,3.522145748138427734e-01
1.042895710428957123e-01,1.281094551086425781e-02
2.909709029097090269e-02,1.586566138267517090e+01
5.765914916992187500e-02,1.774787902832031250e-03
1.896370693068024083e-01,4.095315933227539062e-03
1.176986494556322982e-01,3.993749618530273438e-03
3.999600039996000617e-04,3.476574420928955078e-01
7.999200079992001234e-04,1.230645179748535156e-02
5.999400059994000655e-04,1.615834856033325195e+01
2.012252807617187500e-04,1.788616180419921875e-03
4.475947818682590555e-03,4.109382629394531250e-03
1.741933844618688988e-03,4.016637802124023438e-03
9.719028097190280935e-01,3.490991592407226562e-01
9.686031396860314002e-01,1.224923133850097656e-02
8.693130686931307416e-01,1.642148947715759277e+01
9.423408508300781250e-01,1.836776733398437500e-03
9.408459981642676162e-01,4.113435745239257812e-03
9.831859633226454065e-01,4.026412963867187500e-03
3.501649835016498180e-01,3.517067432403564453e-01
3.568643135686431211e-01,1.226139068603515625e-02
3.479652034796520410e-01,1.502522850036621094e+01
5.880985260009765625e-01,2.684593200683593750e-03
4.044742166835738617e-01,4.287242889404296875e-03
4.565064618730076962e-01,4.029035568237304688e-03
4.858514148585141301e-01,3.508329391479492188e-01
5.137486251374862034e-01,1.282000541687011719e-02
3.883611638836116375e-01,1.510769438743591309e+01
1.315879821777343750e-01,1.757144927978515625e-03
4.997107382506683626e-01,4.090309143066406250e-03
3.586352516108105570e-01,4.008054733276367188e-03
7.909209079092090200e-02,3.503708839416503906e-01
8.299170082991701169e-02,1.231193542480468750e-02
5.489451054894510518e-02,1.607840394973754883e+01
1.315879821777343750e-01,1.781940460205078125e-03
1.584034473675125509e-01,4.080533981323242188e-03
5.599287186911034581e-02,3.998517990112304688e-03
3.419658034196580015e-02,4.274642467498779297e-01
3.559644035596440381e-02,1.259922981262207031e-02
3.949605039496050657e-02,1.765263319015502930e+01
2.069473266601562500e-02,1.777410507202148438e-03
1.558042659727437163e-01,4.093170166015625000e-03
1.753329720461755878e-02,3.992319107055664062e-03
6.554344565543445134e-01,3.474881649017333984e-01
6.741325867413258122e-01,1.225900650024414062e-02
7.113288671132886876e-01,1.558816027641296387e+01
4.119014739990234375e-01,2.718210220336914062e-03
5.732097099773785231e-01,4.275321960449218750e-03
6.269030283811654058e-01,3.999471664428710938e-03
9.646035396460354017e-01,4.547631740570068359e-01
9.633036696330367077e-01,1.277899742126464844e-02
9.769023097690231472e-01,1.546420955657958984e+01
8.684120178222656250e-01,1.772165298461914062e-03
6.770567035930286082e-01,4.106044769287109375e-03
9.720790365443897629e-01,3.988265991210937500e-03
8.661133886611338539e-01,3.470339775085449219e-01
8.664133586641336038e-01,1.227045059204101562e-02
7.764223577642235252e-01,1.674464941024780273e+01
7.482776641845703125e-01,1.757144927978515625e-03
7.569119010522548097e-01,4.080295562744140625e-03
8.796280563133862529e-01,4.009485244750976562e-03
8.226177382261773419e-01,3.739683628082275391e-01
8.282171782821717843e-01,1.232481002807617188e-02
7.176282371762823242e-01,1.576321315765380859e+01
2.517223358154296875e-01,1.760244369506835938e-03
7.685891709484660161e-01,4.075050354003906250e-03
8.378543598095120615e-01,4.021644592285156250e-03
6.664333566643335649e-01,3.493626117706298828e-01
6.769323067693230334e-01,1.351881027221679688e-02
4.733526647335266624e-01,1.680401873588562012e+01
2.517223358154296875e-01,1.936912536621093750e-03
6.056584923381019836e-01,4.139423370361328125e-03
6.402684021576215967e-01,4.005670547485351562e-03
6.825317468253174757e-01,3.464567661285400391e-01
6.829317068293170312e-01,1.234388351440429688e-02
6.379362063793621029e-01,1.707400918006896973e+01
1.315879821777343750e-01,1.760482788085937500e-03
6.564405400826536230e-01,4.369974136352539062e-03
6.378714117950312623e-01,3.979682922363281250e-03
1.319868013198680079e-02,3.729813098907470703e-01
1.839816018398160100e-02,1.247286796569824219e-02
4.799520047995200524e-03,1.712015891075134277e+01
1.315879821777343750e-01,1.790285110473632812e-03
5.576324032114163970e-02,4.054307937622070312e-03
2.086282102553813425e-02,3.994941711425781250e-03
7.179282071792821018e-02,4.138407707214355469e-01
7.709229077092290272e-02,1.225423812866210938e-02
1.629837016298370245e-02,1.722024345397949219e+01
5.908966064453125000e-03,1.766920089721679688e-03
9.765828722657993177e-02,4.071712493896484375e-03
8.007571680357339350e-02,4.016399383544921875e-03
3.277672232776722150e-01,3.474645614624023438e-01
3.350664933506649068e-01,1.227641105651855469e-02
2.679732026797320144e-01,1.654302287101745605e+01
5.765914916992187500e-02,2.638816833496093750e-03
4.098079890079444620e-01,4.266262054443359375e-03
3.543825999732176379e-01,1.201534271240234375e-02
3.196680331966803568e-01,4.075887203216552734e-01
3.314668533146685192e-01,1.278352737426757812e-02
4.170582941705829327e-01,1.622466325759887695e+01
2.517223358154296875e-01,1.796960830688476562e-03
4.013107993649148719e-01,4.092216491699218750e-03
3.300802042074976184e-01,4.032135009765625000e-03
5.763423657634236807e-01,3.492980003356933594e-01
5.827417258274172340e-01,1.230788230895996094e-02
4.762523747625237447e-01,1.639675426483154297e+01
2.517223358154296875e-01,1.762151718139648438e-03
5.853391074917051462e-01,4.093408584594726562e-03
5.510638875547773097e-01,4.002094268798828125e-03
3.039696030396960361e-02,3.481781482696533203e-01
3.679632036796320199e-02,1.228737831115722656e-02
8.879112088791120405e-02,1.705802512168884277e+01
1.315879821777343750e-01,2.654790878295898438e-03
8.880227830497283703e-02,4.291296005249023438e-03
4.163364722369949228e-02,4.055976867675781250e-03
7.096290370962903271e-01,3.794102668762207031e-01
7.227277272272772946e-01,1.279950141906738281e-02
6.546345365463454025e-01,1.640674924850463867e+01
4.119014739990234375e-01,1.785278320312500000e-03
6.451192481812455526e-01,4.078865051269531250e-03
6.702326624080297002e-01,4.001855850219726562e-03
6.351364863513648817e-01,3.490400314331054688e-01
6.270372962703729680e-01,1.224923133850097656e-02
7.503249675032497290e-01,1.587972283363342285e+01
4.119014739990234375e-01,1.758813858032226562e-03
6.244224585581258369e-01,4.065275192260742188e-03
6.050966979518912492e-01,3.978729248046875000e-03
9.769023097690231472e-01,4.141657352447509766e-01
9.774022597740226193e-01,1.225113868713378906e-02
9.451054894510548809e-01,1.639897179603576660e+01
9.793052673339843750e-01,1.744031906127929688e-03
6.369134525776607436e-01,4.081010818481445312e-03
9.878030639428234672e-01,3.978729248046875000e-03
4.054594540545945480e-01,5.040459632873535156e-01
4.117588241175882402e-01,1.220893859863281250e-02
4.184581541845815433e-01,1.607618165016174316e+01
7.482776641845703125e-01,2.657175064086914062e-03
4.615694153454358295e-01,4.282951354980468750e-03
4.100322370310981457e-01,4.011392593383789062e-03
3.657634236576342568e-01,3.474483489990234375e-01
3.807619238076192514e-01,1.267337799072265625e-02
3.807619238076192514e-01,1.579953432083129883e+01
5.765914916992187500e-02,1.749753952026367188e-03
4.065008058642077815e-01,4.095077514648437500e-03
3.595169270969391651e-01,4.020452499389648438e-03
5.616438356164383805e-01,3.497803211212158203e-01
5.673432656734326285e-01,1.220941543579101562e-02
6.400359964003600188e-01,1.561096215248107910e+01
4.119014739990234375e-01,1.763105392456054688e-03
5.122969221875194323e-01,4.104852676391601562e-03
4.720091709681631942e-01,4.022598266601562500e-03
4.670532946705329702e-01,3.502078056335449219e-01
4.558544145585441409e-01,1.224875450134277344e-02
3.387661233876612110e-01,1.678496980667114258e+01
5.880985260009765625e-01,1.756429672241210938e-03
4.158370323134034097e-01,4.115343093872070312e-03
3.653659632697359161e-01,3.996849060058593750e-03
9.320067993200680245e-01,3.503367900848388672e-01
9.267073292670733320e-01,1.216864585876464844e-02
9.634036596340366243e-01,1.731280899047851562e+01
7.482776641845703125e-01,2.672910690307617188e-03
8.641459685441049698e-01,4.270792007446289062e-03
9.643712703820740417e-01,4.012823104858398438e-03
2.419758024197580376e-02,3.482108116149902344e-01
2.909709029097090269e-02,1.271700859069824219e-02
8.799120087991201683e-03,1.627444982528686523e+01
2.069473266601562500e-02,1.760721206665039062e-03
4.697552396449556494e-02,4.069328308105468750e-03
2.133363104754780817e-02,3.995180130004882812e-03
4.746525347465253564e-01,3.485851287841796875e-01
4.753524647535246617e-01,1.223206520080566406e-02
2.155784421557844222e-01,1.639458179473876953e+01
5.880985260009765625e-01,1.779556274414062500e-03
4.778043555504176143e-01,4.080057144165039062e-03
4.843884091415745496e-01,4.021883010864257812e-03
3.226677332266773557e-01,3.479397296905517578e-01
3.106689331066893045e-01,1.218485832214355469e-02
2.290770922907709173e-01,1.574767303466796875e+01
2.517223358154296875e-01,1.760959625244140625e-03
4.133312028278852135e-01,4.077672958374023438e-03
3.330803956808162658e-01,4.017591476440429688e-03
9.715028497150285380e-01,4.143841266632080078e-01
9.716028397160283436e-01,1.223421096801757812e-02
9.619038096190380971e-01,1.657669401168823242e+01
9.793052673339843750e-01,2.670526504516601562e-03
8.745526520073807486e-01,4.291296005249023438e-03
9.738597751997742913e-01,4.000663757324218750e-03
7.059294070592940507e-02,3.488066196441650391e-01
7.719228077192280546e-02,1.270747184753417969e-02
2.212778722127787256e-01,1.673478293418884277e+01
2.069473266601562500e-02,2.215385437011718750e-03
1.222244769500878125e-01,4.613399505615234375e-03
1.042828097773724205e-01,4.753112792968750000e-03
8.214178582141785645e-01,4.075710773468017578e-01
8.071192880711929307e-01,1.798367500305175781e-02
7.507249275072492845e-01,1.671972298622131348e+01
9.793052673339843750e-01,1.749753952026367188e-03
6.902999855059737122e-01,4.098415374755859375e-03
8.512874623891222292e-01,1.204323768615722656e-02
2.200779922007799205e-01,5.307228565216064453e-01
2.423757624237576347e-01,1.226019859313964844e-02
1.586841315868413038e-01,1.758194136619567871e+01
1.315879821777343750e-01,2.039432525634765625e-03
2.730783495534596095e-01,4.081249237060546875e-03
2.678966774584997657e-01,4.163980484008789062e-03
1.439856014398560070e-02,4.128348827362060547e-01
1.419858014198580216e-02,1.230144500732421875e-02
1.269873012698730097e-02,1.534784579277038574e+01
4.119014739990234375e-01,2.840280532836914062e-03
1.198139928476862730e-02,4.291772842407226562e-03
8.511725836734504100e-03,4.058361053466796875e-03
7.879212078792120766e-02,6.687617301940917969e-01
7.759224077592240254e-02,2.092957496643066406e-02
1.813818618138186289e-01,1.815490341186523438e+01
5.908966064453125000e-03,1.768350601196289062e-03
1.406129777615320875e-01,4.100561141967773438e-03
7.589582093660184048e-02,4.032135009765625000e-03
8.795120487951204602e-01,3.968672752380371094e-01
8.780121987801219330e-01,1.248836517333984375e-02
7.812218778122187457e-01,1.643505215644836426e+01
5.880985260009765625e-01,1.763343811035156250e-03
8.383911151911050963e-01,4.109382629394531250e-03
8.418115064170272888e-01,3.995656967163085938e-03
3.699630036996300331e-01,3.636980056762695312e-01
3.713628637136286437e-01,2.748274803161621094e-02
2.836716328367163142e-01,1.633553457260131836e+01
5.880985260009765625e-01,1.778602600097656250e-03
3.765829968563318420e-01,4.091024398803710938e-03
4.099797441785464347e-01,4.015207290649414062e-03
9.070092990700929780e-01,5.423502922058105469e-01
8.993100689931007308e-01,1.226019859313964844e-02
9.645035496450354850e-01,1.608017730712890625e+01
9.793052673339843750e-01,2.668380737304687500e-03
7.873052419681423331e-01,4.250764846801757812e-03
9.183589270188181608e-01,4.033565521240234375e-03
4.535546445355464473e-01,5.772047042846679688e-01
4.700529947005299691e-01,1.281595230102539062e-02
5.476452354764523855e-01,1.570278930664062500e+01
4.119014739990234375e-01,2.680063247680664062e-03
4.517436525161693806e-01,4.313707351684570312e-03
4.940608902765289412e-01,4.030227661132812500e-03
3.453654634536546530e-01,3.484070301055908203e-01
3.482651734826517353e-01,1.275515556335449219e-02
3.735626437356264207e-01,1.529508829116821289e+01
4.119014739990234375e-01,2.693176269531250000e-03
4.221048456146902494e-01,4.257917404174804688e-03
3.178708400382688204e-01,4.018783569335937500e-03
3.483651634836516520e-01,3.465623855590820312e-01
3.590640935906409537e-01,1.274466514587402344e-02
2.014798520147985106e-01,1.602903580665588379e+01
1.315879821777343750e-01,1.775979995727539062e-03
4.017925233143310737e-01,4.087686538696289062e-03
3.161565686847254142e-01,4.011392593383789062e-03
3.399660033996600161e-02,3.889768123626708984e-01
3.879612038796120127e-02,1.227688789367675781e-02
2.899710028997100342e-02,1.553304123878479004e+01
5.908966064453125000e-03,2.673625946044921875e-03
4.079143994022946251e-02,4.278659820556640625e-03
2.595434837849596235e-02,4.030704498291015625e-03
3.019698030196980160e-02,3.483333587646484375e-01
3.499650034996500125e-02,1.276683807373046875e-02
3.139686031396859978e-02,1.670886111259460449e+01
2.069473266601562500e-02,1.782417297363281250e-03
6.183127489000880828e-02,4.065513610839843750e-03
3.704686733812820321e-02,4.000186920166015625e-03
4.138586141385861561e-01,4.510192871093750000e-01
4.077592240775922416e-01,1.229500770568847656e-02
2.538746125387461028e-01,1.588566565513610840e+01
2.517223358154296875e-01,9.779214859008789062e-03
4.013908177541472000e-01,4.107713699340820312e-03
4.368432497600133191e-01,3.988027572631835938e-03
1.108889111088891127e-01,3.800096511840820312e-01
1.192880711928807069e-01,1.226878166198730469e-02
4.227577242275772362e-01,1.746875524520874023e+01
2.517223358154296875e-01,1.748800277709960938e-03
1.937300035170676504e-01,1.203036308288574219e-02
6.865784905747226996e-02,4.013538360595703125e-03
4.339566043395660239e-02,5.190403461456298828e-01
5.199480051994800206e-02,2.029418945312500000e-02
3.079692030796920416e-02,2.075445365905761719e+01
5.908966064453125000e-03,2.645015716552734375e-03
4.949569754885457806e-02,4.291534423828125000e-03
6.130503552546985591e-02,4.031896591186523438e-03
3.476652334766523467e-01,3.498880863189697266e-01
3.553644635536446494e-01,1.280379295349121094e-02
3.105689431056894434e-01,1.848759055137634277e+01
2.517223358154296875e-01,1.771450042724609375e-03
4.034074837542309666e-01,4.091024398803710938e-03
3.558762193957296094e-01,4.278898239135742188e-03
5.228477152284771723e-01,3.539321422576904297e-01
5.208479152084791730e-01,1.231098175048828125e-02
3.323667633236676577e-01,1.900623011589050293e+01
1.315879821777343750e-01,1.737594604492187500e-03
5.432031049785760457e-01,4.080295562744140625e-03
5.147926705888152821e-01,4.006624221801757812e-03
6.418358164183581849e-01,5.102899074554443359e-01
6.414358564143585184e-01,1.230645179748535156e-02
8.219178082191780366e-01,1.837225627899169922e+01
4.119014739990234375e-01,1.885414123535156250e-03
5.724493266316885709e-01,4.151582717895507812e-03
6.308304487096292323e-01,3.994226455688476562e-03
1.518848115188481118e-01,3.485655784606933594e-01
1.559844015598440270e-01,1.239943504333496094e-02
1.042895710428957123e-01,1.767529439926147461e+01
2.517223358154296875e-01,3.415822982788085938e-03
2.425887165201183748e-01,1.699972152709960938e-02
1.536594911413378117e-01,4.627943038940429688e-03
6.776322367763223387e-01,3.958275318145751953e-01
6.672332766723327868e-01,1.285815238952636719e-02
5.632436756324367133e-01,1.726892590522766113e+01
5.880985260009765625e-01,1.780509948730468750e-03
5.900608672165883473e-01,4.096746444702148438e-03
6.784967232796250691e-01,4.015922546386718750e-03
4.788521147885211326e-01,3.487544059753417969e-01
4.760523947605239670e-01,1.227998733520507812e-02
4.706529347065293578e-01,1.590038323402404785e+01
2.517223358154296875e-01,1.751661300659179688e-03
4.912143367411873629e-01,4.112482070922851562e-03
5.051383896082610736e-01,3.991127014160156250e-03
7.270272972702729319e-01,3.797628879547119141e-01
7.112288771122887709e-01,1.225161552429199219e-02
5.683431656834316836e-01,1.656939840316772461e+01
4.119014739990234375e-01,2.666950225830078125e-03
7.204281089492128309e-01,4.621744155883789062e-03
7.368445233924163507e-01,4.029512405395507812e-03
3.148685131486851363e-01,4.381289482116699219e-01
3.051694830516948342e-01,2.093553543090820312e-02
1.839816018398160169e-01,1.579135298728942871e+01
2.069473266601562500e-02,2.668380737304687500e-03
3.014033837376659530e-01,4.267692565917968750e-03
3.289994413380563643e-01,4.027605056762695312e-03
5.449455054494550810e-01,3.476037979125976562e-01
5.616438356164383805e-01,1.272583007812500000e-02
8.913108689131087337e-01,1.627686738967895508e+01
4.119014739990234375e-01,2.691030502319335938e-03
5.076011980142950408e-01,4.268407821655273438e-03
5.531365984123842727e-01,4.063129425048828125e-03
2.966703329667033096e-01,3.820478916168212891e-01
2.765723427657234001e-01,1.274585723876953125e-02
6.429357064293570456e-01,1.554395937919616699e+01
8.684120178222656250e-01,1.759767532348632812e-03
3.398563129529136306e-01,4.085063934326171875e-03
2.856580742161393127e-01,3.974914550781250000e-03
9.705029497050294829e-01,3.474650382995605469e-01
9.688031196880312335e-01,1.222252845764160156e-02
9.621037896210379303e-01,1.507725954055786133e+01
7.482776641845703125e-01,1.770496368408203125e-03
9.209443107286641172e-01,4.070043563842773438e-03
9.789035668090456666e-01,4.002571105957031250e-03
6.879312068793121127e-02,4.780077934265136719e-01
7.149285071492850197e-02,1.230502128601074219e-02
4.059594040595940201e-02,1.604799461364746094e+01
2.517223358154296875e-01,2.639055252075195312e-03
9.346277510181655312e-02,4.287481307983398438e-03
4.732081169860947317e-02,4.049301147460937500e-03
9.891010898910108651e-01,3.486576080322265625e-01
9.878012198780121711e-01,1.271128654479980469e-02
9.704029597040295663e-01,1.607675337791442871e+01
7.482776641845703125e-01,1.746177673339843750e-03
9.532252261877628419e-01,1.209092140197753906e-02
9.931702906403661046e-01,3.990173339843750000e-03
6.802319768023197266e-01,5.048208236694335938e-01
6.724327567243275627e-01,1.221346855163574219e-02
6.784321567843215606e-01,2.032998561859130859e+01
5.880985260009765625e-01,1.730918884277343750e-03
6.649617617580264595e-01,4.073858261108398438e-03
6.849855052890019280e-01,4.093885421752929688e-03
9.180081991800820296e-01,4.770514965057373047e-01
9.164083591640835857e-01,2.020096778869628906e-02
8.809119088091190708e-01,1.936686038970947266e+01
7.482776641845703125e-01,2.743482589721679688e-03
8.405125126170829297e-01,4.092693328857421875e-03
9.111309553935649230e-01,3.996372222900390625e-03
8.101189881011898741e-01,4.442899227142333984e-01
8.088191180881911801e-01,1.218843460083007812e-02
5.853414658534146220e-01,2.178311800956726074e+01
5.880985260009765625e-01,2.629518508911132812e-03
7.608273613250736700e-01,1.227760314941406250e-02
8.504746390402347922e-01,4.020690917968750000e-03
5.109489051094890516e-02,5.227603912353515625e-01
6.099390060993900575e-02,1.262807846069335938e-02
1.172882711728827076e-01,2.146974468231201172e+01
1.315879821777343750e-01,1.756191253662109375e-03
1.277679588583549575e-01,4.220962524414062500e-03
5.120182887432522811e-02,5.020141601562500000e-03
7.604239576042395310e-01,5.559546947479248047e-01
7.619238076192380582e-01,1.215624809265136719e-02
7.996200379962004057e-01,2.030792450904846191e+01
2.517223358154296875e-01,1.726150512695312500e-03
7.520510832952536084e-01,4.254579544067382812e-03
7.620473126369616823e-01,4.028797149658203125e-03
5.399460053994600273e-01,4.787225723266601562e-01
5.245475452454754217e-01,1.216292381286621094e-02
5.209479052094790896e-01,1.631932210922241211e+01
1.315879821777343750e-01,1.859426498413085938e-03
5.673726780838331818e-01,4.157066345214843750e-03
5.319125284670193077e-01,4.071950912475585938e-03
9.611038896110388752e-01,3.501873016357421875e-01
9.551044895510448773e-01,1.241636276245117188e-02
9.815018498150185344e-01,1.667542147636413574e+01
4.119014739990234375e-01,1.070809364318847656e-02
6.545471506343671919e-01,4.257678985595703125e-03
9.717303023481049795e-01,1.205229759216308594e-02
2.839716028397160433e-02,4.464695453643798828e-01
3.439656034396560563e-02,1.317787170410156250e-02
1.077892210778922111e-01,1.635537815093994141e+01
5.908966064453125000e-03,1.731157302856445312e-03
6.407812649741266575e-02,4.064321517944335938e-03
4.960482682450077091e-02,3.996133804321289062e-03
8.180181981801819546e-01,4.137046337127685547e-01
8.216178382161783977e-01,1.213717460632324219e-02
7.835216478352164948e-01,2.110380411148071289e+01
4.119014739990234375e-01,9.660959243774414062e-03
6.732590602072561214e-01,4.081249237060546875e-03
8.458232131433932599e-01,1.200461387634277344e-02
6.309369063093690777e-02,6.521282196044921875e-01
6.769323067693230889e-02,2.024674415588378906e-02
1.225877412258774141e-01,1.913118863105773926e+01
7.482776641845703125e-01,2.790927886962890625e-03
1.755276276150344317e-01,4.525661468505859375e-03
1.713530912454462596e-02,4.317283630371093750e-03
9.962003799620038347e-01,3.584666252136230469e-01
9.938006199380061689e-01,1.290249824523925781e-02
9.919008099190080863e-01,1.637568902969360352e+01
9.987115859985351562e-01,2.675056457519531250e-03
9.572412334904312203e-01,4.271030426025390625e-03
9.943745960226182401e-01,4.060029983520507812e-03
7.489251074892511184e-01,3.828940391540527344e-01
7.360263973602639842e-01,2.857661247253417969e-02
6.476352364763523495e-01,1.717244982719421387e+01
7.482776641845703125e-01,2.645969390869140625e-03
7.222049246732843431e-01,1.626038551330566406e-02
7.382753458471866814e-01,4.005432128906250000e-03
3.263673632636736599e-01,4.788432121276855469e-01
3.423657634236576541e-01,2.129507064819335938e-02
1.929807019298070137e-02,1.813019323348999023e+01
1.315879821777343750e-01,1.748085021972656250e-03
3.166113616001803854e-01,4.046916961669921875e-03
2.619304848038188083e-01,3.966808319091796875e-03
2.798720127987201489e-01,3.478174209594726562e-01
3.045695430456954456e-01,1.212334632873535156e-02
5.296470352964703920e-01,1.693500661849975586e+01
2.517223358154296875e-01,2.604484558105468750e-03
3.493131747974624890e-01,4.240512847900390625e-03
2.522363667136225396e-01,3.998279571533203125e-03
8.126187381261873455e-01,4.165537357330322266e-01
8.100189981001899575e-01,1.260399818420410156e-02
8.142185781421857893e-01,1.586475586891174316e+01
2.517223358154296875e-01,1.724720001220703125e-03
7.965672671431376362e-01,4.071235656738281250e-03
8.098560414986002431e-01,3.971815109252929688e-03
6.832316768323167810e-01,3.484191894531250000e-01
6.627337266273373162e-01,1.216340065002441406e-02
7.655234476552345013e-01,1.616990184783935547e+01
8.684120178222656250e-01,1.721858978271484375e-03
5.720411455540606038e-01,4.071235656738281250e-03
6.831106658342946947e-01,3.988742828369140625e-03
6.959304069593040543e-02,3.486967086791992188e-01
7.259274072592740434e-02,1.213097572326660156e-02
5.979402059794020757e-02,1.677354764938354492e+01
2.517223358154296875e-01,1.716852188110351562e-03
1.182906991859556944e-01,4.059553146362304688e-03
5.235592782253885302e-02,4.009485244750976562e-03
4.368563143685631478e-01,4.044973850250244141e-01
4.319568043195680662e-01,1.208066940307617188e-02
3.797620237976202517e-01,1.694414424896240234e+01
7.482776641845703125e-01,2.643823623657226562e-03
4.032525035964482640e-01,4.264831542968750000e-03
3.464926293240538357e-01,4.009008407592773438e-03
8.800119988001200433e-01,4.034261703491210938e-01
8.785121487851215161e-01,1.265788078308105469e-02
7.293270672932706811e-01,1.704207777976989746e+01
7.482776641845703125e-01,1.860141754150390625e-03
7.645850586934110904e-01,4.143476486206054688e-03
8.471599239070864984e-01,4.000186920166015625e-03
4.714528547145285242e-01,3.479647636413574219e-01
4.655534446555344430e-01,1.241111755371093750e-02
4.277572242775722344e-01,1.758221197128295898e+01
5.880985260009765625e-01,1.747608184814453125e-03
4.947276492653239210e-01,4.079103469848632812e-03
4.568357111113108826e-01,4.019021987915039062e-03
1.606839316068393031e-01,3.457851409912109375e-01
1.681831816818318281e-01,1.210975646972656250e-02
6.119388061193880429e-02,1.856392812728881836e+01
1.315879821777343750e-01,1.865863800048828125e-03
1.659998230234275840e-01,4.672765731811523438e-03
1.150977590154462771e-01,4.050970077514648438e-03
1.036896310368963098e-01,4.188578128814697266e-01
1.154884511548845138e-01,1.247620582580566406e-02
1.122887711228877095e-01,1.715465950965881348e+01
5.908966064453125000e-03,2.671480178833007812e-03
1.648869158630530407e-01,4.227161407470703125e-03
1.043305686354834561e-01,4.035711288452148438e-03
1.995800419958004279e-01,4.750001430511474609e-01
2.135786421357864229e-01,1.335430145263671875e-02
3.249675032496750493e-01,1.647313070297241211e+01
1.315879821777343750e-01,1.749277114868164062e-03
3.192020602613331315e-01,4.135131835937500000e-03
2.377155373155991902e-01,4.023551940917968750e-03
8.305169483051695334e-01,3.476471900939941406e-01
8.296170382961703949e-01,1.218390464782714844e-02
8.454154584541545558e-01,1.639565968513488770e+01
5.880985260009765625e-01,1.724720001220703125e-03
7.437145812684632373e-01,4.089593887329101562e-03
8.153879533468140206e-01,4.019737243652343750e-03
4.143585641435856282e-01,3.478527069091796875e-01
4.314568543145685386e-01,1.209616661071777344e-02
3.170682931706829133e-01,1.917657756805419922e+01
1.315879821777343750e-01,9.747982025146484375e-03
4.265553719062308291e-01,4.097700119018554688e-03
3.924596556590748131e-01,1.200532913208007812e-02
3.147685231476852197e-01,7.328042984008789062e-01
3.098690130986901381e-01,1.216578483581542969e-02
5.350464953504650012e-01,1.866459560394287109e+01
4.119014739990234375e-01,2.927541732788085938e-03
4.186503950637344151e-01,4.620313644409179688e-03
3.068825911316811483e-01,4.384279251098632812e-03
4.168583141685831550e-01,3.653440475463867188e-01
4.073592640735926307e-01,1.282048225402832031e-02
2.815718428157184539e-01,1.662479639053344727e+01
4.119014739990234375e-01,1.737117767333984375e-03
4.321238105417113395e-01,4.068136215209960938e-03
3.660752523221129651e-01,3.977537155151367188e-03
5.979402059794020063e-01,4.442186355590820312e-01
5.958404159584042015e-01,2.007555961608886719e-02
5.245475452454754217e-01,1.882076168060302734e+01
4.119014739990234375e-01,1.735210418701171875e-03
5.478251838718224409e-01,4.082441329956054688e-03
6.732266352533680109e-01,1.301193237304687500e-02
2.915708429157084502e-01,4.053924083709716797e-01
2.980701929807019201e-01,1.231026649475097656e-02
1.763823617638236307e-01,1.759793162345886230e+01
2.069473266601562500e-02,1.747131347656250000e-03
2.982814349946444343e-01,4.086971282958984375e-03
2.963783335616216874e-01,4.338502883911132812e-03
2.285771422857714175e-01,4.837400913238525391e-01
2.217778222177782255e-01,1.257848739624023438e-02
3.486651334866513463e-01,1.948833298683166504e+01
5.880985260009765625e-01,2.660274505615234375e-03
4.116432626925130012e-01,1.219773292541503906e-02
2.611292000088691334e-01,4.049062728881835938e-03
1.380861913808619224e-01,4.735040664672851562e-01
1.457854214578542251e-01,1.275277137756347656e-02
9.949005099490050574e-02,2.188856792449951172e+01
4.119014739990234375e-01,1.771450042724609375e-03
2.500676445061121300e-01,4.074335098266601562e-03
1.452511736615006432e-01,3.999233245849609375e-03
3.110688931106889155e-01,5.158984661102294922e-01
3.061693830616938339e-01,2.421951293945312500e-02
3.734626537346265596e-01,1.926280164718627930e+01
5.880985260009765625e-01,1.734495162963867188e-03
4.036822618376320060e-01,4.096269607543945312e-03
3.753559063977731647e-01,1.203322410583496094e-02
7.119288071192880762e-02,5.779135227203369141e-01
7.189281071892811292e-02,1.223134994506835938e-02
8.319168083191680330e-02,1.830868029594421387e+01
5.908966064453125000e-03,1.737117767333984375e-03
5.580537550895448007e-02,4.063367843627929688e-03
6.472559781847316007e-02,3.988504409790039062e-03
1.909809019098090282e-02,3.501379489898681641e-01
2.189781021897810320e-02,1.238203048706054688e-02
4.699530046995300386e-02,1.790034151077270508e+01
5.765914916992187500e-02,1.752376556396484375e-03
3.695560454437776116e-02,4.060745239257812500e-03
1.298549769490098607e-02,1.189422607421875000e-02
5.352464753524647234e-01,6.960816383361816406e-01
5.309469053094690860e-01,2.422928810119628906e-02
5.942405759424057576e-01,1.808614730834960938e+01
2.069473266601562500e-02,2.641916275024414062e-03
4.950703896294350037e-01,4.259347915649414062e-03
5.257395829916928776e-01,4.040002822875976562e-03
5.144485551444855087e-01,3.493039608001708984e-01
5.210478952104790062e-01,1.272940635681152344e-02
4.555544445555444466e-01,1.620732784271240234e+01
2.517223358154296875e-01,1.754045486450195312e-03
5.681489694024945969e-01,4.081487655639648438e-03
5.664698172377213847e-01,4.017829895019531250e-03
3.349665033496650179e-02,3.468074798583984375e-01
3.719628037196280601e-02,1.220154762268066406e-02
3.549645035496450107e-02,1.630018448829650879e+01
5.765914916992187500e-02,1.767635345458984375e-03
7.264806398137206578e-02,4.089832305908203125e-03
4.570004253126844218e-02,4.038095474243164062e-03
1.934806519348065135e-01,3.647928237915039062e-01
2.146785321467853114e-01,1.229619979858398438e-02
1.510848915108489177e-01,1.589367222785949707e+01
5.908966064453125000e-03,1.731395721435546875e-03
2.293244948882803835e-01,4.093170166015625000e-03
1.783963879361366578e-01,3.993749618530273438e-03
1.779822017798220191e-01,3.501126766204833984e-01
1.768823117688231306e-01,1.221871376037597656e-02
1.679832016798320227e-01,1.625740981101989746e+01
5.765914916992187500e-02,2.673387527465820312e-03
1.924347721518721577e-01,4.250764846801757812e-03
1.711887186341324862e-01,4.001855850219726562e-03
2.291770822917708339e-01,3.471524715423583984e-01
2.494750524947505210e-01,1.270198822021484375e-02
2.669733026697330147e-01,1.564954185485839844e+01
1.315879821777343750e-01,1.765489578247070312e-03
2.811538590837887042e-01,4.109144210815429688e-03
2.284253176793470952e-01,4.006862640380859375e-03
4.464553544645535332e-01,3.479552268981933594e-01
4.514548545145485314e-01,1.226139068603515625e-02
5.266473352664733376e-01,1.698280119895935059e+01
9.793052673339843750e-01,1.750230789184570312e-03
4.500854442488189111e-01,4.110813140869140625e-03
4.501682392556483614e-01,4.013538360595703125e-03
3.489651034896510406e-01,3.520522117614746094e-01
3.433656634336566538e-01,1.224970817565917969e-02
2.840715928407159252e-01,1.728472375869750977e+01
2.517223358154296875e-01,1.740694046020507812e-03
4.307342479666880219e-01,4.058599472045898438e-03
3.608024863855332498e-01,3.971576690673828125e-03
7.456254374562544252e-01,3.497066497802734375e-01
7.491250874912508406e-01,1.214790344238281250e-02
7.630236976302370300e-01,1.605018091201782227e+01
5.880985260009765625e-01,2.638578414916992188e-03
6.883288290841824697e-01,4.237890243530273438e-03
7.361417024710422696e-01,3.992080688476562500e-03
2.564743525647435463e-01,3.452410697937011719e-01
2.649735026497350154e-01,1.268291473388671875e-02
2.294770522947705282e-01,1.742188382148742676e+01
5.765914916992187500e-02,1.749277114868164062e-03
2.655421743855109762e-01,4.061460494995117188e-03
2.134224456145757398e-01,4.029273986816406250e-03
4.589541045895410565e-01,3.465282917022705078e-01
4.525547445255474477e-01,1.247382164001464844e-02
1.910808919108089310e-01,1.567786383628845215e+01
5.765914916992187500e-02,1.721620559692382812e-03
4.389222360111633137e-01,4.089593887329101562e-03
3.833561778091497674e-01,3.975868225097656250e-03
4.750524947505249673e-01,3.477404117584228516e-01
4.865513448655134354e-01,1.213359832763671875e-02
5.254474552544745602e-01,1.807916951179504395e+01
5.765914916992187500e-02,2.663612365722656250e-03
4.559128757849691960e-01,4.238367080688476562e-03
5.036128077126035274e-01,4.024028778076171875e-03
5.318468153184681135e-01,4.014368057250976562e-01
5.282471752824717814e-01,1.274847984313964844e-02
7.831216878312168284e-01,1.650150489807128906e+01
2.517223358154296875e-01,1.749277114868164062e-03
5.102617846571497751e-01,4.097700119018554688e-03
5.463796134387931547e-01,3.999233245849609375e-03
4.993500649935006530e-01,3.537549972534179688e-01
5.122487751224877872e-01,1.227760314941406250e-02
6.064393560643935865e-01,2.025960946083068848e+01
4.119014739990234375e-01,1.890897750854492188e-03
4.944807474932942926e-01,4.186868667602539062e-03
4.799722049303252192e-01,4.375934600830078125e-03
3.799620037996200711e-02,3.538129329681396484e-01
3.649635036496350071e-02,1.223158836364746094e-02
3.459654034596540417e-02,1.580182433128356934e+01
2.517223358154296875e-01,1.756906509399414062e-03
1.038617301069344467e-01,4.095077514648437500e-03
3.799300891819088616e-02,4.006385803222656250e-03
1.416858314168583100e-01,3.482048511505126953e-01
1.568843115688431100e-01,1.216793060302734375e-02
1.621837816218378026e-01,1.606307744979858398e+01
2.069473266601562500e-02,2.689361572265625000e-03
9.861757465098258679e-02,4.266023635864257812e-03
1.336433885251647746e-01,4.017591476440429688e-03
7.628237176282371967e-01,5.561213493347167969e-01
7.599240075992400589e-01,1.498675346374511719e-02
7.177282271772822408e-01,1.647730588912963867e+01
5.880985260009765625e-01,3.376960754394531250e-03
7.623509713323254333e-01,4.906654357910156250e-03
7.458411096771094817e-01,4.599094390869140625e-03
2.318768123187681107e-01,3.765177726745605469e-01
2.358764123587641370e-01,1.306676864624023438e-02
1.324867513248675077e-01,1.734928607940673828e+01
2.517223358154296875e-01,2.661943435668945312e-03
3.177183785751133138e-01,4.265785217285156250e-03
2.571242544908088901e-01,4.039764404296875000e-03
9.589041095890410427e-01,3.476758003234863281e-01
9.569043095690430434e-01,1.272892951965332031e-02
9.465053494650534915e-01,1.638086342811584473e+01
8.684120178222656250e-01,1.800060272216796875e-03
7.419349708666476140e-01,4.095792770385742188e-03
9.613048608809955375e-01,4.024267196655273438e-03
9.474052594740526301e-01,3.498685359954833984e-01
9.456054394560543530e-01,1.226878166198730469e-02
9.259074092590741101e-01,1.583231854438781738e+01
2.517223358154296875e-01,2.660036087036132812e-03
9.367588099699103443e-01,4.252195358276367188e-03
9.556106656296704527e-01,1.604890823364257812e-02
6.879312068793120849e-01,5.214765071868896484e-01
6.994300569943006085e-01,1.275014877319335938e-02
8.486151384861513325e-01,1.622987174987792969e+01
4.119014739990234375e-01,9.788751602172851562e-03
6.468232349255548241e-01,4.106760025024414062e-03
6.238952200077754195e-01,1.201772689819335938e-02
3.339666033396660599e-02,5.085759162902832031e-01
3.359664033596640453e-02,2.028536796569824219e-02
2.869713028697130214e-02,1.617561054229736328e+01
1.315879821777343750e-01,1.750946044921875000e-03
1.102949067175745257e-01,4.078865051269531250e-03
5.779597697897612824e-02,3.989219665527343750e-03
4.639536046395360130e-02,5.101592540740966797e-01
4.999500049995000278e-02,1.214861869812011719e-02
1.899810018998100225e-03,1.684386706352233887e+01
4.119014739990234375e-01,1.761674880981445312e-03
1.390768736896986213e-01,4.065036773681640625e-03
5.313340619031708956e-02,3.969669342041015625e-03
1.933806619338066246e-01,3.461103439331054688e-01
1.924807519248075138e-01,1.222085952758789062e-02
8.869113088691131519e-02,1.622478818893432617e+01
2.517223358154296875e-01,2.682447433471679688e-03
1.925085963554717949e-01,4.243373870849609375e-03
1.609875635757460066e-01,4.046678543090820312e-03
7.792220777922207464e-01,3.478090763092041016e-01
7.877212278772123266e-01,1.276469230651855469e-02
6.272372762723728012e-01,1.658677935600280762e+01
5.765914916992187500e-02,1.758337020874023438e-03
7.629330698600838012e-01,4.094123840332031250e-03
7.778087808219300570e-01,3.986597061157226562e-03
9.626037396260374024e-01,3.461711406707763672e-01
9.561043895610439325e-01,1.225137710571289062e-02
9.951004899510048629e-01,1.626072645187377930e+01
7.482776641845703125e-01,1.769781112670898438e-03
9.578689444373790218e-01,4.060745239257812500e-03
9.707533691633213335e-01,4.202604293823242188e-03
4.351564843515648429e-01,3.824307918548583984e-01
4.492550744925507544e-01,1.225280761718750000e-02
3.903609639036096368e-01,1.552236700057983398e+01
9.423408508300781250e-01,1.738786697387695312e-03
4.922282758010294024e-01,4.073858261108398438e-03
4.536678447210106824e-01,3.983736038208007812e-03
3.870612938706129436e-01,3.476831912994384766e-01
3.968603139686031622e-01,1.219177246093750000e-02
4.877512248775122683e-01,1.588127136230468750e+01
5.880985260009765625e-01,2.685546875000000000e-03
4.468636207267691063e-01,4.256486892700195312e-03
4.108183102397877096e-01,4.192829132080078125e-03
8.080191980801919582e-01,3.983817100524902344e-01
8.096190380961904021e-01,1.274776458740234375e-02
8.071192880711929307e-01,1.541664004325866699e+01
4.119014739990234375e-01,3.477573394775390625e-03
7.762690308032313968e-01,4.092454910278320312e-03
8.387006323706467370e-01,1.598477363586425781e-02
1.025897410258974074e-01,5.832400321960449219e-01
1.001899810018998110e-01,1.225900650024414062e-02
2.081791820817918137e-01,1.669048738479614258e+01
5.765914916992187500e-02,1.733064651489257812e-03
1.614770216277037207e-01,4.079580307006835938e-03
1.554197987848174312e-01,4.001379013061523438e-03
8.172182781721827327e-01,3.513386249542236328e-01
8.058194180581941257e-01,1.221513748168945312e-02
4.749525047495250507e-01,1.660033416748046875e+01
7.482776641845703125e-01,1.848220825195312500e-03
7.444378583326765053e-01,4.399299621582031250e-03
8.312840791256654871e-01,4.287481307983398438e-03
5.972402759724028121e-01,4.082665443420410156e-01
6.014398560143985328e-01,1.227855682373046875e-02
3.315668433156684358e-01,1.652903079986572266e+01
4.119014739990234375e-01,2.679586410522460938e-03
5.723303065434387493e-01,4.247903823852539062e-03
6.004002449459525659e-01,4.031419754028320312e-03
9.126087391260874204e-01,3.493192195892333984e-01
9.103089691030896713e-01,1.276183128356933594e-02
8.382161783821617806e-01,1.633942747116088867e+01
4.119014739990234375e-01,1.065993309020996094e-02
9.355064197315136054e-01,4.272699356079101562e-03
9.282650067613004152e-01,1.205229759216308594e-02
4.489551044895510185e-02,4.182939529418945312e-01
4.809519048095190624e-02,1.267194747924804688e-02
7.329267073292670964e-02,1.626383423805236816e+01
5.908966064453125000e-03,2.574443817138671875e-03
7.919238671304862365e-02,1.622796058654785156e-02
4.603868652159989749e-02,4.029750823974609375e-03
6.990300969903009420e-01,4.367957115173339844e-01
6.975302469753024148e-01,2.859306335449218750e-02
4.810518948105189652e-01,1.731707668304443359e+01
5.880985260009765625e-01,1.736164093017578125e-03
6.891838876522319302e-01,4.096031188964843750e-03
6.901813242390357761e-01,4.024744033813476562e-03
7.311268873112688471e-01,3.493545055389404297e-01
7.136286371362863257e-01,1.214838027954101562e-02
5.854414558544145386e-01,1.614436507225036621e+01
4.119014739990234375e-01,2.641677856445312500e-03
7.102087948193757105e-01,4.243135452270507812e-03
7.270129888193087586e-01,4.024744033813476562e-03
9.961003899610039181e-01,4.135861396789550781e-01
9.955004499550045294e-01,2.861166000366210938e-02
9.997000299970002501e-01,1.681262040138244629e+01
8.684120178222656250e-01,1.839637756347656250e-03
9.928922740343260056e-01,4.330635070800781250e-03
9.965082031989214162e-01,4.468441009521484375e-03
3.130686931306869147e-01,3.613877296447753906e-01
3.155684431556844416e-01,1.291918754577636719e-02
4.042595740425957151e-01,1.713490486145019531e+01
1.315879821777343750e-01,1.768827438354492188e-03
3.010416262429289613e-01,4.076719284057617188e-03
2.992828105668645655e-01,3.993749618530273438e-03
1.820817918208179065e-01,4.273653030395507812e-01
1.924807519248075138e-01,1.213955879211425781e-02
1.495850414958504182e-01,1.535207796096801758e+01
5.765914916992187500e-02,1.732349395751953125e-03
2.501543185087071741e-01,4.057168960571289062e-03
2.347970697309107457e-01,4.004955291748046875e-03
3.546645335466453441e-01,3.484675884246826172e-01
3.546645335466453441e-01,1.210594177246093750e-02
3.783621637836216411e-01,1.640531301498413086e+01
1.315879821777343750e-01,2.636671066284179688e-03
3.660854739215361198e-01,4.272222518920898438e-03
2.838473346504942763e-01,4.026651382446289062e-03
1.681831816818318281e-01,3.468372821807861328e-01
1.565843415658434157e-01,1.267027854919433594e-02
1.017898210178982132e-01,1.578919124603271484e+01
1.315879821777343750e-01,1.758813858032226562e-03
2.100919639678250905e-01,4.099845886230468750e-03
2.197829797451117395e-01,3.990650177001953125e-03
2.140785921407859227e-01,3.463003635406494141e-01
2.190780921907809209e-01,1.217055320739746094e-02
1.277872212778722039e-01,1.561299276351928711e+01
2.517223358154296875e-01,1.723527908325195312e-03
2.630150052577176489e-01,4.044055938720703125e-03
2.412409051895197387e-01,4.003763198852539062e-03
3.054694530546945286e-01,5.727038383483886719e-01
3.064693530646935282e-01,1.226234436035156250e-02
2.072792720727927307e-01,1.601183056831359863e+01
4.119014739990234375e-01,1.771688461303710938e-03
3.830926717749165711e-01,4.102945327758789062e-03
2.472811632827436323e-01,3.989219665527343750e-03
9.448055194480552421e-01,3.758392333984375000e-01
9.450054994500549643e-01,1.224589347839355469e-02
9.675032496750325395e-01,1.651555871963500977e+01
5.880985260009765625e-01,2.678632736206054688e-03
8.873240642061758221e-01,4.281997680664062500e-03
9.380227827163202248e-01,4.069805145263671875e-03
9.372062793720628004e-01,3.504498004913330078e-01
9.347065293470653291e-01,1.276111602783203125e-02
9.491050894910508795e-01,1.579089879989624023e+01
8.684120178222656250e-01,1.736640930175781250e-03
7.897383291449594500e-01,4.102945327758789062e-03
9.064550793528860506e-01,3.988504409790039062e-03
4.410558944105589241e-01,3.481798171997070312e-01
4.270572942705729291e-01,1.223111152648925781e-02
5.598440155984401034e-01,1.629034495353698730e+01
5.880985260009765625e-01,1.778841018676757812e-03
4.357836872294195696e-01,4.099607467651367188e-03
4.875513220446039409e-01,3.998994827270507812e-03
7.534246575342465890e-01,4.900100231170654297e-01
7.479252074792520633e-01,1.225805282592773438e-02
7.357264273572642344e-01,1.557921552658081055e+01
5.880985260009765625e-01,1.746654510498046875e-03
6.283652735703609826e-01,4.104852676391601562e-03
7.825545872346988396e-01,4.097223281860351562e-03
5.225477452254774224e-01,3.515701293945312500e-01
5.405459454054594159e-01,1.223158836364746094e-02
5.047495250474952622e-01,1.673645210266113281e+01
5.880985260009765625e-01,2.677202224731445312e-03
4.930939057798200964e-01,4.265785217285156250e-03
5.100119725172130858e-01,4.047632217407226562e-03
3.464653534646535138e-01,3.495049476623535156e-01
3.463653634636536527e-01,1.274085044860839844e-02
3.570642935706429544e-01,1.668099951744079590e+01
4.119014739990234375e-01,1.770496368408203125e-03
2.993294513433158999e-01,4.102945327758789062e-03
4.120294539149695345e-01,4.025459289550781250e-03
3.489651034896510545e-02,3.477306365966796875e-01
3.929607039296070109e-02,1.221275329589843750e-02
5.469453054694530664e-02,1.647364807128906250e+01
2.069473266601562500e-02,1.757621765136718750e-03
4.249285994074535056e-02,4.335403442382812500e-03
7.118726788929782834e-02,4.021644592285156250e-03
7.124287571242875483e-01,3.888871669769287109e-01
6.991300869913008587e-01,1.243710517883300781e-02
8.621137886211378554e-01,1.585523009300231934e+01
4.119014739990234375e-01,1.994132995605468750e-03
7.061268259302966310e-01,4.648923873901367188e-03
7.320189503739734649e-01,1.310324668884277344e-02
2.900709929007099230e-01,7.355418205261230469e-01
2.860713928607139245e-01,1.360225677490234375e-02
2.595740425957404063e-01,1.638939619064331055e+01
4.119014739990234375e-01,2.761840820312500000e-03
3.758636820888627272e-01,4.257202148437500000e-03
3.185307567379843663e-01,1.603412628173828125e-02
4.903509649035096563e-01,4.501714706420898438e-01
4.808519148085191319e-01,1.742506027221679688e-02
5.243475652434756995e-01,1.663134241104125977e+01
5.880985260009765625e-01,1.758813858032226562e-03
4.583661341144313894e-01,1.208591461181640625e-02
5.216925289177188896e-01,4.004478454589843750e-03
2.280771922807719176e-01,3.476696014404296875e-01
2.449755024497550226e-01,1.227569580078125000e-02
2.229777022297770306e-01,1.865196204185485840e+01
5.765914916992187500e-02,1.779794692993164062e-03
2.668906127376845516e-01,4.096269607543945312e-03
2.913977263037969001e-01,4.018545150756835938e-03
1.544845515448455275e-01,5.295059680938720703e-01
1.571842815718428044e-01,1.231956481933593750e-02
1.956804319568043182e-01,1.603286695480346680e+01
5.908966064453125000e-03,2.663612365722656250e-03
1.761804163666276235e-01,4.264831542968750000e-03
1.539425280598113455e-01,4.045009613037109375e-03
3.496650334966503459e-01,3.495216369628906250e-01
3.323667633236676577e-01,1.276922225952148438e-02
3.541645835416458166e-01,1.641660833358764648e+01
1.315879821777343750e-01,2.710342407226562500e-03
3.282426577213879981e-01,4.338502883911132812e-03
3.427201562241226629e-01,4.095077514648437500e-03
8.091190880911909300e-01,3.578801155090332031e-01
8.005199480051994332e-01,1.283335685729980469e-02
8.017198280171983216e-01,1.617017531394958496e+01
2.517223358154296875e-01,2.686500549316406250e-03
6.897716957982207298e-01,4.293918609619140625e-03
7.479536739656664768e-01,4.050254821777343750e-03
3.592640735926407314e-01,3.546049594879150391e-01
3.764623537646235585e-01,1.300096511840820312e-02
2.470752924707529385e-01,1.511140489578247070e+01
5.765914916992187500e-02,1.757621765136718750e-03
3.487314116023306765e-01,4.065990447998046875e-03
4.182777122305838535e-01,3.980875015258789062e-03
2.071792820717928141e-01,3.973660469055175781e-01
2.173782621737826160e-01,1.250123977661132812e-02
2.690730926907309306e-01,1.577670788764953613e+01
5.765914916992187500e-02,2.684831619262695312e-03
3.646804951917408388e-01,4.261016845703125000e-03
2.322941753758349104e-01,4.040241241455078125e-03
7.971202879712029343e-01,4.286475181579589844e-01
7.793220677932206630e-01,1.280426979064941406e-02
9.233076692330767221e-01,1.600791835784912109e+01
7.482776641845703125e-01,1.764297485351562500e-03
7.892471150794015955e-01,4.072427749633789062e-03
7.847155870201278915e-01,4.004955291748046875e-03
9.581041895810419318e-01,3.483355045318603516e-01
9.604039596040395699e-01,1.228141784667968750e-02
9.491050894910508795e-01,1.576071739196777344e+01
4.119014739990234375e-01,1.759529113769531250e-03
8.288208344355134649e-01,4.094362258911132812e-03
9.246474842303323838e-01,4.016160964965820312e-03
3.289671032896710617e-02,3.502585887908935547e-01
3.729627037296270181e-02,1.228976249694824219e-02
4.309569043095690111e-02,1.797239494323730469e+01
5.765914916992187500e-02,1.769065856933593750e-03
8.258855082546012749e-02,4.086732864379882812e-03
5.510043858710303444e-02,4.005670547485351562e-03
5.930406959304069803e-01,3.506016731262207031e-01
5.933406659334066191e-01,1.225399971008300781e-02
6.810318968103189485e-01,1.697633099555969238e+01
1.315879821777343750e-01,2.897739410400390625e-03
5.811708120692270496e-01,4.881381988525390625e-03
5.205282026385295024e-01,4.293680191040039062e-03
8.519148085191481368e-01,5.876216888427734375e-01
8.421157884211578626e-01,1.535964012145996094e-02
7.915208479152084919e-01,1.719961047172546387e+01
4.119014739990234375e-01,1.774072647094726562e-03
6.994790318584661604e-01,4.117488861083984375e-03
8.318022277288978916e-01,3.996610641479492188e-03
3.779622037796220302e-01,6.340398788452148438e-01
3.787621237876212521e-01,3.230977058410644531e-02
6.507349265073493205e-01,1.606037425994873047e+01
1.315879821777343750e-01,1.784086227416992188e-03
3.991625210600726614e-01,4.089593887329101562e-03
4.241680135890705805e-01,4.022121429443359375e-03
5.390460953904609998e-01,3.498094081878662109e-01
5.412458754124587212e-01,1.231098175048828125e-02
4.651534846515348320e-01,1.671738862991333008e+01
2.517223358154296875e-01,1.755952835083007812e-03
4.859369958649439325e-01,4.070997238159179688e-03
5.199339122057676787e-01,4.005432128906250000e-03
2.805719428057194542e-01,3.495275974273681641e-01
2.851714828517148415e-01,1.222181320190429688e-02
2.500749925007499375e-01,1.717235541343688965e+01
1.315879821777343750e-01,2.692699432373046875e-03
3.187528783481043959e-01,4.270792007446289062e-03
2.917770650675274857e-01,4.041910171508789062e-03
5.589441055894410759e-01,3.487734794616699219e-01
5.510448955104489954e-01,1.280283927917480469e-02
5.612438756124387140e-01,1.721051263809204102e+01
4.119014739990234375e-01,1.794099807739257812e-03
5.143943939566535395e-01,4.102706909179687500e-03
5.966254022466526141e-01,4.037618637084960938e-03
6.989301069893011364e-02,3.495261669158935547e-01
6.769323067693230889e-02,1.230859756469726562e-02
2.336766323367663323e-01,1.653463244438171387e+01
2.069473266601562500e-02,1.768589019775390625e-03
1.502526389786331684e-01,4.105567932128906250e-03
6.061882474958355665e-02,4.017591476440429688e-03
8.599140085991401408e-03,3.475952148437500000e-01
1.099890010998900124e-02,1.227474212646484375e-02
4.399560043995600842e-03,1.539224290847778320e+01
5.765914916992187500e-02,1.778364181518554688e-03
1.194483033571940196e-02,4.087924957275390625e-03
2.918273476556874566e-02,4.022836685180664062e-03
2.519748025197480340e-02,3.626027107238769531e-01
2.859714028597140287e-02,1.243257522583007812e-02
1.789821017898210118e-02,1.706661939620971680e+01
5.765914916992187500e-02,2.667903900146484375e-03
1.059657353033170435e-01,4.288911819458007812e-03
2.918082017250635263e-02,4.053115844726562500e-03
6.918308169183081668e-01,3.467168807983398438e-01
6.752324767523247839e-01,1.272892951965332031e-02
3.915608439156084142e-01,1.674400115013122559e+01
4.119014739990234375e-01,1.776456832885742188e-03
6.738257192224968994e-01,4.113435745239257812e-03
7.205670488906863458e-01,4.016637802124023438e-03
8.109189081091890128e-02,3.477287292480468750e-01
7.959204079592040182e-02,1.228785514831542969e-02
1.326867313268673132e-01,1.622751450538635254e+01
5.765914916992187500e-02,1.749277114868164062e-03
1.016827733161532188e-01,4.044055938720703125e-03
7.339747184834387317e-02,1.202392578125000000e-02
4.902509749025097396e-01,3.668775558471679688e-01
4.886511348865113513e-01,1.234221458435058594e-02
5.204479552044795065e-01,1.628219556808471680e+01
1.315879821777343750e-01,1.760005950927734375e-03
5.547042076499718588e-01,4.071474075317382812e-03
5.005349399653317155e-01,3.998279571533203125e-03
4.354564543545645372e-01,4.524147510528564453e-01
4.377562243775622308e-01,2.827739715576171875e-02
4.752524747525247450e-01,1.563213992118835449e+01
7.482776641845703125e-01,2.708673477172851562e-03
4.266526408369500922e-01,4.265785217285156250e-03
4.478223478176165950e-01,4.021406173706054688e-03
2.540745925407459360e-01,4.575445652008056641e-01
2.535746425357464084e-01,2.076220512390136719e-02
1.311868813118688137e-01,1.791125822067260742e+01
5.880985260009765625e-01,9.320020675659179688e-03
2.941990898943707133e-01,4.135131835937500000e-03
2.030244868221953158e-01,4.034042358398437500e-03
8.956104389561043710e-01,3.488872051239013672e-01
8.913108689131087337e-01,1.231622695922851562e-02
7.690230976902310278e-01,1.595872616767883301e+01
2.517223358154296875e-01,1.735925674438476562e-03
8.875065758501334834e-01,4.090309143066406250e-03
8.734475185011203457e-01,3.995418548583984375e-03
7.284271572842715425e-01,3.579368591308593750e-01
7.213278672132786840e-01,1.244521141052246094e-02
7.192280771922807681e-01,1.582221221923828125e+01
5.880985260009765625e-01,1.744031906127929688e-03
7.035424051551621982e-01,4.066705703735351562e-03
7.415720942504608892e-01,3.995418548583984375e-03
1.282871712828717037e-01,3.480057716369628906e-01
1.268873112688731208e-01,1.222777366638183594e-02
1.997800219978002334e-01,1.739877891540527344e+01
4.119014739990234375e-01,2.639770507812500000e-03
2.241293318174928384e-01,4.310846328735351562e-03
1.199059901879834245e-01,4.057645797729492188e-03
4.702529747025297469e-01,3.476784229278564453e-01
4.567543245675432240e-01,1.278018951416015625e-02
4.538546145385461417e-01,1.698890495300292969e+01
1.315879821777343750e-01,1.768350601196289062e-03
5.053787598847416795e-01,4.092931747436523438e-03
4.120899546148003578e-01,4.005908966064453125e-03
4.079592040795920194e-01,3.513817787170410156e-01
4.241575842415758468e-01,1.232719421386718750e-02
3.990600939906009392e-01,1.565138745307922363e+01
7.482776641845703125e-01,2.684116363525390625e-03
4.634685878420138350e-01,4.265308380126953125e-03
4.567084271227710435e-01,4.071474075317382812e-03
5.774422557744225415e-01,3.522243499755859375e-01
5.663433656634336844e-01,1.272225379943847656e-02
5.825417458254175118e-01,1.533804917335510254e+01
5.880985260009765625e-01,1.767873764038085938e-03
5.074878043350206092e-01,4.088401794433593750e-03
5.887119524202399923e-01,4.013061523437500000e-03
5.003499650034995971e-01,3.496863842010498047e-01
5.060493950604939561e-01,1.223254203796386719e-02
5.399460053994600273e-01,1.634664320945739746e+01
1.315879821777343750e-01,2.693414688110351562e-03
5.363563649595434191e-01,4.290103912353515625e-03
4.168088615432450350e-01,4.041194915771484375e-03
5.583441655834416872e-01,3.890223503112792969e-01
5.713428657134286270e-01,1.270246505737304688e-02
6.407359264073592131e-01,1.568278431892395020e+01
2.517223358154296875e-01,1.773357391357421875e-03
5.618378421548188006e-01,4.102230072021484375e-03
5.371316842098726729e-01,4.009246826171875000e-03
4.429557044295570623e-01,4.155919551849365234e-01
4.535546445355464473e-01,1.664304733276367188e-02
3.338666133386661294e-01,1.731083989143371582e+01
2.517223358154296875e-01,1.740217208862304688e-03
4.592261435201212549e-01,4.088401794433593750e-03
4.345063873256750364e-01,4.013299942016601562e-03
9.559044095590440993e-02,3.469870090484619141e-01
1.013898610138986162e-01,1.214742660522460938e-02
1.311868813118688137e-01,1.608201432228088379e+01
5.765914916992187500e-02,2.586364746093750000e-03
1.051708841785507498e-01,4.239559173583984375e-03
9.903811372805382263e-02,4.034996032714843750e-03
1.684831516848315225e-01,3.489613533020019531e-01
1.714828517148285214e-01,1.264357566833496094e-02
1.837816218378162114e-01,1.568698883056640625e+01
1.315879821777343750e-01,1.716136932373046875e-03
2.053888466219355724e-01,4.109621047973632812e-03
1.668417920712714220e-01,4.005193710327148438e-03
2.298770122987701114e-01,3.473281860351562500e-01
2.357764223577642204e-01,1.214051246643066406e-02
9.899010098990100592e-02,1.703155660629272461e+01
4.119014739990234375e-01,1.721382141113281250e-03
3.284208621018119834e-01,4.067182540893554688e-03
2.517919882020320799e-01,4.003047943115234375e-03
2.789721027897210451e-02,3.489391803741455078e-01
2.989701029897010379e-02,1.214694976806640625e-02
1.159884011598840033e-02,2.153197216987609863e+01
1.315879821777343750e-01,1.748323440551757812e-03
1.051106726662979773e-01,1.199245452880859375e-02
2.488064915737988117e-02,4.037141799926757812e-03
8.044195580441956261e-01,4.760749340057373047e-01
8.079192080791920416e-01,1.215076446533203125e-02
8.211178882111789257e-01,1.827822113037109375e+01
5.765914916992187500e-02,1.701593399047851562e-03
7.242480751597710764e-01,4.057407379150390625e-03
7.851071466941674792e-01,4.010438919067382812e-03
3.817618238176182510e-01,3.468830585479736328e-01
3.969603039696030233e-01,1.208448410034179688e-02
5.253474652534746436e-01,1.549245691299438477e+01
1.315879821777343750e-01,2.632856369018554688e-03
3.704335174895674876e-01,4.288911819458007812e-03
3.914454178328811706e-01,4.035472869873046875e-03
5.592440755924407148e-01,3.704445362091064453e-01
5.579442055794420208e-01,1.284408569335937500e-02
5.360463953604639453e-01,1.819806051254272461e+01
1.315879821777343750e-01,1.745700836181640625e-03
4.606699371418828681e-01,4.079103469848632812e-03
4.920319104863775106e-01,4.029273986816406250e-03
3.529647035296470392e-01,3.515172004699707031e-01
3.699630036996300331e-01,1.246643066406250000e-02
3.560643935606439547e-01,1.900103974342346191e+01
1.315879821777343750e-01,1.741886138916015625e-03
3.334385982196398923e-01,1.205539703369140625e-02
4.221713284787482756e-01,3.988504409790039062e-03
4.504549545045495318e-01,5.211858749389648438e-01
4.589541045895410565e-01,2.016472816467285156e-02
5.784421557844215966e-01,1.801132130622863770e+01
2.069473266601562500e-02,1.722812652587890625e-03
4.292906906661884125e-01,4.062652587890625000e-03
3.829451784689665850e-01,3.993272781372070312e-03
2.923707629237076167e-01,3.836348056793212891e-01
3.165683431656834412e-01,1.206588745117187500e-02
3.446655334466553477e-01,1.539325833320617676e+01
1.315879821777343750e-01,2.658128738403320312e-03
2.648602858764310675e-01,4.234790802001953125e-03
2.607482362778330565e-01,4.043340682983398438e-03
4.594540545945405285e-01,3.478903770446777344e-01
4.602539746025397505e-01,1.259779930114746094e-02
4.132586741325867674e-01,1.711022162437438965e+01
7.482776641845703125e-01,1.731634140014648438e-03
5.068237985202618257e-01,4.074096679687500000e-03
4.529342290569518537e-01,1.199603080749511719e-02
9.177082291770822797e-01,4.826953411102294922e-01
9.147085291470853363e-01,1.217126846313476562e-02
9.213078692130787228e-01,1.574523377418518066e+01
2.517223358154296875e-01,1.852750778198242188e-03
8.711008761313516757e-01,4.122495651245117188e-03
9.100661999341859154e-01,4.027128219604492188e-03
4.049595040495950621e-02,3.878219127655029297e-01
4.589541045895410148e-02,1.262187957763671875e-02
2.109789021097890210e-02,1.720367050170898438e+01
1.288414001464843750e-03,1.070523262023925781e-02
1.175346373958237600e-01,4.269599914550781250e-03
3.761915902775604670e-02,1.203560829162597656e-02
7.199280071992800178e-02,6.110653877258300781e-01
7.919208079192080474e-02,2.464723587036132812e-02
1.108889111088891127e-01,1.579439926147460938e+01
2.069473266601562500e-02,1.747846603393554688e-03
1.033501319534802509e-01,4.086256027221679688e-03
7.736920116274295656e-02,3.977298736572265625e-03
2.772722727727227054e-01,3.483769893646240234e-01
2.758724127587241504e-01,1.213026046752929688e-02
1.824817518248175174e-01,1.556460714340209961e+01
4.119014739990234375e-01,1.727581024169921875e-03
2.674291243233525295e-01,4.069805145263671875e-03
2.170962379935302278e-01,4.011392593383789062e-03
8.097190280971903187e-01,3.470809459686279297e-01
7.950204979502050184e-01,1.214218139648437500e-02
8.155184481551844833e-01,1.523697423934936523e+01
8.684120178222656250e-01,1.726150512695312500e-03
6.072086656222421830e-01,4.093170166015625000e-03
8.278362599848128056e-01,4.004716873168945312e-03
9.264073592640735821e-01,3.492736816406250000e-01
9.183081691830816684e-01,1.214838027954101562e-02
9.603039696030396533e-01,1.744198489189147949e+01
7.482776641845703125e-01,2.596139907836914062e-03
7.091072907981305073e-01,1.222443580627441406e-02
9.394417400165071541e-01,4.021883010864257812e-03
7.499250074992500625e-01,5.922019481658935547e-01
7.464253574642535360e-01,2.927660942077636719e-02
7.240275972402759885e-01,1.603833222389221191e+01
9.423408508300781250e-01,2.609491348266601562e-03
6.302505837269819500e-01,1.626586914062500000e-02
8.100125455090825266e-01,4.035472869873046875e-03
7.418258174182581488e-01,5.766351222991943359e-01
7.519248075192480618e-01,1.270318031311035156e-02
8.594140585941405508e-01,1.768293786048889160e+01
7.482776641845703125e-01,2.629518508911132812e-03
6.053333745453373105e-01,4.235982894897460938e-03
6.939536970481078315e-01,4.000186920166015625e-03
1.764823517648235196e-01,3.496685028076171875e-01
1.791820817918208242e-01,1.260542869567871094e-02
3.799620037996200295e-01,1.682311248779296875e+01
1.288414001464843750e-03,1.718044281005859375e-03
1.841265833455598133e-01,4.079341888427734375e-03
1.738400899164790903e-01,3.989458084106445312e-03
6.112388761123888070e-01,4.371585845947265625e-01
6.027397260273972268e-01,1.213812828063964844e-02
5.196480351964803956e-01,1.618773913383483887e+01
4.119014739990234375e-01,2.615928649902343750e-03
5.463043434315137947e-01,4.252195358276367188e-03
5.838601994708740861e-01,4.058122634887695312e-03
8.813118688131187373e-01,3.970019817352294922e-01
8.755124487551244616e-01,2.055358886718750000e-02
9.198080191980801956e-01,1.728089070320129395e+01
7.482776641845703125e-01,1.714468002319335938e-03
8.155019707061250678e-01,4.121780395507812500e-03
9.457403748161454793e-01,3.997564315795898438e-03
9.521047895210479339e-01,3.498833179473876953e-01
9.441055894410559368e-01,1.208543777465820312e-02
9.542045795420458498e-01,2.058900499343872070e+01
5.880985260009765625e-01,1.717329025268554688e-03
7.993450095543035427e-01,4.049062728881835938e-03
9.452863855419535444e-01,1.200008392333984375e-02
1.307869213078692028e-01,7.018740177154541016e-01
1.408859114088591158e-01,2.014732360839843750e-02
1.700829917008299108e-01,2.239733481407165527e+01
2.069473266601562500e-02,1.739501953125000000e-03
1.656783805999709758e-01,4.066705703735351562e-03
1.228330234875596449e-01,3.999710083007812500e-03
1.626837316268373301e-01,5.689618587493896484e-01
1.705829417058294106e-01,1.338672637939453125e-02
2.996700329967003085e-01,2.345426654815673828e+01
1.315879821777343750e-01,2.609968185424804688e-03
2.609147264848574732e-01,4.238128662109375000e-03
1.886935492750994592e-01,4.032611846923828125e-03
4.259574042595740129e-02,6.029620170593261719e-01
4.629537046295370550e-02,1.266884803771972656e-02
4.389561043895610221e-02,2.027565073966979980e+01
2.069473266601562500e-02,1.736640930175781250e-03
1.089530826089399329e-01,4.095554351806640625e-03
5.938501735489441075e-02,4.003286361694335938e-03
6.294370562943705227e-01,5.092015266418457031e-01
6.417358264173582683e-01,1.213216781616210938e-02
3.894610538946105538e-01,1.662423729896545410e+01
5.765914916992187500e-02,1.763820648193359375e-03
5.733987432372682491e-01,4.090547561645507812e-03
6.437591359966182702e-01,1.596260070800781250e-02
7.966203379662033512e-01,5.419645309448242188e-01
8.076192380761924028e-01,1.219844818115234375e-02
8.271172882711729235e-01,1.674745035171508789e+01
2.517223358154296875e-01,1.717805862426757812e-03
7.328568243033036778e-01,4.199266433715820312e-03
7.508360276040214609e-01,4.002332687377929688e-03
1.112888711128887098e-01,3.468160629272460938e-01
1.164883511648835135e-01,1.208448410034179688e-02
1.760823917608239086e-01,1.570621585845947266e+01
4.119014739990234375e-01,2.627372741699218750e-03
2.588617560480990787e-01,4.256725311279296875e-03
1.322125424973676355e-01,4.029750823974609375e-03
7.662233776622338066e-01,3.479425907135009766e-01
7.689231076892311112e-01,1.259064674377441406e-02
6.372362763723627976e-01,1.566339969635009766e+01
5.880985260009765625e-01,1.724720001220703125e-03
7.159400642068305398e-01,4.087448120117187500e-03
7.225164741542761115e-01,4.042625427246093750e-03
1.199880011998800131e-03,3.488516807556152344e-01
1.799820017998200088e-03,1.212263107299804688e-02
5.299470052994700343e-03,1.587074565887451172e+01
5.765914916992187500e-02,1.705884933471679688e-03
1.133820213171241043e-01,4.079103469848632812e-03
3.417203119615802673e-03,3.984689712524414062e-03
2.269773022697730291e-01,3.613212108612060547e-01
2.413758624137586350e-01,1.209354400634765625e-02
2.001799820017998166e-01,1.658105564117431641e+01
5.908966064453125000e-03,1.727581024169921875e-03
2.839290452685842014e-01,4.104852676391601562e-03
2.335882567977013990e-01,4.022598266601562500e-03
9.996000399960004446e-01,3.480737209320068359e-01
9.998000199980001668e-01,1.210021972656250000e-02
9.998000199980001668e-01,1.729332041740417480e+01
7.482776641845703125e-01,2.651214599609375000e-03
8.520999770989274857e-01,4.397153854370117188e-03
9.997868921529731168e-01,4.015922546386718750e-03
3.300669933006699086e-01,4.371056556701660156e-01
3.377662233776622114e-01,1.272249221801757812e-02
2.957704229577042265e-01,1.527990269660949707e+01
5.880985260009765625e-01,1.740455627441406250e-03
4.356163945173308072e-01,4.090785980224609375e-03
3.656740944597574039e-01,4.005670547485351562e-03
5.377462253774623058e-01,6.055963039398193359e-01
5.409459054094590824e-01,1.227712631225585938e-02
4.635536446355364437e-01,1.606440782546997070e+01
7.482776641845703125e-01,1.742839813232421875e-03
5.077884140083919196e-01,4.059314727783203125e-03
5.242750669663894802e-01,4.031419754028320312e-03
7.429257074292571206e-01,3.497712612152099609e-01
7.445255474452554534e-01,1.222395896911621094e-02
7.150284971502849363e-01,1.615652084350585938e+01
2.517223358154296875e-01,1.747846603393554688e-03
6.265626589818019676e-01,4.084348678588867188e-03
6.860310628967106750e-01,3.994703292846679688e-03
2.599740025997400103e-02,3.481156826019287109e-01
2.869713028697130214e-02,1.220655441284179688e-02
6.899310068993100807e-03,1.653507161140441895e+01
2.069473266601562500e-02,2.653360366821289062e-03
4.297387974297359747e-01,4.339933395385742188e-03
3.811487403970800769e-02,4.067182540893554688e-03
4.368563143685631478e-01,5.906958580017089844e-01
4.324567543245675383e-01,1.279258728027343750e-02
4.409559044095590630e-01,1.592157721519470215e+01
2.069473266601562500e-02,1.742839813232421875e-03
4.806978157732247348e-01,4.073858261108398438e-03
3.956034489226059048e-01,3.989458084106445312e-03
1.194880511948805124e-01,3.455200195312500000e-01
1.168883111688831106e-01,1.214051246643066406e-02
3.157684231576842193e-01,1.609485220909118652e+01
4.119014739990234375e-01,1.751661300659179688e-03
2.817783327664419302e-01,4.087924957275390625e-03
7.779627751687680226e-02,4.004001617431640625e-03
4.882511748825117404e-01,3.485865592956542969e-01
4.855514448555144358e-01,1.221108436584472656e-02
2.850714928507149248e-01,1.568531227111816406e+01
1.315879821777343750e-01,1.727581024169921875e-03
4.802400105637997241e-01,4.084587097167968750e-03
4.788889982625805786e-01,3.996610641479492188e-03
8.613138686131386335e-01,3.515315055847167969e-01
8.488151184881511657e-01,1.224589347839355469e-02
9.408059194080592436e-01,1.576023054122924805e+01
9.987115859985351562e-01,2.678632736206054688e-03
6.375849532703590228e-01,4.265069961547851562e-03
8.654167296128665310e-01,4.047870635986328125e-03
3.897610238976102481e-01,3.553066253662109375e-01
3.950604939506049407e-01,1.277446746826171875e-02
3.859614038596140273e-01,1.631450128555297852e+01
5.880985260009765625e-01,1.771211624145507812e-03
4.943326061151115391e-01,4.068851470947265625e-03
3.094830210895712641e-01,3.982543945312500000e-03
8.936106389361063718e-01,3.488359451293945312e-01
8.908109189081091506e-01,1.228451728820800781e-02
8.825117488251175146e-01,1.630475807189941406e+01
2.517223358154296875e-01,1.770257949829101562e-03
8.085215712611720784e-01,4.105567932128906250e-03
8.912208401345876885e-01,4.017114639282226562e-03
7.624237576242375303e-01,3.481378555297851562e-01
7.742225777422258037e-01,1.224732398986816406e-02
8.603139686031396893e-01,1.627973413467407227e+01
7.482776641845703125e-01,1.775503158569335938e-03
7.053664691581621460e-01,4.103660583496093750e-03
7.885700931147517911e-01,4.019737243652343750e-03
3.877612238776122489e-01,3.940241336822509766e-01
3.905609439056094145e-01,1.222848892211914062e-02
2.815718428157184539e-01,1.556418371200561523e+01
1.315879821777343750e-01,2.694606781005859375e-03
3.974780278637560782e-01,4.293441772460937500e-03
3.401596332880335583e-01,4.083633422851562500e-03
2.649735026497350432e-02,3.502244949340820312e-01
2.519748025197480340e-02,1.280641555786132812e-02
3.719628037196280601e-02,1.645793700218200684e+01
1.315879821777343750e-01,1.784563064575195312e-03
9.742185683063459001e-02,4.095554351806640625e-03
2.726359285769733298e-02,3.994941711425781250e-03
5.112488751124887321e-01,3.483638763427734375e-01
5.276472352764723928e-01,1.233863830566406250e-02
5.589441055894410759e-01,1.624353694915771484e+01
1.315879821777343750e-01,1.765251159667968750e-03
4.479625700171000480e-01,4.094362258911132812e-03
5.321370214192493453e-01,3.998756408691406250e-03
2.543745625437456304e-01,3.486704826354980469e-01
2.612738726127387112e-01,1.228117942810058594e-02
4.191580841915808486e-01,1.594248366355895996e+01
5.765914916992187500e-02,1.770973205566406250e-03
2.635090101284697228e-01,4.065990447998046875e-03
2.664481307545537581e-01,4.027366638183593750e-03
4.117588241175882402e-01,3.473711013793945312e-01
4.252574742525747631e-01,1.227021217346191406e-02
2.340765923407659155e-01,1.575529527664184570e+01
1.315879821777343750e-01,2.674579620361328125e-03
4.369705050365580989e-01,4.253387451171875000e-03
3.678782166420646593e-01,4.044055938720703125e-03
1.685831416858314113e-01,4.939551353454589844e-01
1.672832716728327174e-01,1.280713081359863281e-02
1.964803519648035124e-01,1.731475019454956055e+01
2.069473266601562500e-02,1.778364181518554688e-03
2.385166925849687702e-01,4.099130630493164062e-03
2.103097644359579466e-01,1.201033592224121094e-02
6.694330566943306193e-01,4.379878044128417969e-01
6.569343065693430406e-01,1.230072975158691406e-02
6.280371962803719121e-01,1.598024559020996094e+01
1.315879821777343750e-01,1.878023147583007812e-03
6.088564196753512014e-01,4.112482070922851562e-03
6.512090777836598843e-01,4.021644592285156250e-03
9.992000799920007781e-01,3.508930206298828125e-01
9.981001899810019173e-01,1.246309280395507812e-02
9.966003399660033901e-01,1.637676501274108887e+01
9.793052673339843750e-01,1.795768737792968750e-03
5.892592041298486683e-01,4.099845886230468750e-03
9.992313445192879673e-01,3.972530364990234375e-03
4.371562843715628421e-01,3.479585647583007812e-01
4.450554944505549226e-01,1.225185394287109375e-02
4.246575342465753189e-01,1.558553099632263184e+01
5.880985260009765625e-01,2.716302871704101562e-03
4.398849358945522425e-01,4.263162612915039062e-03
4.651083644518196336e-01,4.012346267700195312e-03
8.655134486551344652e-01,3.694005012512207031e-01
8.531146885311469141e-01,1.284146308898925781e-02
8.788121187881211549e-01,1.724988150596618652e+01
5.880985260009765625e-01,2.028942108154296875e-03
7.752306584885406693e-01,4.669189453125000000e-03
8.134516830111786501e-01,4.563808441162109375e-03
4.504549545045495318e-01,3.885047435760498047e-01
4.646535346465353600e-01,1.658725738525390625e-02
5.676432356764323783e-01,1.666297006607055664e+01
5.765914916992187500e-02,1.776218414306640625e-03
4.498982731442379146e-01,4.065752029418945312e-03
3.486819460194614528e-01,4.009008407592773438e-03
6.008399160083991442e-01,3.482081890106201172e-01
6.428357164283571290e-01,1.227807998657226562e-02
5.824417558244175952e-01,1.595312476158142090e+01
7.482776641845703125e-01,1.743793487548828125e-03
5.002349338277864987e-01,4.056692123413085938e-03
5.550207422273792934e-01,3.980636596679687500e-03
9.893010698930106983e-01,6.135730743408203125e-01
9.855014498550145330e-01,2.833247184753417969e-02
9.547045295470453219e-01,1.737347626686096191e+01
5.880985260009765625e-01,2.704620361328125000e-03
9.421819665344151051e-01,4.305839538574218750e-03
9.777958944790287044e-01,4.029750823974609375e-03
9.897010298970102538e-01,3.476369380950927734e-01
9.888011198880112262e-01,1.274371147155761719e-02
9.566043395660434046e-01,1.531560325622558594e+01
5.880985260009765625e-01,1.763343811035156250e-03
8.573032593016219893e-01,4.086971282958984375e-03
9.927628941291176679e-01,4.013776779174804688e-03
6.109389061093890572e-01,3.481614589691162109e-01
6.100389961003899186e-01,1.227760314941406250e-02
4.771522847715228277e-01,2.348970842361450195e+01
5.765914916992187500e-02,1.831293106079101562e-03
6.328092370237119457e-01,4.201173782348632812e-03
5.752119668318513845e-01,4.132509231567382812e-03
8.859114088591141245e-01,8.922069072723388672e-01
8.736126387361263790e-01,3.874778747558593750e-02
6.913308669133086948e-01,1.790060925483703613e+01
9.793052673339843750e-01,1.790046691894531250e-03
7.108589950480899144e-01,4.088640213012695312e-03
8.823213429688424592e-01,4.009962081909179688e-03
3.122687731226877483e-01,3.474485874176025391e-01
3.214678532146785228e-01,1.223182678222656250e-02
4.679532046795320532e-01,1.619654130935668945e+01
5.765914916992187500e-02,2.665996551513671875e-03
3.860156821551902206e-01,1.227903366088867188e-02
2.460731809266906711e-01,4.032373428344726562e-03
3.451654834516548198e-01,4.656786918640136719e-01
3.479652034796520410e-01,1.279115676879882812e-02
4.253574642535746242e-01,1.631946015357971191e+01
2.517223358154296875e-01,1.773357391357421875e-03
4.667868418472016501e-01,4.079341888427734375e-03
3.365967645041311185e-01,4.012823104858398438e-03
9.920007999200080029e-01,4.974288940429687500e-01
9.935006499350065301e-01,2.026772499084472656e-02
9.818018198180181733e-01,1.625551390647888184e+01
7.482776641845703125e-01,1.742839813232421875e-03
9.877176589724221412e-01,4.065036773681640625e-03
9.988730622118975333e-01,4.016876220703125000e-03
2.329767023297670339e-02,3.460731506347656250e-01
2.349765023497650193e-02,1.223993301391601562e-02
1.349865013498650207e-02,1.541548061370849609e+01
2.012252807617187500e-04,1.732110977172851562e-03
5.173175208620283544e-02,1.206088066101074219e-02
2.201089426854140746e-02,4.031896591186523438e-03
3.935606439356064135e-01,3.896484375000000000e-01
4.065593440655934643e-01,1.222968101501464844e-02
4.244575542445755412e-01,1.662319469451904297e+01
2.069473266601562500e-02,2.776861190795898438e-03
3.966629096525767784e-01,4.257917404174804688e-03
3.383926624870381983e-01,1.605439186096191406e-02
8.478152184781522216e-01,6.762325763702392578e-01
8.506149385061493318e-01,2.890920639038085938e-02
8.521147885211478590e-01,1.608159017562866211e+01
9.423408508300781250e-01,1.749277114868164062e-03
8.066104372390534571e-01,4.072189331054687500e-03
8.397382159793052026e-01,4.006862640380859375e-03
5.399460053994600481e-03,3.595674037933349609e-01
4.499550044995500112e-03,1.228117942810058594e-02
8.499150084991500403e-03,1.601976537704467773e+01
1.315879821777343750e-01,1.369261741638183594e-02
1.638676741878971124e-02,4.132747650146484375e-03
2.500314586905489495e-03,4.013538360595703125e-03
4.914508549145085725e-01,4.949333667755126953e-01
4.889511048895110457e-01,1.230669021606445312e-02
4.295570442955704560e-01,1.749999952316284180e+01
4.119014739990234375e-01,2.648830413818359375e-03
4.660235621067541634e-01,4.272460937500000000e-03
5.015882182389304056e-01,4.063367843627929688e-03
3.118688131186881374e-01,5.866222381591796875e-01
3.210678932106789119e-01,1.274108886718750000e-02
3.599640035996400367e-01,1.951441240310668945e+01
5.880985260009765625e-01,1.481962203979492188e-02
3.915075961311395569e-01,5.186319351196289062e-03
3.394291773758670305e-01,4.519939422607421875e-03
8.888111188881111513e-01,6.362726688385009766e-01
8.802119788021197655e-01,4.709815979003906250e-02
8.919108089191081223e-01,2.394056868553161621e+01
7.482776641845703125e-01,2.839803695678710938e-03
7.112498779833131834e-01,4.320383071899414062e-03
8.531948283019514800e-01,4.067659378051757812e-03
7.139286071392860755e-01,3.502056598663330078e-01
7.305269473052694584e-01,1.302742958068847656e-02
7.301269873012699030e-01,1.568008255958557129e+01
5.880985260009765625e-01,2.046346664428710938e-03
7.638726829044129030e-01,4.688262939453125000e-03
7.349711345227305515e-01,4.806041717529296875e-03
1.056894310568943091e-01,3.929042816162109375e-01
1.186881311868813182e-01,1.663875579833984375e-02
1.121887811218878067e-01,1.673531818389892578e+01
2.517223358154296875e-01,1.777648925781250000e-03
1.378527646310284127e-01,4.107952117919921875e-03
1.054457777521883854e-01,4.026889801025390625e-03
7.106289371062893823e-01,3.475625514984130859e-01
7.219278072192780726e-01,1.223540306091308594e-02
7.827217278272172729e-01,1.682951378822326660e+01
1.315879821777343750e-01,2.675771713256835938e-03
6.927009214988986141e-01,4.273414611816406250e-03
7.366399250661037623e-01,4.053354263305664062e-03
7.162283771622838247e-01,3.983376026153564453e-01
7.175282471752825186e-01,1.280999183654785156e-02
8.040195980401959597e-01,1.600442957878112793e+01
4.119014739990234375e-01,1.790761947631835938e-03
6.919922198355046294e-01,4.115104675292968750e-03
6.964636809497468661e-01,4.024028778076171875e-03
9.491050894910508795e-01,3.559193611145019531e-01
9.498050194980501848e-01,2.025079727172851562e-02
9.063093690630936727e-01,1.527749824523925781e+01
5.880985260009765625e-01,1.785755157470703125e-03
8.028159206137748249e-01,4.072189331054687500e-03
9.684884447567394528e-01,3.998041152954101562e-03
5.339466053394660572e-02,3.481676578521728516e-01
5.899410058994100647e-02,1.225304603576660156e-02
6.259374062593740795e-02,1.595962047576904297e+01
2.517223358154296875e-01,1.763105392456054688e-03
7.450701077215128587e-02,4.109382629394531250e-03
4.342903131920616833e-02,3.995895385742187500e-03
6.098390160983901964e-01,3.494398593902587891e-01
5.955404459554044516e-01,1.225566864013671875e-02
7.244275572442755440e-01,1.634903478622436523e+01
7.482776641845703125e-01,2.655267715454101562e-03
6.215091638789401740e-01,1.227569580078125000e-02
6.207776102357491776e-01,4.049539566040039062e-03
4.476552344765523661e-01,5.739393234252929688e-01
4.446555344465553672e-01,1.281929016113281250e-02
5.333466653334666407e-01,1.643621230125427246e+01
4.119014739990234375e-01,1.765012741088867188e-03
4.560461218191638189e-01,4.073143005371093750e-03
4.856329571169045733e-01,3.999471664428710938e-03
9.253074692530747214e-01,3.500726222991943359e-01
9.311068893110688860e-01,1.227092742919921875e-02
9.408059194080592436e-01,1.580379724502563477e+01
2.517223358154296875e-01,1.778364181518554688e-03
8.925666789167118198e-01,4.091024398803710938e-03
8.944625690016143604e-01,4.023790359497070312e-03
9.093090690930907272e-01,3.495850563049316406e-01
9.019098090190981187e-01,1.227402687072753906e-02
9.429057094290570484e-01,1.653635168075561523e+01
7.482776641845703125e-01,1.764774322509765625e-03
8.779229236019283622e-01,4.083156585693359375e-03
9.258275154260600104e-01,4.015684127807617188e-03
9.408059194080592436e-01,5.070834159851074219e-01
9.377062293770622725e-01,1.352620124816894531e-02
9.116088391160883653e-01,1.624519038200378418e+01
7.482776641845703125e-01,1.945972442626953125e-03
9.505830838675993766e-01,4.158258438110351562e-03
9.110437632882708581e-01,3.997325897216796875e-03
7.813218678132186623e-01,4.286561012268066406e-01
7.717228277172283324e-01,2.025914192199707031e-02
7.293270672932706811e-01,1.586434745788574219e+01
8.684120178222656250e-01,1.754045486450195312e-03
7.759138230269129188e-01,4.084587097167968750e-03
7.830369295776432592e-01,4.147768020629882812e-03
1.453854614538546142e-01,3.483715057373046875e-01
1.532846715328467224e-01,1.225185394287109375e-02
1.599840015998400256e-01,1.511933875083923340e+01
1.315879821777343750e-01,1.759529113769531250e-03
1.398530938407406277e-01,4.066467285156250000e-03
1.320831048109501471e-01,3.999948501586914062e-03
6.152384761523848056e-01,3.466532230377197266e-01
6.350364963503649651e-01,1.221919059753417969e-02
5.752424757524247090e-01,1.583216714859008789e+01
1.315879821777343750e-01,1.738309860229492188e-03
6.159618737983051373e-01,4.068136215209960938e-03
6.343595914150471637e-01,4.005908966064453125e-03
5.257474252574741991e-01,5.137977600097656250e-01
5.319468053194680301e-01,1.227569580078125000e-02
4.930506949305069608e-01,1.608229851722717285e+01
4.119014739990234375e-01,2.652645111083984375e-03
4.933011053093715459e-01,4.246711730957031250e-03
4.861496911137684895e-01,4.051208496093750000e-03
4.560543945605439187e-01,3.491086959838867188e-01
4.689531046895310529e-01,1.273298263549804688e-02
3.819618038196180287e-01,1.705739784240722656e+01
2.517223358154296875e-01,1.743078231811523438e-03
4.797102936363866754e-01,4.062175750732421875e-03
3.864051691105201414e-01,3.978252410888671875e-03
1.863813618638136271e-01,3.486545085906982422e-01
2.056794320567943146e-01,1.221919059753417969e-02
2.384761523847615250e-01,1.613509082794189453e+01
2.517223358154296875e-01,1.755714416503906250e-03
2.325116794844165335e-01,4.076957702636718750e-03
1.910908464976792120e-01,3.972053527832031250e-03
4.184581541845815433e-01,3.486354351043701172e-01
4.445555444455554506e-01,1.219844818115234375e-02
4.836516348365163531e-01,1.522926402091979980e+01
5.880985260009765625e-01,2.681970596313476562e-03
4.584264802297275399e-01,4.257202148437500000e-03
3.958125484748464262e-01,4.024505615234375000e-03
4.780521947805219662e-01,6.024885177612304688e-01
4.765523447655234390e-01,1.314187049865722656e-02
4.804519548045195210e-01,1.551404809951782227e+01
5.880985260009765625e-01,1.783132553100585938e-03
5.152462464723650548e-01,4.085779190063476562e-03
4.767200446227749522e-01,4.006862640380859375e-03
1.030896910308969072e-01,3.698241710662841797e-01
9.969003099690031122e-02,1.246881484985351562e-02
1.210878912108789146e-01,1.585879826545715332e+01
5.880985260009765625e-01,1.756429672241210938e-03
1.622952504188185374e-01,4.085540771484375000e-03
1.169354394005240882e-01,4.010677337646484375e-03
6.029397060293970739e-02,4.113850593566894531e-01
5.829417058294170811e-02,1.226401329040527344e-02
5.629437056294370884e-02,1.591701078414916992e+01
1.315879821777343750e-01,1.733064651489257812e-03
1.079522229763767993e-01,4.101037979125976562e-03
5.667660359197496112e-02,4.019021987915039062e-03
9.504049595040495735e-01,3.489737510681152344e-01
9.541045895410459332e-01,1.222825050354003906e-02
8.877112288771122905e-01,1.621413064002990723e+01
5.880985260009765625e-01,2.652168273925781250e-03
9.465296922548390723e-01,4.285573959350585938e-03
9.497354222513625377e-01,4.037618637084960938e-03
9.209079092090791119e-02,3.689484596252441406e-01
9.359064093590641065e-02,1.273822784423828125e-02
2.030796920307969267e-01,1.616479349136352539e+01
5.765914916992187500e-02,1.794815063476562500e-03
4.172867540901668004e-01,4.087686538696289062e-03
7.118369991365741667e-02,3.986120223999023438e-03
5.180481951804819518e-01,3.485898971557617188e-01
5.567443255674432434e-01,1.226592063903808594e-02
4.789521047895210493e-01,1.533766460418701172e+01
4.119014739990234375e-01,1.752376556396484375e-03
5.416066659561170615e-01,4.101037979125976562e-03
4.946762909759915838e-01,4.001379013061523438e-03
1.778822117788221302e-01,3.476638793945312500e-01
1.893810618938106261e-01,1.224994659423828125e-02
1.990800919908009281e-01,1.576137781143188477e+01
2.517223358154296875e-01,1.751899719238281250e-03
2.190117430396889553e-01,4.049301147460937500e-03
2.080925361392195749e-01,4.014015197753906250e-03
8.602139786021397727e-01,3.491249084472656250e-01
8.555144485551444689e-01,1.221823692321777344e-02
8.630136986301369939e-01,1.666246628761291504e+01
4.119014739990234375e-01,2.671480178833007812e-03
8.171387973461095022e-01,4.259347915649414062e-03
8.993404216249760719e-01,4.014253616333007812e-03
3.697630236976302553e-01,3.470232486724853516e-01
3.582641735826417317e-01,1.270937919616699219e-02
3.225677432256774391e-01,1.573737406730651855e+01
8.684120178222656250e-01,1.731395721435546875e-03
3.195554878746230121e-01,4.046916961669921875e-03
3.950016646211857996e-01,4.005193710327148438e-03
9.447055294470553255e-01,3.467364311218261719e-01
9.346065393460654125e-01,1.220989227294921875e-02
9.492050794920507961e-01,1.506298518180847168e+01
7.482776641845703125e-01,1.759529113769531250e-03
8.951493609826089992e-01,4.067659378051757812e-03
9.399182787222879476e-01,3.991127014160156250e-03
1.268873112688731208e-01,3.475933074951171875e-01
1.348865113488651180e-01,1.223206520080566406e-02
1.271872812718728152e-01,1.554939246177673340e+01
1.315879821777343750e-01,1.753807067871093750e-03
2.473479715901603648e-01,4.064321517944335938e-03
1.091568838418835452e-01,4.061222076416015625e-03
8.832116788321168199e-01,4.002282619476318359e-01
8.800119988001200433e-01,1.224803924560546875e-02
8.622137786221377720e-01,1.612273454666137695e+01
5.765914916992187500e-02,2.677440643310546875e-03
8.959820595043724856e-01,4.273414611816406250e-03
8.286580168472184038e-01,4.084587097167968750e-03
8.624137586241376052e-01,3.493087291717529297e-01
8.555144485551444689e-01,1.275229454040527344e-02
8.152184781521847334e-01,1.581718087196350098e+01
7.482776641845703125e-01,1.772880554199218750e-03
8.067201159062213911e-01,4.098892211914062500e-03
8.117436807000163457e-01,4.007339477539062500e-03
3.948605139486051629e-01,3.903112411499023438e-01
3.892610738926107206e-01,1.228904724121093750e-02
4.002599740025997166e-01,1.465213656425476074e+01
5.880985260009765625e-01,1.770734786987304688e-03
4.433481811967153186e-01,4.071712493896484375e-03
3.852374684973093322e-01,4.002332687377929688e-03
1.371862813718628116e-01,3.496372699737548828e-01
1.402859714028597271e-01,1.228260993957519531e-02
3.838616138386161114e-01,1.613968873023986816e+01
2.517223358154296875e-01,1.760482788085937500e-03
2.798967109983063195e-01,4.074811935424804688e-03
9.865204237191588232e-02,3.996372222900390625e-03
4.954504549545045711e-01,3.486979007720947266e-01
4.943505649435056548e-01,1.224231719970703125e-02
5.601439856014398533e-01,1.616384053230285645e+01
5.880985260009765625e-01,2.654314041137695312e-03
4.619038613524940606e-01,4.278898239135742188e-03
5.002123424853964773e-01,4.026174545288085938e-03
1.980801919808019285e-01,4.622781276702880859e-01
1.995800419958004279e-01,1.275968551635742188e-02
2.500749925007499375e-01,1.635019063949584961e+01
2.517223358154296875e-01,1.748800277709960938e-03
2.077492449622415083e-01,4.096031188964843750e-03
2.211447395337074462e-01,4.014015197753906250e-03
3.859614038596140273e-02,3.487370014190673828e-01
4.339566043395660239e-02,1.224756240844726562e-02
5.599440055994400756e-02,1.526432085037231445e+01
1.315879821777343750e-01,1.733064651489257812e-03
4.023632271373438207e-02,4.075050354003906250e-03
3.537870564255934935e-02,3.996610641479492188e-03
4.232576742325767638e-01,3.890058994293212891e-01
4.164583541645835441e-01,1.227498054504394531e-02
4.670532946705329702e-01,1.610830426216125488e+01
8.684120178222656250e-01,1.756429672241210938e-03
4.817254864579540996e-01,4.065990447998046875e-03
4.861735877200324962e-01,3.982543945312500000e-03
4.991500849915008753e-01,5.381045341491699219e-01
5.245475452454754217e-01,1.228356361389160156e-02
5.786421357864213189e-01,1.603630757331848145e+01
4.119014739990234375e-01,2.655506134033203125e-03
4.813824981258070235e-01,4.310607910156250000e-03
5.337952748961235505e-01,4.048347473144531250e-03
5.316468353164683913e-01,3.479712009429931641e-01
5.188481151884811737e-01,1.276659965515136719e-02
4.135586441355864618e-01,1.606247496604919434e+01
9.423408508300781250e-01,1.785039901733398438e-03
4.828764428622007721e-01,4.074811935424804688e-03
4.855623701330017972e-01,3.996133804321289062e-03
9.100089991000900325e-01,3.468341827392578125e-01
9.073092690730927279e-01,1.228737831115722656e-02
9.259074092590741101e-01,1.563656640052795410e+01
5.880985260009765625e-01,1.746416091918945312e-03
7.944571882274457097e-01,4.112720489501953125e-03
8.791293029209552579e-01,4.010438919067382812e-03
6.481351864813518215e-01,3.500430583953857422e-01
6.525347465253474866e-01,1.244711875915527344e-02
6.093390660933906133e-01,1.557913970947265625e+01
5.765914916992187500e-02,1.751899719238281250e-03
6.597722905996650233e-01,4.049777984619140625e-03
6.268490722174496765e-01,4.007339477539062500e-03
6.669333066693330370e-01,3.481214046478271484e-01
6.718328167183281741e-01,1.221537590026855469e-02
6.167383261673832218e-01,1.515288829803466797e+01
7.482776641845703125e-01,2.707958221435546875e-03
6.793873522245835739e-01,4.300594329833984375e-03
6.324849481868912715e-01,4.013061523437500000e-03
9.343065693430656626e-01,3.465361595153808594e-01
9.250074992500749715e-01,1.274943351745605469e-02
8.749125087491250730e-01,1.588864827156066895e+01
5.880985260009765625e-01,1.760482788085937500e-03
9.119716977073228925e-01,4.089117050170898438e-03
9.198885470296263023e-01,3.990650177001953125e-03
9.035096490350964515e-01,3.487892150878906250e-01
8.985101489851015089e-01,1.221418380737304688e-02
8.065193480651934310e-01,1.581834220886230469e+01
4.119014739990234375e-01,1.757383346557617188e-03
8.886962862092582238e-01,4.075527191162109375e-03
8.712102219583817142e-01,1.203322410583496094e-02
5.709429057094290300e-02,4.375054836273193359e-01
6.349365063493650485e-02,1.223945617675781250e-02
3.629637036296370217e-02,1.604805231094360352e+01
1.315879821777343750e-01,1.754522323608398438e-03
9.247436054857205434e-02,4.053354263305664062e-03
5.719353926090996881e-02,4.001379013061523438e-03
3.718628137186281157e-01,3.464922904968261719e-01
3.584641535846415095e-01,1.217055320739746094e-02
2.336766323367663323e-01,1.591592073440551758e+01
5.880985260009765625e-01,2.668380737304687500e-03
4.405903256099096832e-01,4.249095916748046875e-03
3.571522286918606959e-01,4.055738449096679688e-03
5.789421057894210687e-01,3.492028713226318359e-01
5.878412158784122044e-01,1.276230812072753906e-02
5.581441855814418540e-01,1.627820181846618652e+01
1.315879821777343750e-01,1.866340637207031250e-03
5.927622559190920404e-01,4.077196121215820312e-03
4.989482851857451329e-01,1.609826087951660156e-02
9.734026597340266207e-01,5.324470996856689453e-01
9.706029397060293995e-01,1.679158210754394531e-02
9.400059994000600216e-01,1.649049568176269531e+01
9.423408508300781250e-01,1.745939254760742188e-03
7.904976799830585321e-01,4.083395004272460938e-03
9.884691058018504339e-01,4.000186920166015625e-03
3.069693030696930142e-02,3.476264476776123047e-01
3.309669033096690471e-02,1.226615905761718750e-02
1.049895010498950142e-02,1.792895174026489258e+01
2.069473266601562500e-02,1.772165298461914062e-03
6.557406559372712385e-02,4.052639007568359375e-03
3.542874709871522698e-02,4.031896591186523438e-03
7.196280371962803235e-01,3.487775325775146484e-01
7.302269773022698196e-01,1.228213310241699219e-02
7.453254674532546753e-01,1.475375127792358398e+01
5.880985260009765625e-01,2.640247344970703125e-03
7.268918955862999631e-01,4.290819168090820312e-03
7.151817356197849307e-01,4.029750823974609375e-03
7.817218278172183288e-01,3.502931594848632812e-01
7.863213678632137160e-01,1.354837417602539062e-02
8.269173082691730903e-01,1.615409278869628906e+01
5.880985260009765625e-01,1.960515975952148438e-03
7.676241080363974678e-01,4.167795181274414062e-03
7.761971045524006518e-01,4.005908966064453125e-03
9.594040595940406257e-01,3.483386039733886719e-01
9.575042495750425431e-01,1.232671737670898438e-02
9.624037596240375692e-01,1.572806334495544434e+01
9.423408508300781250e-01,2.661466598510742188e-03
8.617314960202537844e-01,4.274845123291015625e-03
9.733783149990959949e-01,4.044294357299804688e-03
4.632536746325367494e-01,3.475117683410644531e-01
4.380561943805619252e-01,1.277065277099609375e-02
4.869513048695130464e-01,1.543663549423217773e+01
2.069473266601562500e-02,1.745462417602539062e-03
4.328482725503390860e-01,4.077911376953125000e-03
4.808772907327754087e-01,4.006624221801757812e-03
8.297170282971703115e-01,3.488566875457763672e-01
8.201179882011798705e-01,1.244783401489257812e-02
6.091390860913908911e-01,1.540204405784606934e+01
2.517223358154296875e-01,2.703189849853515625e-03
8.372588204933821832e-01,4.271745681762695312e-03
8.065131024473148891e-01,4.016637802124023438e-03
4.499550044995500597e-01,3.474786281585693359e-01
4.548545145485451413e-01,1.274681091308593750e-02
4.200579942005799317e-01,1.540464591979980469e+01
2.517223358154296875e-01,1.772880554199218750e-03
4.470090711870284284e-01,4.062652587890625000e-03
3.627359755453273826e-01,4.004716873168945312e-03
4.634536546345365271e-01,4.298837184906005859e-01
4.728527147285271348e-01,1.245927810668945312e-02
5.765423457654234030e-01,1.621337437629699707e+01
1.315879821777343750e-01,1.766681671142578125e-03
5.414693767329956664e-01,4.096984863281250000e-03
4.346574539897926082e-01,3.986835479736328125e-03
8.979102089791021202e-01,3.475425243377685547e-01
8.962103789621037597e-01,1.228094100952148438e-02
9.194080591940806402e-01,1.540949487686157227e+01
7.482776641845703125e-01,1.797914505004882812e-03
8.780013603347817108e-01,4.070043563842773438e-03
8.884623191274505505e-01,4.039764404296875000e-03
3.804619538046195570e-01,3.770208358764648438e-01
3.649635036496350349e-01,1.227855682373046875e-02
3.297670232976702143e-01,1.550024986267089844e+01
5.908966064453125000e-03,2.675056457519531250e-03
3.709121278842891223e-01,4.249572753906250000e-03
3.764220799876150658e-01,4.047632217407226562e-03
2.997700229977002251e-01,3.491790294647216797e-01
2.915708429157084502e-01,1.277351379394531250e-02
3.590640935906409537e-01,1.527399277687072754e+01
2.517223358154296875e-01,1.769304275512695312e-03
2.573509063346540726e-01,4.082679748535156250e-03
3.071050605853934412e-01,3.998756408691406250e-03
9.326067393260674132e-01,3.493216037750244141e-01
9.367063293670633284e-01,1.225566864013671875e-02
8.368163183681631700e-01,1.600913357734680176e+01
4.119014739990234375e-01,1.780509948730468750e-03
9.440507665220242428e-01,4.069089889526367188e-03
9.197168947016477469e-01,3.989934921264648438e-03
3.808619138086191125e-01,3.490622043609619141e-01
3.954604539546045516e-01,1.228404045104980469e-02
3.803619638036196404e-01,1.581732988357543945e+01
5.880985260009765625e-01,1.762390136718750000e-03
4.785412018314940674e-01,4.086017608642578125e-03
3.586119392517082005e-01,1.195836067199707031e-02
1.457854214578542251e-01,4.637315273284912109e-01
1.521847815218478062e-01,1.354789733886718750e-02
1.191880811918808181e-01,1.593429851531982422e+01
5.765914916992187500e-02,1.943111419677734375e-03
2.100422024906691276e-01,4.171848297119140625e-03
1.361929252382927946e-01,4.003047943115234375e-03
8.593140685931406342e-01,6.223785877227783203e-01
8.536146385361463862e-01,2.034497261047363281e-02
8.792120787921208214e-01,1.604625988006591797e+01
9.423408508300781250e-01,1.780271530151367188e-03
8.103504716578079359e-01,4.063129425048828125e-03
8.210566120305170523e-01,4.014968872070312500e-03
4.538546145385461417e-01,3.675079345703125000e-01
4.568543145685431406e-01,1.245427131652832031e-02
5.061493850614938728e-01,1.549962639808654785e+01
5.880985260009765625e-01,1.736164093017578125e-03
5.044707585826323504e-01,4.084825515747070312e-03
4.220371401707402881e-01,3.996372222900390625e-03
5.281471852814718648e-01,3.478202819824218750e-01
5.088491150884911773e-01,1.226639747619628906e-02
5.988401159884011449e-01,1.545274686813354492e+01
5.880985260009765625e-01,2.671957015991210938e-03
4.969211321677337034e-01,4.257678985595703125e-03
4.741278789238867475e-01,4.019260406494140625e-03
2.453754624537546336e-01,4.404299259185791016e-01
2.603739626037396282e-01,1.277947425842285156e-02
1.680831916808319115e-01,1.633023953437805176e+01
2.069473266601562500e-02,1.773834228515625000e-03
2.784204488530134802e-01,4.101753234863281250e-03
2.027632374216670197e-01,3.992795944213867188e-03
9.419058094190581043e-01,3.463680744171142578e-01
9.433056694330567149e-01,1.225852966308593750e-02
9.416058394160583545e-01,1.696816563606262207e+01
7.482776641845703125e-01,1.789569854736328125e-03
7.509907147873953193e-01,4.054546356201171875e-03
9.474484774254329222e-01,3.971338272094726562e-03
3.015698430156984466e-01,3.467297554016113281e-01
3.022697730226977519e-01,1.223802566528320312e-02
3.403659634036596549e-01,1.548515295982360840e+01
2.069473266601562500e-02,1.751899719238281250e-03
2.990452377571449771e-01,4.072427749633789062e-03
3.187673402605772921e-01,3.983974456787109375e-03
4.970502949705029594e-01,3.472979068756103516e-01
4.947505249475052658e-01,1.223325729370117188e-02
6.111388861113888904e-01,1.538298559188842773e+01
2.517223358154296875e-01,2.659320831298828125e-03
4.647074273309313996e-01,4.285573959350585938e-03
5.210781187226422029e-01,4.059076309204101562e-03
5.779422057794220829e-02,3.476562500000000000e-01
6.139386061393860283e-02,1.273059844970703125e-02
5.959404059594040903e-02,1.526135087013244629e+01
5.908966064453125000e-03,1.749277114868164062e-03
1.179927471966898400e-01,4.098653793334960938e-03
3.996109544482737141e-02,3.973484039306640625e-03
2.673732626737326257e-01,3.475780487060546875e-01
2.747725227477252341e-01,1.219916343688964844e-02
3.376662333766623503e-01,1.490879678726196289e+01
5.880985260009765625e-01,1.747369766235351562e-03
2.736592745415938888e-01,4.057168960571289062e-03
2.438039177122715562e-01,3.989219665527343750e-03
7.822217778222178008e-01,3.481628894805908203e-01
7.913208679132086587e-01,1.217913627624511719e-02
7.176282371762823242e-01,1.571021056175231934e+01
4.119014739990234375e-01,1.772165298461914062e-03
6.007826049324720419e-01,4.090547561645507812e-03
7.327286549994719289e-01,3.997564315795898438e-03
9.638036196380361798e-01,3.489871025085449219e-01
9.578042195780421819e-01,1.224446296691894531e-02
9.778022197780221747e-01,1.534234118461608887e+01
5.880985260009765625e-01,2.707719802856445312e-03
9.372454498571816117e-01,4.288434982299804688e-03
9.754375040102057914e-01,4.240989685058593750e-03
9.379062093790621057e-01,3.506755828857421875e-01
9.313068693130687192e-01,1.277065277099609375e-02
9.046095390460954233e-01,1.577724909782409668e+01
5.880985260009765625e-01,1.765012741088867188e-03
8.322987345910450863e-01,4.227399826049804688e-03
9.385233551098602911e-01,4.004478454589843750e-03
5.398460153984601106e-01,5.434753894805908203e-01
5.287471252874712535e-01,2.026724815368652344e-02
4.679532046795320532e-01,1.569322395324707031e+01
2.517223358154296875e-01,1.760959625244140625e-03
5.719296908581932293e-01,4.033088684082031250e-03
5.280981811427442052e-01,3.996133804321289062e-03
9.830016998300169506e-01,6.427423954010009766e-01
9.826017398260173952e-01,1.229405403137207031e-02
9.914008599140086142e-01,1.947941994667053223e+01
9.423408508300781250e-01,2.283096313476562500e-03
9.341228140631623322e-01,5.456686019897460938e-03
9.812916165607855623e-01,7.628202438354492188e-03
5.382461753824617778e-01,6.281626224517822266e-01
5.233476652334766444e-01,2.436113357543945312e-02
6.864313568643135577e-01,1.677037692070007324e+01
1.315879821777343750e-01,2.659559249877929688e-03
5.410465459624407281e-01,4.252433776855468750e-03
5.756990992590615974e-01,4.075288772583007812e-03
2.283771622837716120e-01,3.484427928924560547e-01
2.436756324367563287e-01,1.275086402893066406e-02
2.043795620437956206e-01,1.465057873725891113e+01
2.069473266601562500e-02,1.754760742187500000e-03
3.023682549878424775e-01,4.095315933227539062e-03
2.330599698543273646e-01,3.987312316894531250e-03
8.716128387161283797e-01,3.501431941986083984e-01
8.736126387361263790e-01,1.345300674438476562e-02
8.553144685531446356e-01,1.567824649810791016e+01
7.482776641845703125e-01,1.952171325683593750e-03
8.290751767833719477e-01,1.233983039855957031e-02
8.571834177742414518e-01,4.064559936523437500e-03
9.619038096190381248e-02,3.711957931518554688e-01
1.100889911008899047e-01,1.234292984008789062e-02
1.329867013298670075e-01,1.560953140258789062e+01
1.288414001464843750e-03,1.749515533447265625e-03
1.390235485682032590e-01,4.106283187866210938e-03
1.075291901989051113e-01,4.018545150756835938e-03
7.973202679732026565e-01,3.464667797088623047e-01
7.867213278672132715e-01,1.224136352539062500e-02
8.144185581441856225e-01,1.585764336585998535e+01
7.482776641845703125e-01,2.679824829101562500e-03
7.408452978034548719e-01,4.251480102539062500e-03
8.023667299167124289e-01,4.035949707031250000e-03
8.283171682831717009e-01,3.501617908477783203e-01
8.145185481451854281e-01,1.279902458190917969e-02
7.709229077092291105e-01,1.529644536972045898e+01
7.482776641845703125e-01,1.768827438354492188e-03
8.043507751080686274e-01,4.104375839233398438e-03
8.505123402249653575e-01,3.986597061157226562e-03
6.300369963003699114e-01,3.493833541870117188e-01
6.289371062893710507e-01,1.226019859313964844e-02
6.731326867313268680e-01,1.549165439605712891e+01
4.119014739990234375e-01,1.738786697387695312e-03
5.576864664607837918e-01,4.056692123413085938e-03
6.543661942786400676e-01,3.994226455688476562e-03
4.919508049195080446e-01,3.471620082855224609e-01
5.097490250974902048e-01,1.226806640625000000e-02
4.534546545345465307e-01,1.807355213165283203e+01
2.517223358154296875e-01,2.666711807250976562e-03
4.913765008189560635e-01,4.279375076293945312e-03
5.224176612083393234e-01,4.025697708129882812e-03
2.161783821617838108e-01,3.506088256835937500e-01
2.100789921007899241e-01,1.276016235351562500e-02
1.428857114288571151e-01,1.590033364295959473e+01
5.765914916992187500e-02,1.759767532348632812e-03
2.474266239682020863e-01,4.070997238159179688e-03
1.982270050890939661e-01,4.003286361694335938e-03
7.470252974702529247e-01,3.478758335113525391e-01
7.433256674332566760e-01,1.227903366088867188e-02
8.153184681531846500e-01,1.579461240768432617e+01
4.119014739990234375e-01,1.763582229614257812e-03
6.832881809342220558e-01,4.098892211914062500e-03
7.157025273513660801e-01,3.989696502685546875e-03
7.037296270372962459e-01,3.470463752746582031e-01
6.994300569943006085e-01,1.224017143249511719e-02
8.600139986001399395e-01,1.582884812355041504e+01
4.119014739990234375e-01,1.744508743286132812e-03
6.319772764115275665e-01,4.087924957275390625e-03
7.142195806295417171e-01,4.014730453491210938e-03
8.293170682931706450e-01,4.783236980438232422e-01
8.265173482651735348e-01,2.026581764221191406e-02
7.370262973702629283e-01,1.534841632843017578e+01
4.119014739990234375e-01,2.684831619262695312e-03
7.671669769983615605e-01,4.282474517822265625e-03
8.254214788029718974e-01,4.029035568237304688e-03
9.761023897610239253e-01,3.495497703552246094e-01
9.735026497350265373e-01,1.279759407043457031e-02
9.692030796920307889e-01,1.677081012725830078e+01
9.940910339355468750e-01,1.780986785888671875e-03
8.677597619605181833e-01,4.083156585693359375e-03
9.786282994353905362e-01,4.023551940917968750e-03
6.032396760323968099e-01,3.489503860473632812e-01
6.027397260273972268e-01,1.228499412536621094e-02
7.463253674632536194e-01,1.565135025978088379e+01
7.482776641845703125e-01,1.874923706054687500e-03
5.764120592373989105e-01,4.140138626098632812e-03
6.350143508223927702e-01,5.664825439453125000e-03
7.276272372762723206e-01,3.483347892761230469e-01
7.190280971902809348e-01,1.224660873413085938e-02
4.253574642535746242e-01,1.553371739387512207e+01
2.517223358154296875e-01,1.780748367309570312e-03
6.782593349858510035e-01,1.215362548828125000e-02
7.709934622186878084e-01,1.203680038452148438e-02
1.124887511248875149e-01,5.204026699066162109e-01
1.226877312268773168e-01,1.228547096252441406e-02
3.482651734826517353e-01,1.564502334594726562e+01
4.119014739990234375e-01,2.651929855346679688e-03
2.857485229863417353e-01,4.348993301391601562e-03
1.195014065233949152e-01,4.039764404296875000e-03
7.490250974902509240e-01,3.481397628784179688e-01
7.525247475252474505e-01,1.278972625732421875e-02
8.322167783221677828e-01,1.580720663070678711e+01
5.880985260009765625e-01,2.662897109985351562e-03
7.059448178723579659e-01,4.273653030395507812e-03
7.492929172269185978e-01,4.032611846923828125e-03
8.049195080491951260e-02,3.803317546844482422e-01
9.709029097090290938e-02,2.075052261352539062e-02
4.223577642235776253e-01,1.435871672630310059e+01
2.069473266601562500e-02,2.609014511108398438e-03
1.136315373456481814e-01,4.251956939697265625e-03
9.639748612148740792e-02,4.071712493896484375e-03
5.388461153884611665e-01,3.534984588623046875e-01
5.582441755824417706e-01,1.280403137207031250e-02
4.075592440755924639e-01,1.757854723930358887e+01
2.517223358154296875e-01,1.780271530151367188e-03
5.192835016947862092e-01,4.073381423950195312e-03
5.133555808647251029e-01,4.013776779174804688e-03
7.903209679032097146e-01,3.479712009429931641e-01
7.879212078792120488e-01,1.223134994506835938e-02
8.823117688231176814e-01,1.631430578231811523e+01
7.482776641845703125e-01,2.686023712158203125e-03
6.222106936211124761e-01,4.290580749511718750e-03
8.203990175598305790e-01,4.029512405395507812e-03
5.246475352464753383e-01,3.504629135131835938e-01
5.375462453754624725e-01,1.275944709777832031e-02
5.167483251674832578e-01,1.594919013977050781e+01
2.517223358154296875e-01,6.003379821777343750e-03
4.439869941747971449e-01,4.855632781982421875e-03
4.994767525539555719e-01,1.673841476440429688e-02
5.870412958704129824e-01,5.185823440551757812e-01
5.793420657934206242e-01,2.030873298645019531e-02
7.279272072792720705e-01,1.641349887847900391e+01
4.119014739990234375e-01,1.749753952026367188e-03
5.420443439404362129e-01,1.210594177246093750e-02
5.623662263204307621e-01,3.991603851318359375e-03
5.259474052594740323e-01,4.707844257354736328e-01
5.254474552544745602e-01,1.332855224609375000e-02
5.354464553544645566e-01,1.547706103324890137e+01
4.119014739990234375e-01,1.744747161865234375e-03
5.010111932272438562e-01,4.060745239257812500e-03
4.552912835071556419e-01,4.011154174804687500e-03
2.147785221477852280e-01,3.475315570831298828e-01
2.019798020197980104e-01,1.216912269592285156e-02
1.390860913908609220e-01,1.541985702514648438e+01
4.119014739990234375e-01,2.653121948242187500e-03
2.552670783654704678e-01,4.293680191040039062e-03
1.903477568828513822e-01,4.019975662231445312e-03
5.399460053994600828e-02,3.479979038238525391e-01
5.289471052894710590e-02,1.275634765625000000e-02
5.269473052694730736e-02,1.664653110504150391e+01
2.069473266601562500e-02,3.308057785034179688e-03
3.480889588388787481e-01,4.857540130615234375e-03
4.512328619915474681e-02,4.663705825805664062e-03
9.562043795620438491e-01,3.912432193756103516e-01
9.519048095190481007e-01,1.733994483947753906e-02
8.829117088291170701e-01,1.530580449104309082e+01
9.423408508300781250e-01,2.669095993041992188e-03
8.563917424139217971e-01,4.293680191040039062e-03
9.518564938267792819e-01,4.023075103759765625e-03
5.459454054594540390e-02,3.462462425231933594e-01
6.779322067793221163e-02,1.277875900268554688e-02
1.779822017798220191e-01,1.561603164672851562e+01
1.288414001464843750e-03,1.757860183715820312e-03
7.576061798861551122e-02,4.093170166015625000e-03
4.952148772095654045e-02,3.991127014160156250e-03
6.461353864613538223e-01,3.474931716918945312e-01
6.532346765323467919e-01,1.224350929260253906e-02
5.538446155384461056e-01,1.510742306709289551e+01
4.119014739990234375e-01,2.631425857543945312e-03
6.278943694685399368e-01,4.309415817260742188e-03
6.891257517882380945e-01,4.053115844726562500e-03
4.097590240975902409e-01,3.539209365844726562e-01
4.195580441955804596e-01,1.272535324096679688e-02
5.629437056294370745e-01,1.661393857002258301e+01
5.765914916992187500e-02,1.741647720336914062e-03
4.147371875390238882e-01,4.066467285156250000e-03
4.428315184963399487e-01,4.019021987915039062e-03
2.719728027197280268e-02,3.457720279693603516e-01
3.899610038996100675e-02,1.217961311340332031e-02
6.039396060393960319e-02,1.507687997817993164e+01
2.069473266601562500e-02,1.736164093017578125e-03
4.693098635305176930e-02,4.072666168212890625e-03
5.624767821765273845e-02,3.962278366088867188e-03
9.792020797920207853e-01,3.492023944854736328e-01
9.807019298070193125e-01,1.226973533630371094e-02
9.765023497650234807e-01,1.539403796195983887e+01
9.423408508300781250e-01,1.720190048217773438e-03
7.979050790981410124e-01,4.058361053466796875e-03
9.832754053746856071e-01,3.990411758422851562e-03
9.199080091990800845e-02,3.501024246215820312e-01
1.020897910208979076e-01,1.213526725769042969e-02
1.001899810018998110e-01,1.521778392791748047e+01
2.517223358154296875e-01,2.617597579956054688e-03
1.409847255260945897e-01,4.266500473022460938e-03
9.935195476789321356e-02,4.027843475341796875e-03
2.378762123787621363e-01,4.132552146911621094e-01
2.490750924907509378e-01,1.269268989562988281e-02
1.892810718928107094e-01,1.458516454696655273e+01
4.119014739990234375e-01,1.761674880981445312e-03
2.252246691699047454e-01,4.065990447998046875e-03
2.235893188839399026e-01,4.011392593383789062e-03
6.746325367463253952e-01,3.479192256927490234e-01
6.749325067493250341e-01,1.212382316589355469e-02
5.590440955904409925e-01,1.593533730506896973e+01
5.880985260009765625e-01,1.737117767333984375e-03
6.467825427903722835e-01,4.064083099365234375e-03
6.241216746249274028e-01,3.985881805419921875e-03
3.808619138086191125e-01,3.476946353912353516e-01
4.009599040095990219e-01,1.213455200195312500e-02
4.757524247575242726e-01,1.843823051452636719e+01
1.315879821777343750e-01,1.005911827087402344e-02
3.985182613187897571e-01,4.924774169921875000e-03
3.917910709374089473e-01,1.279568672180175781e-02
3.540645935406459555e-01,4.202566146850585938e-01
3.478652134786521244e-01,1.209449768066406250e-02
4.033596640335966321e-01,1.472639465332031250e+01
8.684120178222656250e-01,2.664089202880859375e-03
4.046001610754652589e-01,4.331827163696289062e-03
3.430555201371724983e-01,4.243135452270507812e-03
3.617638236176382582e-01,6.496651172637939453e-01
3.749625037496250313e-01,2.063441276550292969e-02
1.423857614238576152e-01,1.574128293991088867e+01
1.315879821777343750e-01,1.716852188110351562e-03
4.220364013982753071e-01,4.064559936523437500e-03
3.941517183035961880e-01,3.995180130004882812e-03
4.840515948405159641e-01,3.477268218994140625e-01
4.953504649535046545e-01,1.211142539978027344e-02
4.304569543045695390e-01,1.568987035751342773e+01
2.517223358154296875e-01,1.711130142211914062e-03
5.099763093063325314e-01,4.063367843627929688e-03
5.046663086204525861e-01,4.003047943115234375e-03
9.888011198880112262e-01,3.485987186431884766e-01
9.875012498750125323e-01,1.207232475280761719e-02
9.789021097890211465e-01,1.525593423843383789e+01
7.482776641845703125e-01,1.630544662475585938e-03
8.068495907632813324e-01,3.996610641479492188e-03
9.936670219736285503e-01,3.973722457885742188e-03
1.596840315968403035e-01,3.468883037567138672e-01
1.618838116188381082e-01,1.208949089050292969e-02
2.681731826817318476e-01,1.494255614280700684e+01
9.423408508300781250e-01,2.617597579956054688e-03
3.271248051701571846e-01,4.267930984497070312e-03
1.908762646029283916e-01,4.020690917968750000e-03
5.964403559644035901e-01,3.477861881256103516e-01
5.987401259874012283e-01,1.260924339294433594e-02
7.292270772922707645e-01,1.698442244529724121e+01
5.880985260009765625e-01,1.725673675537109375e-03
5.494927728095189146e-01,4.057645797729492188e-03
5.206426460816131474e-01,3.974914550781250000e-03
5.647435256474352405e-01,3.646960258483886719e-01
5.837416258374162892e-01,1.212191581726074219e-02
6.519348065193480979e-01,1.540320754051208496e+01
4.119014739990234375e-01,1.715660095214843750e-03
5.111829048811049603e-01,4.068136215209960938e-03
6.091221036779699283e-01,3.984451293945312500e-03
2.300769923007699169e-01,3.477125167846679688e-01
2.431756824317568288e-01,1.210236549377441406e-02
3.559644035596440381e-01,1.520441889762878418e+01
5.880985260009765625e-01,1.636743545532226562e-03
2.932084825199265943e-01,4.030704498291015625e-03
2.925362991939975399e-01,3.993272781372070312e-03
9.359064093590641065e-02,3.470754623413085938e-01
9.549045095490450719e-02,1.205444335937500000e-02
8.139186081391860950e-02,1.509685373306274414e+01
5.765914916992187500e-02,2.645492553710937500e-03
1.254894547896838741e-01,4.254817962646484375e-03
9.419711451278695025e-02,4.015445709228515625e-03
2.909709029097090061e-01,3.473916053771972656e-01
2.793720627937206213e-01,1.259803771972656250e-02
2.036796320367963153e-01,1.564946818351745605e+01
9.423408508300781250e-01,1.757144927978515625e-03
3.422954118982256544e-01,4.078149795532226562e-03
2.641291048599392344e-01,3.983259201049804688e-03
8.964103589641035930e-01,4.734070301055908203e-01
8.895110488951104566e-01,1.211953163146972656e-02
6.890310968903109456e-01,1.533123779296875000e+01
7.482776641845703125e-01,1.729488372802734375e-03
8.403389176020337192e-01,4.062891006469726562e-03
8.745737913186806267e-01,4.007339477539062500e-03
7.597240275972402257e-01,3.484497070312500000e-01
7.432256774322567594e-01,1.212739944458007812e-02
9.346065393460654125e-01,1.587398219108581543e+01
9.423408508300781250e-01,1.764535903930664062e-03
6.857006128836313774e-01,4.091501235961914062e-03
7.079319050106260836e-01,4.009246826171875000e-03
8.043195680431957095e-01,3.466377258300781250e-01
8.033196680331966544e-01,1.212477684020996094e-02
7.645235476452354462e-01,1.479871821403503418e+01
2.517223358154296875e-01,2.643108367919921875e-03
7.381461828421310711e-01,4.264354705810546875e-03
7.633031634773415064e-01,4.037380218505859375e-03
3.827617238276172507e-01,3.474612236022949219e-01
3.846615338466153333e-01,1.268100738525390625e-02
2.614738526147385445e-01,1.444213199615478516e+01
5.880985260009765625e-01,1.775979995727539062e-03
4.992833751193864189e-01,4.087686538696289062e-03
3.767664982156008202e-01,3.987073898315429688e-03
2.214778522147785311e-01,3.729548454284667969e-01
2.171782821717828105e-01,1.239252090454101562e-02
1.550844915508449162e-01,1.480431747436523438e+01
2.517223358154296875e-01,1.744031906127929688e-03
3.196821810106413864e-01,4.086256027221679688e-03
1.972845241895903601e-01,4.016637802124023438e-03
9.067093290670933392e-01,3.513455390930175781e-01
9.051094890510948954e-01,1.220655441284179688e-02
8.848115188481151527e-01,1.540783429145812988e+01
5.880985260009765625e-01,1.748085021972656250e-03
8.263333407336490577e-01,4.066467285156250000e-03
9.179082239370867091e-01,4.010915756225585938e-03
6.651334866513348709e-01,4.125339984893798828e-01
6.664333566643335649e-01,1.219987869262695312e-02
8.288171182881711729e-01,1.599409651756286621e+01
4.119014739990234375e-01,2.663373947143554688e-03
6.221059351695501505e-01,4.261970520019531250e-03
6.311154535724794457e-01,4.053354263305664062e-03
6.648335166483351211e-01,5.447554588317871094e-01
6.677332266773322589e-01,1.274442672729492188e-02
8.646135386461354377e-01,1.588556838035583496e+01
4.119014739990234375e-01,1.790761947631835938e-03
5.686774320101429803e-01,4.071235656738281250e-03
6.741803849153173989e-01,4.008293151855468750e-03
1.652834716528347181e-01,3.470103740692138672e-01
1.809819018098190180e-01,1.220130920410156250e-02
1.513848615138486120e-01,1.568504691123962402e+01
1.315879821777343750e-01,1.743316650390625000e-03
2.625434603122374089e-01,4.070520401000976562e-03
1.260503534260171143e-01,3.976583480834960938e-03
7.273272672732726818e-01,3.462617397308349609e-01
7.234276572342765999e-01,1.217293739318847656e-02
7.492250774922507572e-01,1.512923002243041992e+01
7.482776641845703125e-01,1.750946044921875000e-03
6.348109325843480644e-01,4.387855529785156250e-03
7.018203296110393508e-01,3.983497619628906250e-03
5.527447255274472449e-01,3.528335094451904297e-01
5.609439056094390752e-01,1.236414909362792969e-02
6.132386761323868063e-01,1.635753417015075684e+01
4.119014739990234375e-01,2.658605575561523438e-03
5.229912219321377620e-01,4.289388656616210938e-03
5.457269421382168195e-01,4.026889801025390625e-03
6.520347965203480145e-01,3.481314182281494141e-01
6.518348165183481813e-01,1.270174980163574219e-02
6.104389561043895851e-01,1.529336428642272949e+01
4.119014739990234375e-01,1.739025115966796875e-03
6.077482746003257663e-01,4.062175750732421875e-03
6.870022258947051652e-01,3.988504409790039062e-03
1.851814818518148220e-01,3.482055664062500000e-01
1.767823217678232139e-01,1.217126846313476562e-02
2.011798820117988162e-01,1.568817949295043945e+01
4.119014739990234375e-01,1.737594604492187500e-03
2.304192175476226789e-01,4.043340682983398438e-03
1.976357112185927467e-01,3.970861434936523438e-03
8.610138986101389946e-01,3.461732864379882812e-01
8.654134586541345486e-01,1.213097572326660156e-02
7.605239476052394476e-01,1.569711828231811523e+01
8.684120178222656250e-01,1.732587814331054688e-03
8.074898101454905941e-01,4.065036773681640625e-03
8.590372727724722157e-01,1.200795173645019531e-02
6.259374062593741073e-01,4.346985816955566406e-01
6.276372362763723567e-01,1.216745376586914062e-02
8.018198180181981272e-01,1.512673354148864746e+01
5.880985260009765625e-01,2.673149108886718750e-03
5.482957351188585404e-01,4.281044006347656250e-03
5.882520200944837407e-01,4.053592681884765625e-03
7.165283471652834635e-01,3.482546806335449219e-01
7.047295270472953010e-01,1.275706291198730469e-02
5.604439556044396031e-01,1.507514667510986328e+01
5.880985260009765625e-01,1.770019531250000000e-03
5.687499928763378731e-01,4.057168960571289062e-03
7.194261461766121579e-01,3.985166549682617188e-03
1.768823117688231306e-01,3.480596542358398438e-01
1.621837816218378026e-01,1.217246055603027344e-02
1.270872912708729263e-01,1.553826117515563965e+01
4.119014739990234375e-01,1.748800277709960938e-03
2.734677446505823784e-01,4.084348678588867188e-03
1.202437986039134876e-01,4.003047943115234375e-03
7.182281771822818239e-01,3.481440544128417969e-01
7.173282671732826854e-01,1.212286949157714844e-02
5.759424057594240143e-01,1.453032517433166504e+01
8.684120178222656250e-01,1.702785491943359375e-03
7.175760156087953590e-01,4.039049148559570312e-03
7.023397046461452575e-01,4.002332687377929688e-03
7.966203379662033512e-01,3.608458042144775391e-01
7.917208279172083252e-01,1.227951049804687500e-02
7.200279972002799900e-01,1.670858740806579590e+01
7.482776641845703125e-01,2.648115158081054688e-03
7.133120487579441837e-01,4.249572753906250000e-03
7.613028082738655389e-01,4.018068313598632812e-03
5.239476052394760608e-02,3.696575164794921875e-01
5.259474052594740462e-02,1.288557052612304688e-02
9.829017098290171450e-02,2.039757609367370605e+01
2.517223358154296875e-01,1.727104187011718750e-03
2.236973349025143110e-01,4.065513610839843750e-03
6.216122501075482809e-02,1.188087463378906250e-02
9.999000099990001597e-03,4.478051662445068359e-01
1.019898010198980187e-02,2.412390708923339844e-02
8.999100089991000223e-03,2.015308666229248047e+01
5.765914916992187500e-02,1.713752746582031250e-03
4.102663345175391191e-02,1.207304000854492188e-02
1.339986576669683835e-02,4.020929336547851562e-03
6.803319668033196432e-01,4.845201969146728516e-01
6.763323667633236447e-01,2.014017105102539062e-02
6.127387261273872232e-01,2.040440511703491211e+01
7.482776641845703125e-01,1.744747161865234375e-03
5.842160983067193891e-01,4.067897796630859375e-03
7.534597495053891869e-01,1.599788665771484375e-02
6.199380061993800713e-03,4.638404846191406250e-01
6.499350064993500257e-03,2.014732360839843750e-02
5.199480051994800206e-03,2.092173814773559570e+01
1.288414001464843750e-03,2.535581588745117188e-03
1.160826491295087644e-02,4.233360290527343750e-03
1.388044432910480117e-02,4.031658172607421875e-03
9.999000099990001543e-05,4.270901679992675781e-01
1.999800019998000309e-04,2.053451538085937500e-02
9.999000099990001543e-05,1.936957454681396484e+01
1.288414001464843750e-03,1.682281494140625000e-03
2.986153775337915470e-03,4.063844680786132812e-03
3.458931732761563391e-04,4.010677337646484375e-03
1.780821917808219079e-01,4.312767982482910156e-01
1.771822817718228249e-01,2.807331085205078125e-02
1.345865413458654236e-01,2.118412423133850098e+01
8.684120178222656250e-01,1.731157302856445312e-03
2.251778564936674498e-01,4.093408584594726562e-03
1.716488630983639130e-01,1.203370094299316406e-02
6.279372062793719955e-02,3.801484107971191406e-01
6.469353064693530997e-02,2.008295059204101562e-02
1.037896210378962125e-01,2.070057892799377441e+01
7.482776641845703125e-01,9.546995162963867188e-03
9.887496511488319539e-02,4.027128219604492188e-03
7.797354288824569213e-02,1.603770256042480469e-02
3.760623937606239475e-01,4.734821319580078125e-01
3.819618038196180287e-01,2.799320220947265625e-02
2.707729227077292355e-01,2.055887413024902344e+01
1.315879821777343750e-01,2.647638320922851562e-03
3.731236787633696039e-01,4.250764846801757812e-03
4.113011682435824268e-01,4.014015197753906250e-03
4.271572842715728457e-01,3.476362228393554688e-01
4.389561043895610637e-01,1.258778572082519531e-02
4.380561943805619252e-01,2.104921436309814453e+01
5.880985260009765625e-01,1.708507537841796875e-03
3.633910480777464702e-01,4.058599472045898438e-03
4.805943930132662301e-01,3.975391387939453125e-03
7.970202979702030177e-01,4.985780715942382812e-01
7.843215678432157167e-01,2.010130882263183594e-02
8.284171582841716175e-01,2.026432824134826660e+01
8.684120178222656250e-01,1.676797866821289062e-03
7.070328384973592062e-01,1.208233833312988281e-02
8.178217747939071636e-01,3.996133804321289062e-03
3.917608239176082474e-01,5.346057415008544922e-01
4.138586141385861561e-01,1.207828521728515625e-02
4.846515348465153528e-01,2.253652930259704590e+01
2.517223358154296875e-01,1.701593399047851562e-03
4.273524070126439867e-01,4.076957702636718750e-03
4.395268084727663727e-01,3.999471664428710938e-03
3.340665933406659072e-01,4.909169673919677734e-01
3.411658834116588213e-01,1.205992698669433594e-02
3.496650334966503459e-01,2.058353757858276367e+01
2.517223358154296875e-01,2.651929855346679688e-03
2.956586077886310671e-01,4.306316375732421875e-03
3.726050606718599445e-01,4.015207290649414062e-03
7.683231676832317225e-01,4.905478954315185547e-01
7.687231276872312780e-01,1.261115074157714844e-02
7.487251274872512852e-01,2.096759104728698730e+01
2.517223358154296875e-01,1.729249954223632812e-03
7.367253744968046414e-01,1.197719573974609375e-02
8.020311624320315413e-01,3.988742828369140625e-03
6.458354164583541834e-01,5.382421016693115234e-01
6.294370562943705227e-01,2.023053169250488281e-02
5.946405359464053131e-01,1.967869496345520020e+01
7.482776641845703125e-01,2.017259597778320312e-03
5.315880654144625739e-01,4.295825958251953125e-03
6.655573707839108621e-01,4.005670547485351562e-03
4.826517348265173535e-01,4.159379005432128906e-01
4.903509649035096563e-01,2.011060714721679688e-02
4.968503149685031262e-01,2.056054830551147461e+01
2.517223358154296875e-01,2.629518508911132812e-03
4.584560917152009085e-01,1.226568222045898438e-02
4.950924714512272007e-01,4.034996032714843750e-03
3.043695630436956123e-01,5.171151161193847656e-01
3.217678232176782172e-01,2.061200141906738281e-02
3.240675932406759108e-01,2.093996238708496094e+01
5.880985260009765625e-01,2.671957015991210938e-03
3.435953183684040124e-01,1.627874374389648438e-02
2.799470016096082259e-01,4.048824310302734375e-03
3.513648635136486509e-01,5.860395431518554688e-01
3.643635636436356462e-01,2.858734130859375000e-02
3.240675932406759108e-01,2.833333349227905273e+01
4.119014739990234375e-01,2.613306045532226562e-03
4.112055847139254317e-01,4.257202148437500000e-03
3.057235043294270760e-01,1.604151725769042969e-02
7.982201779822017951e-01,1.109600067138671875e+00
8.068193180681931809e-01,2.213764190673828125e-02
8.527147285271472477e-01,2.660003781318664551e+01
7.482776641845703125e-01,2.657651901245117188e-03
7.529637288341479717e-01,4.245042800903320312e-03
6.871148247990851443e-01,1.605772972106933594e-02
2.332766723327667213e-01,5.693316459655761719e-01
2.266773322667733348e-01,2.876019477844238281e-02
1.440855914408559202e-01,1.917251300811767578e+01
2.069473266601562500e-02,2.664566040039062500e-03
2.830348836306435523e-01,1.230454444885253906e-02
2.260755533276205265e-01,4.055500030517578125e-03
2.184781521847815322e-01,7.023656368255615234e-01
2.112788721127887293e-01,2.856016159057617188e-02
2.649735026497350154e-01,2.046763730049133301e+01
8.684120178222656250e-01,2.547502517700195312e-03
3.771197904407718182e-01,4.227876663208007812e-03
2.081444410018892799e-01,4.027605056762695312e-03
5.841415858414158446e-01,4.863696098327636719e-01
5.673432656734326285e-01,1.259589195251464844e-02
5.644435556444356017e-01,2.007719469070434570e+01
5.880985260009765625e-01,2.541542053222656250e-03
5.928418496232261692e-01,4.231929779052734375e-03
5.674541090504398033e-01,4.028320312500000000e-03
9.198080191980801956e-01,4.136641025543212891e-01
9.168083191680831412e-01,1.261949539184570312e-02
9.740025997400260094e-01,2.079919624328613281e+01
4.119014739990234375e-01,1.738309860229492188e-03
8.756416359890114576e-01,4.064798355102539062e-03
9.266901382617968030e-01,1.198649406433105469e-02
3.995600439956004668e-01,5.401971340179443359e-01
3.906609339066093312e-01,1.214575767517089844e-02
4.527547245275472254e-01,2.027063059806823730e+01
4.119014739990234375e-01,2.583026885986328125e-03
4.230180289387954762e-01,4.244804382324218750e-03
4.210597207037241607e-01,3.991842269897460938e-03
4.609539046095390696e-02,3.470520973205566406e-01
5.349465053494650846e-02,1.258087158203125000e-02
4.939506049395060716e-02,1.917546248435974121e+01
5.908966064453125000e-03,1.718044281005859375e-03
8.692805916240597952e-02,1.204752922058105469e-02
4.810437714626333155e-02,3.984451293945312500e-03
1.761823817618238253e-01,5.292439460754394531e-01
1.877812218778122100e-01,1.217007637023925781e-02
1.968803119688031233e-01,2.009440088272094727e+01
1.315879821777343750e-01,2.637386322021484375e-03
2.528512373079521147e-01,4.263162612915039062e-03
1.798696040015094755e-01,4.032850265502929688e-03
6.689331066893310085e-02,5.784277915954589844e-01
7.929207079292070748e-02,1.258850097656250000e-02
7.969203079692030456e-02,1.984349966049194336e+01
2.069473266601562500e-02,1.720428466796875000e-03
1.103885469593158808e-01,4.097223281860351562e-03
5.628507304481972229e-02,4.020452499389648438e-03
8.192180781921807320e-01,5.252435207366943359e-01
8.182181781821817879e-01,2.806949615478515625e-02
8.106189381061893462e-01,1.807516193389892578e+01
2.517223358154296875e-01,1.641750335693359375e-03
8.178534361214382375e-01,4.015684127807617188e-03
8.392937357851835145e-01,3.999233245849609375e-03
5.675432456754324617e-01,3.824853897094726562e-01
5.737426257374262928e-01,1.211142539978027344e-02
4.372562743725627588e-01,2.039625239372253418e+01
7.482776641845703125e-01,1.715421676635742188e-03
5.810681251575536832e-01,4.105806350708007812e-03
5.358828911159404518e-01,4.007816314697265625e-03
6.085391460853915024e-01,4.807066917419433594e-01
5.967403259674032290e-01,1.218676567077636719e-02
7.181281871812819073e-01,2.012850832939147949e+01
8.684120178222656250e-01,2.636671066284179688e-03
5.376809279875087721e-01,4.253149032592773438e-03
5.384034725332103033e-01,4.028320312500000000e-03
7.735226477352264984e-01,4.688925743103027344e-01
7.664233576642335288e-01,2.057313919067382812e-02
6.903309669033096396e-01,1.839207792282104492e+01
8.684120178222656250e-01,1.735210418701171875e-03
7.898188361788499590e-01,4.082918167114257812e-03
7.784411715189195613e-01,4.341840744018554688e-03
9.579042095790420985e-01,4.505698680877685547e-01
9.556044395560443494e-01,2.012848854064941406e-02
9.744025597440255648e-01,2.071444129943847656e+01
9.793052673339843750e-01,1.715898513793945312e-03
9.128435481823428121e-01,1.609134674072265625e-02
9.468738126804766564e-01,4.049301147460937500e-03
4.819518048195180482e-01,6.362690925598144531e-01
5.057494250574942063e-01,1.212430000305175781e-02
7.061293870612939116e-01,1.905783843994140625e+01
5.765914916992187500e-02,1.693248748779296875e-03
4.398251690130128844e-01,4.075527191162109375e-03
5.108457243647702706e-01,4.005908966064453125e-03
1.002899710028997138e-01,3.488464355468750000e-01
9.749025097490250646e-02,1.209211349487304688e-02
1.396860313968603107e-01,1.790165901184082031e+01
5.880985260009765625e-01,2.583742141723632812e-03
3.208239857107141324e-01,4.227161407470703125e-03
1.188392653114855313e-01,4.036188125610351562e-03
3.499650034996500472e-03,3.481783866882324219e-01
3.199680031996800494e-03,1.256442070007324219e-02
3.899610038996100588e-03,1.982226181030273438e+01
5.880985260009765625e-01,1.711606979370117188e-03
2.700580069588431539e-02,1.240348815917968750e-02
2.054123200763976337e-03,4.017829895019531250e-03
8.997100289971002862e-01,4.762601852416992188e-01
8.934106589341065385e-01,2.011966705322265625e-02
6.198380161983801928e-01,2.011409687995910645e+01
8.684120178222656250e-01,1.668930053710937500e-03
8.534419755371240868e-01,4.028320312500000000e-03
9.016798260862530778e-01,3.988981246948242188e-03
8.026197380261973491e-01,4.359166622161865234e-01
8.051194880511949314e-01,2.005481719970703125e-02
8.262173782621737850e-01,2.025752472877502441e+01
5.880985260009765625e-01,9.736537933349609375e-03
7.611250498085555538e-01,4.067182540893554688e-03
7.706268939233384963e-01,1.198267936706542969e-02
2.671732826717328479e-01,5.139081478118896484e-01
2.668733126687331536e-01,1.214504241943359375e-02
2.346765323467653319e-01,2.120689964294433594e+01
2.517223358154296875e-01,1.737117767333984375e-03
2.944525311610262097e-01,4.068613052368164062e-03
2.791307376774405102e-01,4.040718078613281250e-03
9.536046395360463501e-01,4.874305725097656250e-01
9.526047395260474060e-01,2.004265785217285156e-02
9.680031996800320115e-01,1.948974323272705078e+01
8.684120178222656250e-01,2.649545669555664062e-03
9.102224358211472577e-01,4.231452941894531250e-03
9.567333490099806381e-01,1.202440261840820312e-02
2.449755024497550226e-01,4.437437057495117188e-01
2.500749925007499375e-01,1.260066032409667969e-02
2.671732826717328479e-01,1.706321907043457031e+01
1.315879821777343750e-01,1.694440841674804688e-03
3.001845157859575064e-01,4.043340682983398438e-03
2.380788902512338545e-01,3.986835479736328125e-03
1.952804719528047073e-01,5.555641651153564453e-01
2.045795420457954261e-01,1.210689544677734375e-02
1.984801519848015117e-01,2.083876633644104004e+01
7.482776641845703125e-01,1.755714416503906250e-03
4.099884445334790462e-01,4.070997238159179688e-03
2.162137578376202574e-01,4.029989242553710938e-03
5.764423557644235974e-01,5.024402141571044922e-01
5.929407059294070637e-01,1.217722892761230469e-02
5.384461553844615000e-01,2.034368968009948730e+01
1.315879821777343750e-01,2.573251724243164062e-03
5.624433550750288502e-01,4.209995269775390625e-03
5.768601564620372546e-01,4.027128219604492188e-03
9.929007099290071414e-02,5.596470832824707031e-01
1.067893210678932114e-01,1.258826255798339844e-02
1.015898410158984078e-01,1.934112095832824707e+01
5.880985260009765625e-01,2.623081207275390625e-03
1.888737291926091966e-01,4.256248474121093750e-03
6.201740477858044137e-02,4.033327102661132812e-03
5.386461353864613333e-01,5.400633811950683594e-01
5.338466153384661128e-01,1.260471343994140625e-02
4.844515548445155750e-01,1.967609190940856934e+01
2.517223358154296875e-01,2.652168273925781250e-03
5.343639475708092945e-01,1.227235794067382812e-02
5.617094604479058173e-01,4.031896591186523438e-03
4.479552044795520604e-01,4.600272178649902344e-01
4.579542045795420568e-01,1.264047622680664062e-02
3.966603339666033290e-01,2.109208488464355469e+01
5.880985260009765625e-01,9.762525558471679688e-03
4.347139292164818869e-01,4.094600677490234375e-03
4.801956429423195338e-01,1.202273368835449219e-02
9.808019198080192291e-01,5.685088634490966797e-01
9.768023197680232306e-01,1.215934753417968750e-02
9.687031296870313168e-01,2.133720803260803223e+01
9.423408508300781250e-01,1.057696342468261719e-02
9.659273183670242791e-01,4.263401031494140625e-03
9.845048711314613454e-01,1.204156875610351562e-02
8.695130486951304638e-01,5.387759208679199219e-01
8.655134486551344652e-01,1.255846023559570312e-02
8.286171382861713397e-01,1.896242213249206543e+01
7.482776641845703125e-01,9.752988815307617188e-03
8.429324290887424409e-01,4.059076309204101562e-03
8.526825380994924597e-01,1.204228401184082031e-02
3.598640135986401201e-01,4.758510589599609375e-01
3.575642435756424264e-01,1.217389106750488281e-02
3.973602639736026343e-01,1.920754981040954590e+01
4.119014739990234375e-01,1.804113388061523438e-03
3.241556231598718973e-01,4.069566726684570312e-03
3.697763483452661815e-01,9.356498718261718750e-03
9.528047195280472392e-01,6.011645793914794922e-01
9.567043295670433212e-01,2.804374694824218750e-02
9.746025397460253981e-01,1.986780118942260742e+01
8.684120178222656250e-01,2.590656280517578125e-03
9.382229465006922675e-01,4.252195358276367188e-03
9.605225376075351429e-01,4.038333892822265625e-03
7.653234676532346681e-01,3.491005897521972656e-01
7.666233376662333621e-01,1.258802413940429688e-02
8.812118788121188206e-01,2.024865746498107910e+01
8.684120178222656250e-01,2.642869949340820312e-03
7.868467253410058593e-01,4.279375076293945312e-03
7.766983894377046393e-01,4.033327102661132812e-03
4.566543345665433629e-01,4.799537658691406250e-01
4.830516948305169644e-01,2.857208251953125000e-02
5.437456254374563036e-01,1.933688664436340332e+01
5.880985260009765625e-01,2.522230148315429688e-03
4.989002708428640354e-01,4.198312759399414062e-03
5.157591095750839738e-01,4.035472869873046875e-03
9.392060793920607997e-01,5.846419334411621094e-01
9.310068993100689694e-01,2.051353454589843750e-02
9.419058094190581043e-01,1.811675477027893066e+01
9.423408508300781250e-01,1.689672470092773438e-03
8.649333278153079618e-01,4.055500030517578125e-03
9.316034700801767432e-01,3.992795944213867188e-03
9.890010998900109485e-01,3.658533096313476562e-01
9.894010598940106149e-01,1.211571693420410156e-02
9.985001499850014728e-01,2.114302277565002441e+01
7.482776641845703125e-01,1.702785491943359375e-03
8.491458048864831687e-01,6.816625595092773438e-03
9.896136439896588977e-01,4.302740097045898438e-03
3.184681531846815239e-01,5.313432216644287109e-01
3.564643535646435102e-01,2.064108848571777344e-02
3.303669633036696585e-01,1.853019213676452637e+01
5.765914916992187500e-02,1.835346221923828125e-03
3.377556199193657571e-01,4.056930541992187500e-03
3.286196286659793797e-01,4.008293151855468750e-03
7.330266973302669298e-01,4.470684528350830078e-01
7.432256774322567594e-01,1.212811470031738281e-02
7.552244775522447551e-01,1.864461612701416016e+01
5.880985260009765625e-01,1.719474792480468750e-03
6.204780405940413246e-01,1.605153083801269531e-02
7.707680010485824518e-01,4.002571105957031250e-03
1.145885411458854169e-01,4.466233253479003906e-01
1.310868913108689249e-01,1.210069656372070312e-02
9.009099090090991191e-02,2.032851600646972656e+01
5.765914916992187500e-02,1.727819442749023438e-03
1.663055283028117004e-01,2.010631561279296875e-02
1.347088301921101072e-01,4.046440124511718750e-03
5.821417858214178453e-01,7.161459922790527344e-01
5.873412658734126213e-01,2.795958518981933594e-02
7.184281571842815461e-01,1.775250935554504395e+01
2.517223358154296875e-01,1.831293106079101562e-03
5.249010221582804947e-01,4.114389419555664062e-03
5.492201912850056544e-01,4.034042358398437500e-03
4.791520847915208270e-01,3.565914630889892578e-01
5.052494750524947342e-01,1.234698295593261719e-02
3.483651634836516520e-01,2.028701353073120117e+01
2.069473266601562500e-02,2.686500549316406250e-03
4.832211004785602060e-01,4.261493682861328125e-03
4.529422431635191648e-01,4.090547561645507812e-03
7.390260973902609276e-01,5.422313213348388672e-01
7.222277772222778225e-01,1.263761520385742188e-02
6.275372462753724401e-01,1.848662424087524414e+01
8.684120178222656250e-01,1.759529113769531250e-03
6.560550133643561210e-01,4.082918167114257812e-03
7.887904832882428607e-01,4.004955291748046875e-03
7.135286471352865201e-01,4.109444618225097656e-01
7.210278972102789341e-01,1.213240623474121094e-02
7.968203179682031845e-01,2.032157707214355469e+01
4.119014739990234375e-01,8.058786392211914062e-03
7.003565261736222070e-01,4.264116287231445312e-03
6.640000034164071918e-01,3.991365432739257812e-03
6.516348365163483480e-01,5.406022071838378906e-01
6.503349665033496541e-01,1.216030120849609375e-02
5.870412958704129824e-01,2.074465775489807129e+01
1.315879821777343750e-01,1.059103012084960938e-02
6.031624520193218375e-01,4.262208938598632812e-03
6.658659733071571329e-01,1.202011108398437500e-02
2.958704129587041431e-01,5.535261631011962891e-01
4.130586941305869342e-01,1.263761520385742188e-02
1.635836416358364132e-01,2.093912863731384277e+01
2.517223358154296875e-01,2.609014511108398438e-03
4.992950668336325060e-01,4.233121871948242188e-03
2.842829251096348209e-01,1.603055000305175781e-02
1.519848015198480180e-02,5.229456424713134766e-01
2.009799020097990246e-02,2.860784530639648438e-02
1.879812018798120155e-02,1.946861004829406738e+01
2.069473266601562500e-02,2.499103546142578125e-03
7.571791348984212300e-02,1.216101646423339844e-02
1.855548939700547850e-02,4.041194915771484375e-03
3.889611038896110401e-02,5.558197498321533203e-01
4.559544045595440714e-02,2.852964401245117188e-02
2.057794220577942312e-01,1.931311726570129395e+01
1.315879821777343750e-01,1.743793487548828125e-03
7.839315574531985353e-02,4.064321517944335938e-03
3.002638123226490305e-02,3.969192504882812500e-03
3.393660633936606552e-01,5.239973068237304688e-01
3.558644135586441215e-01,1.216244697570800781e-02
2.656734326567343207e-01,1.888082194328308105e+01
5.765914916992187500e-02,2.635717391967773438e-03
3.481585773512454463e-01,4.267692565917968750e-03
3.847511505737681858e-01,4.034757614135742188e-03
7.100289971002899936e-01,5.830011367797851562e-01
7.192280771922807681e-01,2.854704856872558594e-02
6.479352064793520993e-01,2.040737652778625488e+01
5.880985260009765625e-01,1.675605773925781250e-03
6.984180231989139953e-01,4.038095474243164062e-03
7.482051092486292632e-01,3.994226455688476562e-03
1.965803419658034290e-01,6.244504451751708984e-01
1.944805519448055131e-01,1.212239265441894531e-02
1.121887811218878067e-01,1.931938886642456055e+01
4.119014739990234375e-01,1.868963241577148438e-03
4.273762931605945559e-01,1.214694976806640625e-02
2.194682121325797763e-01,1.015639305114746094e-02
3.808619138086191125e-01,5.734992027282714844e-01
3.699630036996300331e-01,2.808237075805664062e-02
6.157384261573842776e-01,2.088972353935241699e+01
5.880985260009765625e-01,2.598285675048828125e-03
4.446387814648402048e-01,1.224756240844726562e-02
3.864345765728304793e-01,4.033803939819335938e-03
2.522747725227477145e-01,5.087110996246337891e-01
2.559744025597440187e-01,2.056479454040527344e-02
5.007499250074992636e-01,2.100713825225830078e+01
1.315879821777343750e-01,2.599954605102539062e-03
2.651223660971451235e-01,4.261970520019531250e-03
1.679754244522143614e-01,4.017114639282226562e-03
3.671632836716328119e-01,5.178873538970947266e-01
3.780621937806219468e-01,2.057552337646484375e-02
2.264773522647735293e-01,2.144871520996093750e+01
5.765914916992187500e-02,2.609729766845703125e-03
4.154457898265278559e-01,4.260301589965820312e-03
3.307566150768355140e-01,4.020214080810546875e-03
3.624637536246375635e-01,4.680564403533935547e-01
3.568643135686431211e-01,1.258611679077148438e-02
2.857714228577142301e-01,1.934196972846984863e+01
7.482776641845703125e-01,1.740694046020507812e-03
4.712035086896979585e-01,4.046678543090820312e-03
3.103775252939135476e-01,1.188540458679199219e-02
3.963603639636036347e-01,5.182139873504638672e-01
4.071592840715928530e-01,1.211929321289062500e-02
2.223777622237776141e-01,2.091564154624938965e+01
4.119014739990234375e-01,2.566337585449218750e-03
4.099319592998609263e-01,4.207611083984375000e-03
3.219724509207115837e-01,4.022836685180664062e-03
5.700429957004299331e-01,5.169043540954589844e-01
5.503449655034496901e-01,1.256823539733886719e-02
4.435556444355564509e-01,1.945297479629516602e+01
2.517223358154296875e-01,9.750366210937500000e-03
5.108236018126219857e-01,4.071950912475585938e-03
6.001088371722707038e-01,1.199841499328613281e-02
2.496750324967503265e-01,4.296984672546386719e-01
2.808719128087191486e-01,2.808785438537597656e-02
1.108889111088891127e-01,2.143961930274963379e+01
5.765914916992187500e-02,1.718997955322265625e-03
4.356020450607686612e-01,4.084825515747070312e-03
2.459355067243374493e-01,4.024505615234375000e-03
8.705129487051295190e-01,3.499803543090820312e-01
8.570142985701429961e-01,1.208758354187011719e-02
8.176182381761823992e-01,1.812578320503234863e+01
9.423408508300781250e-01,1.718282699584960938e-03
7.400473800951405945e-01,4.052639007568359375e-03
8.514870735571045124e-01,3.987312316894531250e-03
9.027097290270973406e-01,3.471751213073730469e-01
8.954104589541045378e-01,1.212501525878906250e-02
9.153084691530847250e-01,1.732326698303222656e+01
4.119014739990234375e-01,1.692056655883789062e-03
8.366266113247490255e-01,4.057884216308593750e-03
8.741253391574357323e-01,3.996372222900390625e-03
9.943005699430057520e-01,3.477203845977783203e-01
9.914008599140086142e-01,1.205086708068847656e-02
9.665033496650334843e-01,2.049326515197753906e+01
8.684120178222656250e-01,2.590179443359375000e-03
9.817305514630150221e-01,4.258394241333007812e-03
9.983817544797958243e-01,3.998041152954101562e-03
5.029497050294970961e-01,3.442802429199218750e-01
4.893510648935106566e-01,1.256704330444335938e-02
3.873612638736126379e-01,2.057682180404663086e+01
2.517223358154296875e-01,9.576559066772460938e-03
5.093711446120144926e-01,4.023075103759765625e-03
5.168840798517128077e-01,1.196599006652832031e-02
7.285271472852714592e-01,6.571965217590332031e-01
7.419258074192580654e-01,2.808451652526855469e-02
6.673332666733327034e-01,1.940521574020385742e+01
4.119014739990234375e-01,9.633779525756835938e-03
6.637614914989352632e-01,4.059553146362304688e-03
7.335872449930896932e-01,1.599574089050292969e-02
8.017198280171983216e-01,5.837683677673339844e-01
8.083191680831917081e-01,1.211524009704589844e-02
8.204179582041796204e-01,2.108097290992736816e+01
8.684120178222656250e-01,1.683473587036132812e-03
7.660999352707025256e-01,4.054784774780273438e-03
7.451794112029136441e-01,3.985881805419921875e-03
9.472052794720527968e-01,4.835886955261230469e-01
9.431056894310568817e-01,1.208186149597167969e-02
9.711028897110288716e-01,2.122793841361999512e+01
5.880985260009765625e-01,2.584934234619140625e-03
8.483854291663787128e-01,4.210233688354492188e-03
9.454655564781289101e-01,1.599454879760742188e-02
1.608839116088391086e-01,4.992997646331787109e-01
1.687831216878312168e-01,2.055311203002929688e-02
7.789221077892211076e-02,2.059188580513000488e+01
2.517223358154296875e-01,3.763914108276367188e-03
2.088526886463179522e-01,4.064321517944335938e-03
2.192151347870608391e-01,1.601886749267578125e-02
4.357564243575642315e-01,5.150952339172363281e-01
4.408559144085591464e-01,2.801561355590820312e-02
4.237576242375762359e-01,2.157755446434020996e+01
4.119014739990234375e-01,9.708404541015625000e-03
4.496464456024179546e-01,4.057407379150390625e-03
4.345355157316155292e-01,1.200819015502929688e-02
8.020197980201979604e-01,5.010905265808105469e-01
7.997200279972003223e-01,2.803349494934082031e-02
7.932206779322067414e-01,2.012300395965576172e+01
2.517223358154296875e-01,2.624750137329101562e-03
7.564591375197686762e-01,4.247188568115234375e-03
8.280983663585017585e-01,4.040479660034179688e-03
4.416558344165583683e-01,5.567884445190429688e-01
4.676532346765323589e-01,2.458095550537109375e-02
1.488851114888511129e-01,2.095226573944091797e+01
5.765914916992187500e-02,2.615690231323242188e-03
4.062255830821386304e-01,4.252672195434570312e-03
4.477459549532042948e-01,4.028081893920898438e-03
2.349765023497650263e-01,6.380786895751953125e-01
2.501749825017497986e-01,2.055120468139648438e-02
4.932506749325067386e-01,1.974025750160217285e+01
2.517223358154296875e-01,2.548933029174804688e-03
2.095311090105828611e-01,1.658129692077636719e-02
2.449373031116559574e-01,4.018783569335937500e-03
3.743625637436256426e-01,4.811332225799560547e-01
3.556644335566443438e-01,1.260757446289062500e-02
1.864813518648135160e-01,1.957532691955566406e+01
5.880985260009765625e-01,1.680374145507812500e-03
4.729759930648976263e-01,4.053115844726562500e-03
3.205061509392684860e-01,3.990650177001953125e-03
2.541745825417458526e-01,4.883074760437011719e-01
2.760723927607239281e-01,2.006912231445312500e-02
2.667733226677332370e-01,2.091281628608703613e+01
2.517223358154296875e-01,2.628564834594726562e-03
3.334351393333445102e-01,1.623916625976562500e-02
2.904362923149814146e-01,4.027366638183593750e-03
2.090790920907909245e-01,5.046789646148681641e-01
2.043795620437956206e-01,2.464151382446289062e-02
2.107789221077892294e-01,2.045436382293701172e+01
2.517223358154296875e-01,1.697540283203125000e-03
2.408524151561841631e-01,4.071712493896484375e-03
1.672326729676498758e-01,1.603055000305175781e-02
6.963303669633036375e-01,4.934828281402587891e-01
6.737326267373262567e-01,2.811264991760253906e-02
3.735626437356264207e-01,1.863377380371093750e+01
4.119014739990234375e-01,1.717567443847656250e-03
6.708468879984859079e-01,1.598119735717773438e-02
7.537595875948299717e-01,4.007339477539062500e-03
4.673532646735326646e-01,6.917619705200195312e-01
4.571542845715428349e-01,2.410674095153808594e-02
7.123287671232876317e-01,2.077035570144653320e+01
1.315879821777343750e-01,1.715421676635742188e-03
4.591899993161216442e-01,1.597571372985839844e-02
5.096163285298813683e-01,3.979682922363281250e-03
3.638636136386361186e-01,4.711496829986572266e-01
3.615638436156384250e-01,2.008628845214843750e-02
4.245575442455754578e-01,1.917763924598693848e+01
7.482776641845703125e-01,2.515792846679687500e-03
4.121762300797983669e-01,1.223635673522949219e-02
3.784983729784990869e-01,4.043817520141601562e-03
6.999300069993000251e-02,5.883564949035644531e-01
6.649335066493350377e-02,2.450466156005859375e-02
4.449555044495550477e-02,1.888394451141357422e+01
5.880985260009765625e-01,1.676321029663085938e-03
7.644697366749214629e-02,4.052639007568359375e-03
6.725846528291111459e-02,3.986835479736328125e-03
4.324567543245675383e-01,5.078351497650146484e-01
4.264573542645735404e-01,1.209712028503417969e-02
2.631736826317368494e-01,2.012048196792602539e+01
8.684120178222656250e-01,1.719236373901367188e-03
4.784953163241355001e-01,4.077196121215820312e-03
4.870978676798576879e-01,4.035711288452148438e-03
7.440255974402559813e-01,5.449852943420410156e-01
7.363263673632636230e-01,1.215028762817382812e-02
3.915608439156084142e-01,2.120300722122192383e+01
7.482776641845703125e-01,1.650333404541015625e-03
6.697472519342343444e-01,4.020690917968750000e-03
7.261629389447940008e-01,1.198649406433105469e-02
2.443755624437556340e-01,4.615702629089355469e-01
2.601739826017398505e-01,1.203417778015136719e-02
1.507849215078492233e-01,1.880061626434326172e+01
5.765914916992187500e-02,2.591371536254882812e-03
1.968460440126520439e-01,4.208803176879882812e-03
2.108461524538868259e-01,4.045486450195312500e-03
9.929007099290071414e-02,3.469161987304687500e-01
9.849015098490150610e-02,1.257681846618652344e-02
5.038496150384961236e-01,1.870960783958435059e+01
1.315879821777343750e-01,9.737491607666015625e-03
9.498210540087281828e-02,4.081726074218750000e-03
1.397647761763102792e-01,1.198625564575195312e-02
4.555544445555444466e-01,5.944232940673828125e-01
4.594540545945405285e-01,1.212072372436523438e-02
6.070392960703929752e-01,1.877977037429809570e+01
2.517223358154296875e-01,1.651048660278320312e-03
4.268515242669472798e-01,4.023075103759765625e-03
4.554008411419673275e-01,1.199507713317871094e-02
8.819118088191181537e-02,5.004613399505615234e-01
9.339066093390660517e-02,1.206898689270019531e-02
9.049095090490950899e-02,1.975018572807312012e+01
5.765914916992187500e-02,1.652479171752929688e-03
1.296176937227353498e-01,4.036664962768554688e-03
1.250992895253047466e-01,1.201772689819335938e-02
6.819318068193180871e-02,5.099756717681884766e-01
7.399260073992600106e-02,2.001333236694335938e-02
1.165883411658834162e-01,1.907868266105651855e+01
2.517223358154296875e-01,1.750946044921875000e-03
2.954432141355855523e-01,1.207160949707031250e-02
6.161192249867872978e-02,3.979921340942382812e-03
7.345265473452654570e-01,6.039125919342041016e-01
7.289271072892711256e-01,2.003669738769531250e-02
6.595340465953404285e-01,1.864910173416137695e+01
7.482776641845703125e-01,2.599000930786132812e-03
7.244356538695417846e-01,4.211187362670898438e-03
7.300064545871151056e-01,4.024744033813476562e-03
4.117588241175882402e-01,3.476839065551757812e-01
4.142585741425857671e-01,1.255846023559570312e-02
4.207579242075792370e-01,2.072202706336975098e+01
5.880985260009765625e-01,1.722335815429687500e-03
3.990451682831132052e-01,4.044532775878906250e-03
4.136885909184866428e-01,3.998279571533203125e-03
2.932706729327067552e-01,5.407507419586181641e-01
2.829717028297170089e-01,1.213479042053222656e-02
3.010698930106989191e-01,1.976319932937622070e+01
7.482776641845703125e-01,1.734018325805664062e-03
4.496103733376740630e-01,4.055738449096679688e-03
3.005839662046968508e-01,1.599311828613281250e-02
9.749025097490250646e-02,5.593814849853515625e-01
1.101889811018898074e-01,1.216936111450195312e-02
4.584541545845415289e-01,1.835774731636047363e+01
1.315879821777343750e-01,1.743078231811523438e-03
2.018730279291595098e-01,1.207256317138671875e-02
7.750504557418967655e-02,4.033088684082031250e-03
9.999000099990001543e-05,3.622088432312011719e-01
2.999700029997000327e-04,1.209640502929687500e-02
1.199880011998800131e-03,2.035013604164123535e+01
1.288414001464843750e-03,2.564668655395507812e-03
1.242259785147252233e-03,4.250049591064453125e-03
1.495224566767293329e-04,4.042148590087890625e-03
8.539146085391460805e-02,5.424532890319824219e-01
9.879012098790121432e-02,1.258826255798339844e-02
6.429357064293571289e-02,1.981307005882263184e+01
1.288414001464843750e-03,7.804632186889648438e-03
1.092449722056301753e-01,4.112005233764648438e-03
1.057830882996193544e-01,1.201438903808593750e-02
6.989301069893010254e-01,5.684802532196044922e-01
7.054294570542946063e-01,2.409148216247558594e-02
7.118288171182881596e-01,1.988263654708862305e+01
5.880985260009765625e-01,1.676321029663085938e-03
6.628104503746760079e-01,4.071950912475585938e-03
5.978421093635366557e-01,4.029035568237304688e-03
4.487551244875512269e-01,3.503093719482421875e-01
4.674532546745325257e-01,1.207518577575683594e-02
4.214578542145785423e-01,2.053375291824340820e+01
5.765914916992187500e-02,2.616405487060546875e-03
4.914658041216315443e-01,4.287958145141601562e-03
4.780577846241029771e-01,4.044055938720703125e-03
9.322067793220677467e-01,5.824863910675048828e-01
9.394060593940606330e-01,2.379298210144042969e-02
9.446055394460554089e-01,2.011412310600280762e+01
5.880985260009765625e-01,2.619504928588867188e-03
7.932791028509176279e-01,4.268884658813476562e-03
9.136248480058380972e-01,4.039049148559570312e-03
7.539246075392461166e-02,5.977938175201416016e-01
7.879212078792120766e-02,1.263141632080078125e-02
3.249675032496750215e-02,1.939640712738037109e+01
2.517223358154296875e-01,2.553462982177734375e-03
2.399910148189639547e-01,4.232883453369140625e-03
7.149596906863582568e-02,3.992080688476562500e-03
5.605439456054394087e-01,4.665858745574951172e-01
5.522447755224477728e-01,2.063035964965820312e-02
5.493450654934506350e-01,2.017313408851623535e+01
7.482776641845703125e-01,1.747369766235351562e-03
5.254925890697661472e-01,1.207756996154785156e-02
5.645418258783359011e-01,3.982543945312500000e-03
1.207879212078792064e-01,5.178380012512207031e-01
1.259874012598740101e-01,2.012085914611816406e-02
2.390760923907609137e-01,1.962684392929077148e+01
5.765914916992187500e-02,1.459717750549316406e-02
4.439808994956580546e-01,4.241704940795898438e-03
1.175836278628319409e-01,3.999948501586914062e-03
4.759524047595240503e-01,5.109720230102539062e-01
4.895510448955104343e-01,2.458643913269042969e-02
3.498650134986501237e-01,2.104861688613891602e+01
4.119014739990234375e-01,1.679420471191406250e-03
4.987665311654209677e-01,1.204943656921386719e-02
4.138534516175800815e-01,4.122734069824218750e-03
2.849715028497150360e-02,5.806653499603271484e-01
2.749725027497250396e-02,1.210761070251464844e-02
1.339866013398660106e-02,1.830383491516113281e+01
1.315879821777343750e-01,1.863718032836914062e-03
1.201597485246581609e-01,4.086256027221679688e-03
2.992770378697080097e-02,1.603412628173828125e-02
4.809519048095190485e-01,6.150012016296386719e-01
4.773522647735226609e-01,2.416563034057617188e-02
4.247575242475752355e-01,2.058031654357910156e+01
4.119014739990234375e-01,2.592802047729492188e-03
4.590420439245372908e-01,4.284858703613281250e-03
4.467142928325069096e-01,1.206398010253906250e-02
1.679832016798320227e-02,5.248103141784667969e-01
2.089791020897910356e-02,1.261401176452636719e-02
1.909809019098090282e-02,1.860258102416992188e+01
1.315879821777343750e-01,2.528905868530273438e-03
6.986865158203184323e-02,4.222869873046875000e-03
1.446756697688203648e-02,1.602864265441894531e-02
9.809019098090191457e-01,5.752315521240234375e-01
9.761023897610239253e-01,1.258921623229980469e-02
9.422057794220577431e-01,1.664602422714233398e+01
9.940910339355468750e-01,2.560853958129882812e-03
8.438263095304704420e-01,4.226922988891601562e-03
9.750886173703341431e-01,4.039525985717773438e-03
8.354164583541645595e-01,3.495476245880126953e-01
8.302169783021697835e-01,1.255154609680175781e-02
8.597140285971403006e-01,1.641024374961853027e+01
5.880985260009765625e-01,1.754522323608398438e-03
7.497672909293043864e-01,4.089355468750000000e-03
8.162882498991168578e-01,3.996849060058593750e-03
9.451054894510548809e-01,3.818686008453369141e-01
9.476052394760523523e-01,1.237368583679199219e-02
9.349065093490650513e-01,1.653500366210937500e+01
4.119014739990234375e-01,2.641201019287109375e-03
8.107849192435465646e-01,4.279375076293945312e-03
9.646541933585928152e-01,4.034757614135742188e-03
9.084091590840915886e-01,3.572092056274414062e-01
9.043095690430956735e-01,1.287364959716796875e-02
9.064093590640935894e-01,1.587873840332031250e+01
5.880985260009765625e-01,1.761436462402343750e-03
7.992423357104427861e-01,4.059314727783203125e-03
8.853034285725942532e-01,4.031419754028320312e-03
9.430056994300569650e-01,3.491687774658203125e-01
9.471052894710528802e-01,1.210594177246093750e-02
9.474052594740526301e-01,1.581126713752746582e+01
9.423408508300781250e-01,1.716613769531250000e-03
5.906841117054659751e-01,4.093647003173828125e-03
9.290391430434019604e-01,4.026174545288085938e-03
7.941205879412058799e-01,3.494310379028320312e-01
7.994200579942005724e-01,1.208829879760742188e-02
3.840615938406159446e-01,1.516316652297973633e+01
5.880985260009765625e-01,1.712799072265625000e-03
7.527868731741889086e-01,4.064083099365234375e-03
7.923918727985670429e-01,4.019260406494140625e-03
6.489351064893510157e-02,3.916642665863037109e-01
7.749225077492251368e-02,1.215624809265136719e-02
6.569343065693430961e-02,1.575535702705383301e+01
2.069473266601562500e-02,2.528429031372070312e-03
1.885275055330789540e-01,4.254341125488281250e-03
1.178526593498757102e-01,4.012823104858398438e-03
1.010898910108989079e-01,3.484785556793212891e-01
1.082891710828917109e-01,1.257371902465820312e-02
1.363863613638636174e-01,1.508501863479614258e+01
2.517223358154296875e-01,1.644372940063476562e-03
1.806363471971577095e-01,4.037857055664062500e-03
1.225708827108419330e-01,4.005432128906250000e-03
5.086491350864913441e-01,4.890203475952148438e-01
5.322467753224677800e-01,2.011871337890625000e-02
4.254574542545745408e-01,1.699277925491333008e+01
5.880985260009765625e-01,1.718521118164062500e-03
4.906770577491632035e-01,4.062414169311523438e-03
4.960617554852612687e-01,1.198625564575195312e-02
6.357364263573642704e-01,5.567224025726318359e-01
6.399360063993601022e-01,1.213026046752929688e-02
7.147285271472852974e-01,1.617269372940063477e+01
5.880985260009765625e-01,1.667499542236328125e-03
6.294954619802047846e-01,4.024267196655273438e-03
6.252349396861610620e-01,3.961563110351562500e-03
6.668333166683331203e-01,3.785874843597412109e-01
6.556344365563443466e-01,1.222944259643554688e-02
2.184781521847815322e-01,1.527576780319213867e+01
2.517223358154296875e-01,2.534866333007812500e-03
5.776172288755001549e-01,4.233360290527343750e-03
6.221187081127803609e-01,4.007577896118164062e-03
2.395760423957604135e-01,3.484513759613037109e-01
2.419758024197580237e-01,1.254272460937500000e-02
2.131786821317868119e-01,1.589017033576965332e+01
7.482776641845703125e-01,1.727581024169921875e-03
3.891400943420367797e-01,4.091978073120117188e-03
2.583217299929485011e-01,4.003763198852539062e-03
4.579542045795420568e-01,3.477230072021484375e-01
4.709529047095290522e-01,1.213860511779785156e-02
4.281571842815718454e-01,1.622535777091979980e+01
7.482776641845703125e-01,1.680850982666015625e-03
4.735533180822912303e-01,4.046916961669921875e-03
4.373863597977875606e-01,3.979682922363281250e-03
5.974402559744025343e-01,4.064755439758300781e-01
5.748425157484251535e-01,1.209974288940429688e-02
6.716328367163283408e-01,1.599488019943237305e+01
8.684120178222656250e-01,1.639604568481445312e-03
6.319486298921233036e-01,4.065752029418945312e-03
5.911150116510277552e-01,3.969907760620117188e-03
8.713128687131287409e-01,3.472983837127685547e-01
8.622137786221377720e-01,1.205754280090332031e-02
8.632136786321368271e-01,1.592540144920349121e+01
7.482776641845703125e-01,2.572059631347656250e-03
7.337738706510523734e-01,4.239797592163085938e-03
9.149831599355959799e-01,4.031419754028320312e-03
3.618638136186381193e-01,3.464879989624023438e-01
3.659634036596340345e-01,1.260709762573242188e-02
3.478652134786521244e-01,1.528830003738403320e+01
5.880985260009765625e-01,1.681804656982421875e-03
3.878531063234497700e-01,4.059791564941406250e-03
3.627071181810378464e-01,3.988265991210937500e-03
9.925007499250074749e-01,3.481943607330322266e-01
9.908009199080092255e-01,1.210498809814453125e-02
9.885011498850114764e-01,1.580229902267456055e+01
9.793052673339843750e-01,1.722097396850585938e-03
9.660695267610192039e-01,4.091978073120117188e-03
9.919490572823056462e-01,3.994941711425781250e-03
3.606639336066393420e-01,3.548588752746582031e-01
3.860613938606139439e-01,1.213359832763671875e-02
2.983701629837016145e-01,1.654797220230102539e+01
5.880985260009765625e-01,1.637220382690429688e-03
4.125746679752945734e-01,4.051208496093750000e-03
3.617306501895595217e-01,3.987550735473632812e-03
8.178182181781822324e-01,4.144091606140136719e-01
8.195180481951804818e-01,1.226735115051269531e-02
8.301169883011698669e-01,1.530933356285095215e+01
7.482776641845703125e-01,2.517938613891601562e-03
6.942900664581411752e-01,4.210948944091796875e-03
8.096521280647439589e-01,4.020690917968750000e-03
3.060693930606939173e-01,3.502733707427978516e-01
3.062693730626937505e-01,1.257395744323730469e-02
2.383761623837616361e-01,1.610678172111511230e+01
5.880985260009765625e-01,1.749038696289062500e-03
2.860684033794343994e-01,4.106998443603515625e-03
2.940299209181904683e-01,4.026412963867187500e-03
8.921107889211078446e-01,3.525037765502929688e-01
8.765123487651235168e-01,1.214790344238281250e-02
7.699230076992300553e-01,1.572221994400024414e+01
9.423408508300781250e-01,1.720905303955078125e-03
6.717589943651159912e-01,4.058122634887695312e-03
8.858673241804584375e-01,4.007577896118164062e-03
2.689731026897310140e-01,3.726294040679931641e-01
2.717728227177282352e-01,1.213359832763671875e-02
1.852814718528147109e-01,1.587568926811218262e+01
5.765914916992187500e-02,1.744985580444335938e-03
3.576012811968800609e-01,4.067659378051757812e-03
2.802211960566247662e-01,3.974676132202148438e-03
6.480351964803520159e-01,3.477330207824707031e-01
6.540345965403460138e-01,1.212215423583984375e-02
6.362363763623637425e-01,1.650799775123596191e+01
4.119014739990234375e-01,2.558469772338867188e-03
5.531892980228760859e-01,4.239559173583984375e-03
6.321035929367098127e-01,4.020452499389648438e-03
4.940505949405059605e-01,3.904888629913330078e-01
4.958504149585041265e-01,2.049899101257324219e-02
4.897510248975102676e-01,1.597430014610290527e+01
4.119014739990234375e-01,1.728534698486328125e-03
4.849229651601229540e-01,4.070997238159179688e-03
4.277563402012686811e-01,4.009723663330078125e-03
6.276372362763723567e-01,3.509776592254638672e-01
6.343365663433656598e-01,1.212739944458007812e-02
7.803219678032197182e-01,1.544747257232666016e+01
7.482776641845703125e-01,1.755237579345703125e-03
6.074238735483536988e-01,4.041671752929687500e-03
6.037344413156707779e-01,1.199865341186523438e-02
8.007199280071992664e-01,3.849813938140869141e-01
7.859214078592140496e-01,1.218461990356445312e-02
8.014198580141985717e-01,1.606911635398864746e+01
5.880985260009765625e-01,1.754522323608398438e-03
7.640714423265353439e-01,4.057884216308593750e-03
7.943358703637946050e-01,3.998517990112304688e-03
5.289471052894710867e-01,3.499679565429687500e-01
5.275472452754724761e-01,1.220512390136718750e-02
5.875412458754124545e-01,1.520514941215515137e+01
8.684120178222656250e-01,2.677917480468750000e-03
4.639403243457498882e-01,4.266023635864257812e-03
5.724469044144008256e-01,4.040002822875976562e-03
4.792520747925207436e-01,3.495795726776123047e-01
4.748525147485251341e-01,1.271295547485351562e-02
4.184581541845815433e-01,1.596766924858093262e+01
2.517223358154296875e-01,1.730680465698242188e-03
5.041225408140351805e-01,4.067420959472656250e-03
4.972214947110935590e-01,3.996133804321289062e-03
5.472452754724527191e-01,5.351946353912353516e-01
5.607439256074392420e-01,1.218247413635253906e-02
5.433456654334566371e-01,1.589958238601684570e+01
7.482776641845703125e-01,1.725435256958007812e-03
5.088642595477581576e-01,4.100084304809570312e-03
5.368296870791123832e-01,1.201677322387695312e-02
2.127787221277872287e-01,6.494338512420654297e-01
2.147785221477852280e-01,1.220130920410156250e-02
2.225777422257774196e-01,1.707610106468200684e+01
5.765914916992187500e-02,1.753807067871093750e-03
2.932567296531199963e-01,4.097700119018554688e-03
2.474492348660071728e-01,4.006147384643554688e-03
5.864413558644135938e-01,3.492736816406250000e-01
5.977402259774022841e-01,1.213097572326660156e-02
5.977402259774022841e-01,1.617753481864929199e+01
5.880985260009765625e-01,2.664089202880859375e-03
5.625959248957478342e-01,4.265308380126953125e-03
5.586621741435623401e-01,4.033565521240234375e-03
4.543545645435456692e-01,3.491270542144775391e-01
4.496550344965503654e-01,1.263523101806640625e-02
2.624737526247375441e-01,1.519233083724975586e+01
4.119014739990234375e-01,1.746416091918945312e-03
4.783212073391492902e-01,4.063844680786132812e-03
5.159698546464649427e-01,3.981828689575195312e-03
9.623037696230376525e-01,3.461508750915527344e-01
9.640035996400360130e-01,1.214289665222167969e-02
9.717028297170282602e-01,1.630659699440002441e+01
9.423408508300781250e-01,1.732826232910156250e-03
6.915321507014964286e-01,4.074096679687500000e-03
9.739750975449812387e-01,4.001617431640625000e-03
2.491750824917508267e-01,3.493537902832031250e-01
2.625737426257374052e-01,1.211476325988769531e-02
2.031796820317968155e-01,1.581854486465454102e+01
1.315879821777343750e-01,1.757144927978515625e-03
3.085656031640736097e-01,4.080533981323242188e-03
2.958943433792409206e-01,3.970861434936523438e-03
2.803719628037196210e-01,3.480312824249267578e-01
2.938706129387061439e-01,1.211428642272949219e-02
1.138886111388861117e-01,1.522632122039794922e+01
4.119014739990234375e-01,2.694129943847656250e-03
2.784682798103366164e-01,4.294157028198242188e-03
2.755034678096955902e-01,4.038095474243164062e-03
7.382261773822618167e-01,3.454864025115966797e-01
7.400259974002599828e-01,1.270437240600585938e-02
7.565243475652434491e-01,1.555030393600463867e+01
7.482776641845703125e-01,1.764535903930664062e-03
7.106032525592733684e-01,1.211237907409667969e-02
7.320422730628981522e-01,4.025459289550781250e-03
3.684631536846315614e-01,5.099604129791259766e-01
3.843615638436156390e-01,2.018833160400390625e-02
2.904709529047095340e-01,1.609186220169067383e+01
5.880985260009765625e-01,1.750946044921875000e-03
4.438471905830923547e-01,4.094123840332031250e-03
3.293785436400814559e-01,1.600074768066406250e-02
9.533046695330467113e-01,4.184954166412353516e-01
9.471052894710528802e-01,1.221966743469238281e-02
9.611038896110388752e-01,1.571834206581115723e+01
8.684120178222656250e-01,1.753568649291992188e-03
9.079145206039831439e-01,4.068374633789062500e-03
9.462296488037308384e-01,3.998041152954101562e-03
2.389761023897610248e-02,3.448951244354248047e-01
2.819718028197180232e-02,1.216578483581542969e-02
7.199280071992800352e-03,1.644316530227661133e+01
5.765914916992187500e-02,3.156185150146484375e-03
4.463323176619394400e-02,4.971265792846679688e-03
4.284057783539604869e-02,4.617452621459960938e-03
5.879412058794120793e-02,3.849139213562011719e-01
6.779322067793221163e-02,1.501441001892089844e-02
8.969103089691031483e-02,1.658196473121643066e+01
1.315879821777343750e-01,1.752138137817382812e-03
1.242637666777506311e-01,4.077196121215820312e-03
6.300341570929895996e-02,3.996372222900390625e-03
4.568543145685431406e-01,3.461015224456787109e-01
4.381561843815618418e-01,1.218509674072265625e-02
5.476452354764523855e-01,1.612217640876770020e+01
4.119014739990234375e-01,1.712799072265625000e-03
4.205026980856823027e-01,4.082918167114257812e-03
4.360229498185675401e-01,3.991603851318359375e-03
8.050194980501950148e-01,3.477008342742919922e-01
8.016198380161984050e-01,1.214480400085449219e-02
8.480151984801519438e-01,1.637630152702331543e+01
7.482776641845703125e-01,1.739740371704101562e-03
7.528398369016523484e-01,4.058599472045898438e-03
8.154987374150721724e-01,4.009246826171875000e-03
2.338766123387661100e-01,3.500018119812011719e-01
2.513748625137486314e-01,1.216149330139160156e-02
2.362763723627637202e-01,1.563037610054016113e+01
4.119014739990234375e-01,2.661228179931640625e-03
3.257054486654660241e-01,4.283428192138671875e-03
2.200590930097673370e-01,4.033088684082031250e-03
2.376762323767623308e-01,3.476898670196533203e-01
2.504749525047495484e-01,1.262211799621582031e-02
3.132686731326867480e-01,1.552917146682739258e+01
4.119014739990234375e-01,1.743555068969726562e-03
2.703881787367596878e-01,4.059076309204101562e-03
2.341925439750804916e-01,3.981351852416992188e-03
5.608439156084391586e-01,3.475980758666992188e-01
5.457454254574543029e-01,1.211690902709960938e-02
7.616238376162384194e-01,1.535851478576660156e+01
4.119014739990234375e-01,1.681327819824218750e-03
5.352382802804476203e-01,4.055500030517578125e-03
5.412581106606384473e-01,4.009723663330078125e-03
4.128587141285871565e-01,3.495364189147949219e-01
4.257574242575742351e-01,1.206946372985839844e-02
5.153484651534846472e-01,1.665045571327209473e+01
5.880985260009765625e-01,1.746892929077148438e-03
4.501034336056720098e-01,4.075050354003906250e-03
4.343019083690277116e-01,3.999710083007812500e-03
9.709029097090290938e-02,3.885815143585205078e-01
9.999000099990000556e-02,1.215386390686035156e-02
2.792720727927207047e-01,1.545108175277709961e+01
2.517223358154296875e-01,2.664566040039062500e-03
1.302824859549107650e-01,4.251241683959960938e-03
7.382771966558597521e-02,4.053115844726562500e-03
5.751424857514249034e-01,3.498475551605224609e-01
5.742425757424257649e-01,1.268982887268066406e-02
5.047495250474952622e-01,1.535915184020996094e+01
4.119014739990234375e-01,1.777172088623046875e-03
5.880824559249526740e-01,4.091024398803710938e-03
5.991179550470709936e-01,4.008293151855468750e-03
6.936306369363063329e-01,4.281501770019531250e-01
6.927307269273073054e-01,1.219224929809570312e-02
7.243275672432756274e-01,1.573520898818969727e+01
5.880985260009765625e-01,1.742601394653320312e-03
6.464614298819074678e-01,4.087686538696289062e-03
7.226451075175489569e-01,4.012584686279296875e-03
6.547345265473453191e-01,5.213389396667480469e-01
6.692330766923307861e-01,2.018404006958007812e-02
7.609239076092391141e-01,1.557297158241271973e+01
5.880985260009765625e-01,1.735210418701171875e-03
6.630367322813141007e-01,4.064083099365234375e-03
6.064745362459926792e-01,3.994703292846679688e-03
6.051394860513948926e-01,3.741571903228759766e-01
6.222377762223777475e-01,1.215910911560058594e-02
7.639236076392360575e-01,1.553468775749206543e+01
5.880985260009765625e-01,2.664804458618164062e-03
5.490670871419840449e-01,4.233837127685546875e-03
6.861117280440715005e-01,4.031658172607421875e-03
6.108389161083891405e-01,3.473360538482666016e-01
5.953404659534046184e-01,1.266479492187500000e-02
4.907509249075092672e-01,1.509006834030151367e+01
4.119014739990234375e-01,1.752376556396484375e-03
5.555967394555350047e-01,4.081487655639648438e-03
5.734005357303898487e-01,3.993988037109375000e-03
6.201379862013798316e-01,3.470702171325683594e-01
6.295370462953704394e-01,1.215982437133789062e-02
4.555544445555444466e-01,1.524079751968383789e+01
4.119014739990234375e-01,1.721620559692382812e-03
5.590405745463566944e-01,4.055500030517578125e-03
5.808947055417298388e-01,3.989219665527343750e-03
3.369663033696630033e-02,3.466544151306152344e-01
3.759624037596240309e-02,1.215577125549316406e-02
3.569643035696430655e-02,1.559728145599365234e+01
4.119014739990234375e-01,1.734972000122070312e-03
1.745898008084085795e-01,4.057407379150390625e-03
2.077897089041837522e-02,4.000663757324218750e-03
5.665433456654334066e-01,3.494484424591064453e-01
5.650434956504349904e-01,1.210236549377441406e-02
4.597540245975402229e-01,1.508696651458740234e+01
5.880985260009765625e-01,2.631664276123046875e-03
6.409490890942500796e-01,4.236698150634765625e-03
6.525750901778736290e-01,4.015684127807617188e-03
9.749025097490251479e-01,3.556363582611083984e-01
9.746025397460253981e-01,1.256680488586425781e-02
9.258074192580741935e-01,1.515168690681457520e+01
4.119014739990234375e-01,1.738071441650390625e-03
9.439266272672570679e-01,4.082441329956054688e-03
9.873197169301202170e-01,3.999710083007812500e-03
3.247675232476752161e-01,3.492293357849121094e-01
3.262673732626737433e-01,1.220130920410156250e-02
2.938706129387061439e-01,1.502521753311157227e+01
4.119014739990234375e-01,1.750946044921875000e-03
3.903591768068487289e-01,4.092454910278320312e-03
3.087603434254565515e-01,3.990411758422851562e-03
5.747425257474252369e-01,3.831081390380859375e-01
5.805419458054195125e-01,1.216959953308105469e-02
6.510348965103489594e-01,1.552900505065917969e+01
5.880985260009765625e-01,1.754045486450195312e-03
5.100715666137274340e-01,4.072189331054687500e-03
5.651877709150076035e-01,3.988027572631835938e-03
1.502849715028497235e-01,3.860445022583007812e-01
1.541845815418458054e-01,1.241946220397949219e-02
2.707729227077292355e-01,1.559898018836975098e+01
1.315879821777343750e-01,2.636432647705078125e-03
2.016163348738489458e-01,4.267215728759765625e-03
1.959818639942930707e-01,4.056692123413085938e-03
9.239076092390761108e-01,3.503875732421875000e-01
9.166083391660834190e-01,1.266455650329589844e-02
9.498050194980501848e-01,1.563262033462524414e+01
5.880985260009765625e-01,1.753330230712890625e-03
8.162717886379426968e-01,4.050731658935546875e-03
9.265980874044753568e-01,3.987312316894531250e-03
5.778422157784222080e-01,3.471076488494873047e-01
5.866413358664133160e-01,1.215863227844238281e-02
7.069293070692930225e-01,1.702662515640258789e+01
4.119014739990234375e-01,1.730442047119140625e-03
5.697372071663253656e-01,4.051923751831054688e-03
5.674203176407415228e-01,3.999471664428710938e-03
3.175682431756824409e-01,3.479218482971191406e-01
3.364663533646635174e-01,1.216697692871093750e-02
3.599640035996400367e-01,1.526591563224792480e+01
2.517223358154296875e-01,1.761436462402343750e-03
3.991879646608023635e-01,1.209187507629394531e-02
2.979883157700922158e-01,4.016160964965820312e-03
2.426757324267573290e-01,4.305613040924072266e-01
2.545745425457454081e-01,1.220726966857910156e-02
2.594740525947405452e-01,1.690655446052551270e+01
4.119014739990234375e-01,2.764225006103515625e-03
3.247148750084448698e-01,4.262208938598632812e-03
2.346459308983608882e-01,1.206636428833007812e-02
4.743525647435256620e-01,4.673571586608886719e-01
4.782521747825217440e-01,1.263189315795898438e-02
5.363463653634636952e-01,1.553461599349975586e+01
1.315879821777343750e-01,1.882553100585937500e-03
4.832190782513816063e-01,4.126548767089843750e-03
5.395477026082662331e-01,3.995895385742187500e-03
5.233476652334766444e-01,3.643062114715576172e-01
5.225477452254774224e-01,1.249575614929199219e-02
3.669633036696330342e-01,1.554102110862731934e+01
7.482776641845703125e-01,1.848936080932617188e-03
5.195565320587436364e-01,4.125595092773437500e-03
4.500660286576438907e-01,4.374742507934570312e-03
5.930406959304069803e-01,3.480691909790039062e-01
5.663433656634336844e-01,1.215577125549316406e-02
5.181481851814818684e-01,1.551521730422973633e+01
9.423408508300781250e-01,6.647825241088867188e-03
5.714795401653660623e-01,4.235982894897460938e-03
6.295346146600786508e-01,1.202464103698730469e-02
9.069093090690931447e-02,5.980191230773925781e-01
9.709029097090290938e-02,1.267242431640625000e-02
9.219078092190781393e-02,1.571434497833251953e+01
2.517223358154296875e-01,2.671480178833007812e-03
1.997966652741773319e-01,4.273414611816406250e-03
9.013873211218498271e-02,4.032850265502929688e-03
4.484551544845515325e-01,3.499028682708740234e-01
4.665533446655334426e-01,1.263570785522460938e-02
6.661333866613338150e-01,1.685844087600708008e+01
7.482776641845703125e-01,2.681255340576171875e-03
4.062599268600038949e-01,4.273653030395507812e-03
4.535005361116656863e-01,4.024505615234375000e-03
6.375362463753624365e-01,3.751642704010009766e-01
6.570342965703429572e-01,1.270747184753417969e-02
7.337266273372662351e-01,1.674327969551086426e+01
8.684120178222656250e-01,1.765489578247070312e-03
5.745209021596374699e-01,4.070758819580078125e-03
7.014683628829940787e-01,3.991603851318359375e-03
8.840115988401160418e-01,3.477797508239746094e-01
8.868113188681131520e-01,1.230335235595703125e-02
9.483051694830516576e-01,1.597452473640441895e+01
8.684120178222656250e-01,2.622127532958984375e-03
7.262981740220137983e-01,4.266738891601562500e-03
8.728831708613371543e-01,4.043340682983398438e-03
2.130786921307869231e-01,3.503129482269287109e-01
2.109789021097890349e-01,1.264214515686035156e-02
1.626837316268373301e-01,1.506976652145385742e+01
1.315879821777343750e-01,1.768827438354492188e-03
3.482577436730506237e-01,4.071474075317382812e-03
1.453461736003099358e-01,3.986358642578125000e-03
5.137486251374862034e-01,3.471400737762451172e-01
5.125487451254874260e-01,1.216506958007812500e-02
7.087291270872912996e-01,1.680538558959960938e+01
4.119014739990234375e-01,1.758098602294921875e-03
5.026504801125956101e-01,4.112958908081054688e-03
4.727216373171314046e-01,4.030942916870117188e-03
3.749625037496250035e-02,3.473813533782958984e-01
3.809619038096190291e-02,1.214909553527832031e-02
3.969603039696030511e-02,1.707009387016296387e+01
2.517223358154296875e-01,1.733541488647460938e-03
4.615067758814880156e-02,4.066228866577148438e-03
5.604160091957475359e-02,3.983259201049804688e-03
9.181081891810819462e-01,3.460052013397216797e-01
9.166083391660834190e-01,1.212692260742187500e-02
9.277072292770722761e-01,1.490771174430847168e+01
8.684120178222656250e-01,2.632856369018554688e-03
6.518665222326411879e-01,4.257202148437500000e-03
9.367583407813115937e-01,4.051446914672851562e-03
9.200079992000800289e-01,3.473629951477050781e-01
9.188081191880811405e-01,1.258468627929687500e-02
9.180081991800820296e-01,1.490726542472839355e+01
9.423408508300781250e-01,1.763105392456054688e-03
8.665839265264743130e-01,4.092931747436523438e-03
9.313968927463665004e-01,3.996610641479492188e-03
8.643135686431356879e-01,4.017989635467529297e-01
8.768123187681231556e-01,1.217174530029296875e-02
8.139186081391860395e-01,1.565440058708190918e+01
5.880985260009765625e-01,1.751184463500976562e-03
8.400757500541332634e-01,4.076719284057617188e-03
8.788618621719841428e-01,4.007816314697265625e-03
6.023397660233976714e-01,3.489003181457519531e-01
5.993400659934006169e-01,1.207852363586425781e-02
5.107489251074892600e-01,1.838869643211364746e+01
7.482776641845703125e-01,9.689092636108398438e-03
6.001121554581436701e-01,4.077911376953125000e-03
5.332296665464040242e-01,1.201677322387695312e-02
2.602739726027397116e-01,4.996941089630126953e-01
2.627737226277372384e-01,1.212286949157714844e-02
2.998700129987001417e-01,1.864526176452636719e+01
5.765914916992187500e-02,1.663446426391601562e-03
3.521762232761855849e-01,4.034757614135742188e-03
2.868227051011141837e-01,3.971576690673828125e-03
4.436556344365563676e-01,5.119674205780029297e-01
4.544545545445455303e-01,1.331782341003417969e-02
4.486551344865513657e-01,2.073465538024902344e+01
4.119014739990234375e-01,1.917362213134765625e-03
4.346169944355139925e-01,4.143714904785156250e-03
3.772142533072221915e-01,4.003763198852539062e-03
9.249075092490750827e-02,4.148144721984863281e-01
9.399060093990600773e-02,1.217722892761230469e-02
9.139086091390860589e-02,1.959857535362243652e+01
7.482776641845703125e-01,1.685380935668945312e-03
1.445338437088645733e-01,1.208376884460449219e-02
1.296592328104199665e-01,3.983736038208007812e-03
1.705829417058294106e-01,5.091779232025146484e-01
1.696830316968303276e-01,2.008414268493652344e-02
1.099890010998900158e-01,1.912143206596374512e+01
5.880985260009765625e-01,1.675367355346679688e-03
2.972476695379285827e-01,4.094600677490234375e-03
1.841729094470506145e-01,4.013538360595703125e-03
2.002799720027997332e-01,5.365364551544189453e-01
2.052794720527947314e-01,2.008295059204101562e-02
2.168783121687831161e-01,1.723974609375000000e+01
4.119014739990234375e-01,1.737117767333984375e-03
4.419145746792431106e-01,4.083395004272460938e-03
1.904100596253758826e-01,4.007339477539062500e-03
7.326267373262673743e-01,3.796510696411132812e-01
7.337266273372662351e-01,1.207566261291503906e-02
6.674332566743326201e-01,1.999947404861450195e+01
9.793052673339843750e-01,2.495288848876953125e-03
6.196064126159438468e-01,1.222562789916992188e-02
6.964640706279267013e-01,4.019737243652343750e-03
7.711228877112288327e-01,3.930666446685791016e-01
7.692230776922307500e-01,2.855563163757324219e-02
8.541145885411458583e-01,1.877599811553955078e+01
5.880985260009765625e-01,1.356387138366699219e-02
6.785303504966265775e-01,4.036903381347656250e-03
8.211130884837851696e-01,3.981113433837890625e-03
1.376862313768623114e-01,5.415019989013671875e-01
1.462853714628537249e-01,1.205325126647949219e-02
1.391860813918608109e-01,2.033095073699951172e+01
4.119014739990234375e-01,1.712322235107421875e-03
2.538391380610470760e-01,4.083871841430664062e-03
1.443185758174375666e-01,4.012823104858398438e-03
8.987101289871013421e-01,4.015147686004638672e-01
8.961103889611038431e-01,2.015686035156250000e-02
8.774122587741225443e-01,2.166675448417663574e+01
5.880985260009765625e-01,1.674652099609375000e-03
7.325956361252441429e-01,4.079103469848632812e-03
8.640101753565130327e-01,3.985643386840820312e-03
6.064393560643935865e-01,4.527451992034912109e-01
6.082391760823917526e-01,2.038359642028808594e-02
4.239576042395760691e-01,1.894976353645324707e+01
8.684120178222656250e-01,2.553224563598632812e-03
5.627782419483723375e-01,4.244327545166015625e-03
5.953389279976398774e-01,4.056215286254882812e-03
2.406759324067593298e-01,3.659868240356445312e-01
2.345765423457654153e-01,2.451491355895996094e-02
3.652634736526347292e-01,1.936458969116210938e+01
5.880985260009765625e-01,1.729488372802734375e-03
2.622245488477408237e-01,4.068136215209960938e-03
2.325612486633520937e-01,4.010677337646484375e-03
4.699530046995300386e-03,3.485529422760009766e-01
4.999500049995000799e-03,1.208949089050292969e-02
1.509849015098490080e-02,2.024708318710327148e+01
1.315879821777343750e-01,1.651763916015625000e-03
1.321901737446897797e-02,4.057407379150390625e-03
3.989917259896639742e-03,4.013299942016601562e-03
1.220877912208779142e-01,4.998404979705810547e-01
1.437856214378562258e-01,1.206779479980468750e-02
8.339166083391660877e-02,2.113412666320800781e+01
1.315879821777343750e-01,1.704692840576171875e-03
1.424186012327263162e-01,4.092216491699218750e-03
1.369775730830933846e-01,1.202058792114257812e-02
3.791620837916208631e-01,5.750806331634521484e-01
3.778622137786221136e-01,2.020215988159179688e-02
3.011698830116988357e-01,2.176969718933105469e+01
4.119014739990234375e-01,2.621173858642578125e-03
4.360053140710697384e-01,1.225471496582031250e-02
3.360096610804027550e-01,4.030227661132812500e-03
5.965403459654035068e-01,5.265579223632812500e-01
5.908409159084091478e-01,1.260018348693847656e-02
4.106589341065893239e-01,1.967917823791503906e+01
7.482776641845703125e-01,1.729488372802734375e-03
5.640690496992721847e-01,4.055738449096679688e-03
6.020313617993736655e-01,1.201081275939941406e-02
1.769823017698230264e-02,5.192284584045410156e-01
1.959804019598040264e-02,1.214408874511718750e-02
3.089691030896910343e-02,2.001785063743591309e+01
2.069473266601562500e-02,1.654624938964843750e-03
6.649905121885563153e-02,4.035234451293945312e-03
8.697338119806172566e-03,3.966093063354492188e-03
7.761223877612238864e-01,4.296019077301025391e-01
7.738226177382261373e-01,1.211380958557128906e-02
8.641135886411358547e-01,2.073111200332641602e+01
9.423408508300781250e-01,1.717567443847656250e-03
6.926807021837517730e-01,4.032850265502929688e-03
7.386997440239053692e-01,3.982782363891601562e-03
2.122787721227877289e-01,3.492090702056884766e-01
2.144785521447855337e-01,1.209855079650878906e-02
1.316868313168683136e-01,1.849028205871582031e+01
5.880985260009765625e-01,2.506494522094726562e-03
2.326251747053904584e-01,4.226446151733398438e-03
2.000162932490002765e-01,3.992795944213867188e-03
1.794820517948205185e-01,4.191324710845947266e-01
1.724827517248275210e-01,1.252055168151855469e-02
1.346865313468653125e-01,1.996757769584655762e+01
1.315879821777343750e-01,1.733303070068359375e-03
1.441037752391299276e-01,4.084110260009765625e-03
1.595441774394631418e-01,1.192188262939453125e-02
7.956204379562044071e-01,5.129625797271728516e-01
7.865213478652134382e-01,2.006316184997558594e-02
7.548245175482451996e-01,1.936314749717712402e+01
9.793052673339843750e-01,1.711845397949218750e-03
7.486992242266816699e-01,4.054307937622070312e-03
7.816608474099802084e-01,4.008531570434570312e-03
9.149085091490850585e-01,5.269708633422851562e-01
9.207079292070793342e-01,2.800655364990234375e-02
9.180081991800820296e-01,2.077735614776611328e+01
8.684120178222656250e-01,1.641750335693359375e-03
8.436800626293683436e-01,4.024744033813476562e-03
9.074865923089938669e-01,3.964424133300781250e-03
9.648035196480352349e-01,5.415070056915283203e-01
9.650034996500349571e-01,1.206946372985839844e-02
9.517048295170482675e-01,2.105184698104858398e+01
8.684120178222656250e-01,1.663923263549804688e-03
9.254603940688364005e-01,4.074573516845703125e-03
9.606429309001224270e-01,3.999233245849609375e-03
4.700529947005299691e-01,5.127744674682617188e-01
4.709529047095290522e-01,1.212859153747558594e-02
3.454654534546545142e-01,1.803498053550720215e+01
5.880985260009765625e-01,2.580404281616210938e-03
4.933299902247879065e-01,1.229286193847656250e-02
5.284757850808823321e-01,4.080057144165039062e-03
5.955404459554044516e-01,4.640097618103027344e-01
5.859414058594140107e-01,1.260185241699218750e-02
7.000299970002999972e-01,1.932936453819274902e+01
8.684120178222656250e-01,1.664400100708007812e-03
5.471554243886822544e-01,4.055738449096679688e-03
6.155617197046818756e-01,3.990888595581054688e-03
9.623037696230376525e-01,5.169928073883056641e-01
9.541045895410459332e-01,2.008938789367675781e-02
8.686131386861314363e-01,1.945180106163024902e+01
9.793052673339843750e-01,1.747131347656250000e-03
9.354400875228416901e-01,4.067659378051757812e-03
9.613898765981497840e-01,1.188731193542480469e-02
2.528747125287471031e-01,5.732152462005615234e-01
2.572742725727427127e-01,2.803063392639160156e-02
2.031796820317968155e-01,2.035433697700500488e+01
2.069473266601562500e-02,9.684801101684570312e-03
2.283578217782901709e-01,4.064321517944335938e-03
2.264551716573532936e-01,1.201987266540527344e-02
8.973102689731027315e-01,6.943287849426269531e-01
9.095090490950904494e-01,2.807974815368652344e-02
8.077192280771923194e-01,1.872723627090454102e+01
7.482776641845703125e-01,2.513885498046875000e-03
8.759142896128815359e-01,4.223823547363281250e-03
9.345077708400915117e-01,4.017353057861328125e-03
3.955604439556044127e-01,5.301668643951416016e-01
4.041595840415958540e-01,1.257443428039550781e-02
2.108789121087891183e-01,2.055913090705871582e+01
1.315879821777343750e-01,1.764297485351562500e-03
4.246111422240529398e-01,4.095792770385742188e-03
3.760696250156848053e-01,3.992795944213867188e-03
9.803019698030196460e-01,4.859380722045898438e-01
9.743025697430256482e-01,1.220870018005371094e-02
9.778022197780221747e-01,2.023643708229064941e+01
9.940910339355468750e-01,1.775741577148437500e-03
9.379138015405983353e-01,4.097938537597656250e-03
9.792603362561487224e-01,1.200962066650390625e-02
3.887611238876112485e-01,4.681644439697265625e-01
3.972602739726027177e-01,1.215100288391113281e-02
4.037596240375962431e-01,2.064535307884216309e+01
4.119014739990234375e-01,9.662389755249023438e-03
3.823615394411474799e-01,4.040479660034179688e-03
4.024816024430437622e-01,1.199507713317871094e-02
4.906509349065093506e-01,6.207675933837890625e-01
4.885511448855114347e-01,2.011585235595703125e-02
4.761523847615238281e-01,2.024211597442626953e+01
7.482776641845703125e-01,2.677440643310546875e-03
5.033048561640832697e-01,4.268169403076171875e-03
4.691846529350038320e-01,1.601648330688476562e-02
6.813318668133186984e-01,6.911115646362304688e-01
6.879312068793120849e-01,2.461147308349609375e-02
7.105289471052894656e-01,1.915843582153320312e+01
7.482776641845703125e-01,1.690626144409179688e-03
6.269872941677420153e-01,4.050731658935546875e-03
7.071167029159429740e-01,3.985404968261718750e-03
7.629237076292371134e-01,4.118568897247314453e-01
7.736226377362264151e-01,1.209425926208496094e-02
7.980201979802019618e-01,1.998357295989990234e+01
7.482776641845703125e-01,1.642704010009765625e-03
5.665153055321703324e-01,4.049777984619140625e-03
7.489987166461413715e-01,3.988027572631835938e-03
1.519848015198480284e-01,5.133972167968750000e-01
1.488851114888511129e-01,2.005529403686523438e-02
1.490850914908509184e-01,1.917227959632873535e+01
2.517223358154296875e-01,2.518892288208007812e-03
1.564776297388683624e-01,1.225209236145019531e-02
1.347351956786616567e-01,4.045724868774414062e-03
9.469053094690530470e-01,4.612870216369628906e-01
9.465053494650534915e-01,1.253342628479003906e-02
9.743025697430256482e-01,1.973597264289855957e+01
9.793052673339843750e-01,1.055431365966796875e-02
8.828778921359898835e-01,4.212379455566406250e-03
9.405066350998455560e-01,1.201272010803222656e-02
3.379662033796620307e-02,4.117588996887207031e-01
3.669633036696330619e-02,1.254796981811523438e-02
6.629337066293371217e-02,2.011196804046630859e+01
2.517223358154296875e-01,1.452517509460449219e-02
3.151733205058870890e-02,4.269123077392578125e-03
4.127800276482907621e-02,4.012346267700195312e-03
1.399860013998600189e-02,7.040264606475830078e-01
1.569843015698429989e-02,2.450704574584960938e-02
1.389861013898610088e-02,1.994735074043273926e+01
2.069473266601562500e-02,1.738548278808593750e-03
3.723972213847623336e-02,4.080772399902343750e-03
1.686906128558736395e-02,1.600241661071777344e-02
8.102189781021897907e-01,5.789952278137207031e-01
7.977202279772023230e-01,1.215481758117675781e-02
8.146185381461853448e-01,2.053384613990783691e+01
7.482776641845703125e-01,1.684904098510742188e-03
7.466350942380838296e-01,4.070520401000976562e-03
8.066082025152983004e-01,4.010438919067382812e-03
6.909309069093090561e-02,5.457787513732910156e-01
7.879212078792120766e-02,2.525091171264648438e-02
1.085891410858914052e-01,2.036450171470642090e+01
5.880985260009765625e-01,1.846551895141601562e-03
1.113652572755704506e-01,4.118919372558593750e-03
6.369563880082450280e-02,1.198816299438476562e-02
8.944105589441055937e-01,5.101208686828613281e-01
8.893110688931107344e-01,2.011775970458984375e-02
9.403059694030596605e-01,2.068394494056701660e+01
7.482776641845703125e-01,1.724720001220703125e-03
8.799003954664168514e-01,4.066467285156250000e-03
8.967419294340299718e-01,3.991127014160156250e-03
7.838216178382161337e-01,5.338847637176513672e-01
7.679232076792320560e-01,2.014374732971191406e-02
8.329167083291670881e-01,1.999500393867492676e+01
7.482776641845703125e-01,1.687526702880859375e-03
5.758638244878234724e-01,4.033803939819335938e-03
7.584050987350745565e-01,3.961324691772460938e-03
6.573342665733427070e-01,5.332643985748291016e-01
6.592340765923407897e-01,1.210951805114746094e-02
6.770322967703229500e-01,2.018198585510253906e+01
2.517223358154296875e-01,1.669883728027343750e-03
6.129590468399248593e-01,4.057407379150390625e-03
6.114054819208935010e-01,3.993034362792968750e-03
3.932606739326067191e-01,5.173954963684082031e-01
4.016598340165983272e-01,1.207470893859863281e-02
4.141585841415858504e-01,1.904909157752990723e+01
4.119014739990234375e-01,2.633094787597656250e-03
3.576590347037968964e-01,1.218867301940917969e-02
3.532031623610180082e-01,4.055500030517578125e-03
8.565143485651435240e-01,4.837419986724853516e-01
8.536146385361463862e-01,1.264095306396484375e-02
8.930106989301069831e-01,1.983473825454711914e+01
7.482776641845703125e-01,9.736061096191406250e-03
7.481436989277320260e-01,4.074811935424804688e-03
8.774725993313414740e-01,1.196646690368652344e-02
4.015598440155984661e-01,4.682669639587402344e-01
4.169583041695830161e-01,1.214385032653808594e-02
7.199280071992800734e-01,1.932431054115295410e+01
2.517223358154296875e-01,1.725912094116210938e-03
4.189532872867997026e-01,1.203560829162597656e-02
4.309387692089990951e-01,3.982305526733398438e-03
3.829617038296170284e-01,4.909029006958007812e-01
3.944605539446055520e-01,1.211786270141601562e-02
1.346865313468653125e-01,1.898345637321472168e+01
7.482776641845703125e-01,1.723766326904296875e-03
3.369378620398491009e-01,4.190921783447265625e-03
4.106819058073454265e-01,4.009246826171875000e-03
1.301869813018698141e-01,4.586153030395507812e-01
1.324867513248675077e-01,2.010655403137207031e-02
1.144885511448855142e-01,1.939124774932861328e+01
5.880985260009765625e-01,2.569198608398437500e-03
2.787273886777786869e-01,1.223397254943847656e-02
1.203038874012090642e-01,4.027128219604492188e-03
8.969103089691030650e-01,5.605204105377197266e-01
8.854114588541145414e-01,1.258254051208496094e-02
8.984101589841015922e-01,2.012138009071350098e+01
8.684120178222656250e-01,1.655578613281250000e-03
8.415435246539877401e-01,4.051208496093750000e-03
9.083926981390533228e-01,3.968238830566406250e-03
1.679832016798320227e-01,6.217041015625000000e-01
1.767823217678232139e-01,2.006292343139648438e-02
1.983801619838016228e-01,1.834926247596740723e+01
2.517223358154296875e-01,1.728773117065429688e-03
3.802569591578879304e-01,4.074096679687500000e-03
1.833706653823199972e-01,1.605939865112304688e-02
3.652634736526347292e-01,6.272764205932617188e-01
3.666633336666333398e-01,2.809596061706542969e-02
3.549645035496450385e-01,1.994435477256774902e+01
2.517223358154296875e-01,1.698970794677734375e-03
4.620370958449951937e-01,4.051208496093750000e-03
3.162233084236826253e-01,3.978013992309570312e-03
1.352864713528647012e-01,4.959204196929931641e-01
1.379862013798620057e-01,2.400374412536621094e-02
1.931806819318068191e-01,2.003089880943298340e+01
4.119014739990234375e-01,2.511262893676757812e-03
1.873303162217228035e-01,4.220008850097656250e-03
9.840255767564964895e-02,4.038810729980468750e-03
3.993600639936006336e-01,3.488194942474365234e-01
4.175582441755824603e-01,1.251506805419921875e-02
5.289471052894710867e-01,1.826593232154846191e+01
4.119014739990234375e-01,1.730918884277343750e-03
3.769015941460857055e-01,1.205134391784667969e-02
3.590681983126893795e-01,4.000663757324218750e-03
5.762423757624237641e-01,5.848400592803955078e-01
5.791420857914209019e-01,2.013969421386718750e-02
6.039396060393961152e-01,1.879969859123229980e+01
7.482776641845703125e-01,1.684904098510742188e-03
5.395747102830406039e-01,4.034519195556640625e-03
5.450270223644676504e-01,1.602053642272949219e-02
9.255074492550744436e-01,5.746393203735351562e-01
9.268073192680731376e-01,2.009415626525878906e-02
8.209179082091790924e-01,2.031768155097961426e+01
7.482776641845703125e-01,1.661300659179687500e-03
9.360431939402037438e-01,4.054069519042968750e-03
9.370771806105491208e-01,1.198697090148925781e-02
3.601639836016398144e-01,4.995079040527343750e-01
3.654634536546345625e-01,2.810359001159667969e-02
4.845515448455154361e-01,1.966292095184326172e+01
5.765914916992187500e-02,2.580165863037109375e-03
3.884143462972772798e-01,4.233598709106445312e-03
3.454972759383796443e-01,1.195740699768066406e-02
8.102189781021897907e-01,6.348624229431152344e-01
8.116188381161884013e-01,2.857017517089843750e-02
8.097190280971903187e-01,1.951744294166564941e+01
9.793052673339843750e-01,1.654386520385742188e-03
7.483087777722920997e-01,4.130601882934570312e-03
7.785749233254006807e-01,3.988981246948242188e-03
9.380061993800620224e-01,3.793983459472656250e-01
9.387061293870613277e-01,1.211285591125488281e-02
8.497150284971503043e-01,1.874676561355590820e+01
7.482776641845703125e-01,1.629114151000976562e-03
7.034569517540503192e-01,4.021644592285156250e-03
9.424735638999239828e-01,3.998041152954101562e-03
7.518248175182481452e-01,4.335694313049316406e-01
7.550244975502449218e-01,2.800130844116210938e-02
8.248175182481751744e-01,1.944807171821594238e+01
5.880985260009765625e-01,1.879930496215820312e-03
7.593934973280763723e-01,4.117488861083984375e-03
7.862360137671144944e-01,6.105899810791015625e-03
8.670132986701329925e-01,6.075260639190673828e-01
8.669133086691330758e-01,2.927923202514648438e-02
9.172082791720828077e-01,1.922280263900756836e+01
8.684120178222656250e-01,1.050305366516113281e-02
8.187186936499815104e-01,4.255056381225585938e-03
9.039886029312662608e-01,1.204586029052734375e-02
9.498050194980501848e-01,6.265232563018798828e-01
9.474052594740526301e-01,1.257562637329101562e-02
9.552044795520447940e-01,1.806548857688903809e+01
8.684120178222656250e-01,1.734495162963867188e-03
9.448233805593477808e-01,4.096746444702148438e-03
9.508784223955657477e-01,3.991842269897460938e-03
3.760623937606239475e-01,3.817722797393798828e-01
3.675632436756324228e-01,1.233243942260742188e-02
5.113488651134886487e-01,1.989570760726928711e+01
2.517223358154296875e-01,2.631425857543945312e-03
4.135851974161206535e-01,4.254341125488281250e-03
3.551386802876853599e-01,4.015445709228515625e-03
6.700329967003300080e-01,5.158402919769287109e-01
6.671332866713328702e-01,2.051115036010742188e-02
4.589541045895410565e-01,2.269182920455932617e+01
2.517223358154296875e-01,1.125121116638183594e-02
6.084034831326361470e-01,6.877422332763671875e-03
7.319840398169863427e-01,1.631498336791992188e-02
2.557744225577442410e-01,4.670474529266357422e-01
2.671732826717328479e-01,1.265358924865722656e-02
2.127787221277872287e-01,2.099555492401123047e+01
1.315879821777343750e-01,2.514600753784179688e-03
2.991935243165366742e-01,1.218581199645996094e-02
2.282664442088036538e-01,4.016160964965820312e-03
4.019598040195980493e-02,5.859618186950683594e-01
4.879512048795120460e-02,2.852749824523925781e-02
7.299270072992700142e-02,2.173245334625244141e+01
2.069473266601562500e-02,2.630472183227539062e-03
5.981311866748052070e-02,4.266500473022460938e-03
6.251240880798172861e-02,4.039525985717773438e-03
8.338166183381662266e-01,5.359532833099365234e-01
8.219178082191780366e-01,2.062535285949707031e-02
8.077192280771923194e-01,2.017217922210693359e+01
8.684120178222656250e-01,2.513647079467773438e-03
7.640194296746143365e-01,4.242181777954101562e-03
8.155282085880740661e-01,4.022359848022460938e-03
1.651834816518348292e-01,4.763181209564208984e-01
1.497850214978502237e-01,2.854084968566894531e-02
2.347765223477652208e-01,2.062020921707153320e+01
4.119014739990234375e-01,1.699209213256835938e-03
1.692665826717846267e-01,4.088878631591796875e-03
1.739916375104877400e-01,4.014015197753906250e-03
3.257674232576742157e-01,3.960118293762207031e-01
3.587641235876412593e-01,1.217389106750488281e-02
2.337766223377662211e-01,1.634145593643188477e+01
2.517223358154296875e-01,2.592086791992187500e-03
3.046657484512096392e-01,4.255771636962890625e-03
3.402420622698033581e-01,1.206350326538085938e-02
9.068093190680931448e-01,6.219577789306640625e-01
9.070092990700929780e-01,1.259374618530273438e-02
9.139086091390861144e-01,2.197752904891967773e+01
9.423408508300781250e-01,1.788139343261718750e-03
7.991518464502377350e-01,4.064083099365234375e-03
9.079071507301750277e-01,4.006147384643554688e-03
4.982501749825017368e-01,6.116776466369628906e-01
5.034496550344965682e-01,1.216387748718261719e-02
2.563743625637436296e-01,1.887515139579772949e+01
4.119014739990234375e-01,1.685380935668945312e-03
5.256059737742320159e-01,1.202297210693359375e-02
4.823281304951538839e-01,3.996372222900390625e-03
1.936806319368063189e-01,5.117342472076416016e-01
1.917808219178082085e-01,2.005648612976074219e-02
5.497450254974503014e-01,2.075684571266174316e+01
1.315879821777343750e-01,2.595186233520507812e-03
2.673776156950511407e-01,1.226472854614257812e-02
2.323126822127975499e-01,4.024744033813476562e-03
3.761623837616238641e-01,5.933501720428466797e-01
3.780621937806219468e-01,1.260995864868164062e-02
4.407559244075592297e-01,1.955366468429565430e+01
1.315879821777343750e-01,2.453565597534179688e-03
4.489482504114021832e-01,4.204273223876953125e-03
3.642739631278516521e-01,4.020452499389648438e-03
6.702329767023297302e-01,6.151335239410400391e-01
6.686331366863313974e-01,2.896046638488769531e-02
7.221277872212779059e-01,1.781712388992309570e+01
8.684120178222656250e-01,1.046633720397949219e-02
5.236171336124934017e-01,4.210948944091796875e-03
6.717757973781286474e-01,1.200461387634277344e-02
8.241175882411758691e-01,5.590703487396240234e-01
8.246175382461753411e-01,1.252603530883789062e-02
7.950204979502050184e-01,1.981830143928527832e+01
2.069473266601562500e-02,1.733779907226562500e-03
7.372453769959732561e-01,4.058122634887695312e-03
8.149745719878698225e-01,1.199746131896972656e-02
1.541845815418458054e-01,5.424957275390625000e-01
1.642835716428357185e-01,2.800607681274414062e-02
1.471852814718528080e-01,2.068461966514587402e+01
1.315879821777343750e-01,1.049876213073730469e-02
1.703009176024629090e-01,4.271030426025390625e-03
1.373755656292091620e-01,1.205182075500488281e-02
9.691030896910308723e-01,5.105235576629638672e-01
9.713028697130287048e-01,2.060079574584960938e-02
9.886011398860113930e-01,2.060510754585266113e+01
9.793052673339843750e-01,1.735448837280273438e-03
9.260600251164269325e-01,4.050493240356445312e-03
9.631873980367605670e-01,3.986597061157226562e-03
1.833816618338166282e-01,3.464789390563964844e-01
1.890810918908109317e-01,1.209712028503417969e-02
2.635736426357364048e-01,1.958951902389526367e+01
2.517223358154296875e-01,1.703262329101562500e-03
2.203687199088722459e-01,4.053592681884765625e-03
1.954905344772866482e-01,3.994703292846679688e-03
6.577342265773422625e-01,6.418323516845703125e-01
6.556344365563443466e-01,2.413368225097656250e-02
6.145385461453855003e-01,1.973435783386230469e+01
7.482776641845703125e-01,1.629352569580078125e-03
6.456614117746019010e-01,4.017829895019531250e-03
5.949811940123196363e-01,3.972768783569335938e-03
2.391760823917608303e-01,5.416374206542968750e-01
2.458754124587541334e-01,1.205778121948242188e-02
1.088891110888911135e-01,1.916770505905151367e+01
1.315879821777343750e-01,1.713275909423828125e-03
3.466049647603609563e-01,4.060983657836914062e-03
3.334195459188628585e-01,4.019737243652343750e-03
6.655334466553344264e-01,5.866804122924804688e-01
6.829317068293170312e-01,1.208662986755371094e-02
5.903409659034096757e-01,1.952860999107360840e+01
4.119014739990234375e-01,1.460027694702148438e-02
6.172183651010457739e-01,4.260540008544921875e-03
6.590131980566447112e-01,4.032611846923828125e-03
8.195180481951804818e-01,7.047336101531982422e-01
8.157184281571843165e-01,2.453064918518066406e-02
8.219178082191780366e-01,1.980712413787841797e+01
4.119014739990234375e-01,1.650810241699218750e-03
7.259559843181304650e-01,4.062891006469726562e-03
8.337774513806421872e-01,3.988742828369140625e-03
4.714528547145285242e-01,4.201350212097167969e-01
4.708529147085291355e-01,1.209139823913574219e-02
4.169583041695830161e-01,1.983676910400390625e+01
4.119014739990234375e-01,1.697778701782226562e-03
4.887679906838340860e-01,1.205801963806152344e-02
4.534552785389834861e-01,4.003286361694335938e-03
2.992700729927007530e-01,5.083107948303222656e-01
2.999700029997000028e-01,2.013039588928222656e-02
2.078792120787921194e-01,1.958872747421264648e+01
2.517223358154296875e-01,1.720666885375976562e-03
3.646351345516275488e-01,4.291772842407226562e-03
2.369535158111661932e-01,4.077911376953125000e-03
6.582341765823417346e-01,5.644445419311523438e-01
6.552344765523447911e-01,2.804660797119140625e-02
4.336566343365663156e-01,2.065395236015319824e+01
1.315879821777343750e-01,2.555370330810546875e-03
5.661298347501502182e-01,4.202365875244140625e-03
6.289292724640225263e-01,3.997802734375000000e-03
8.464153584641536110e-01,4.522914886474609375e-01
8.484151584841516103e-01,2.852225303649902344e-02
8.406159384061593354e-01,1.969465947151184082e+01
7.482776641845703125e-01,1.732349395751953125e-03
7.954685348480156071e-01,4.094839096069335938e-03
7.881117914173032535e-01,3.997087478637695312e-03
1.397860213978602273e-01,3.477029800415039062e-01
1.494850514948505016e-01,1.211190223693847656e-02
1.422857714228577264e-01,1.860416841506958008e+01
5.765914916992187500e-02,1.696109771728515625e-03
1.747530351389453007e-01,4.066944122314453125e-03
1.401994078704678626e-01,3.963947296142578125e-03
9.530046995300469614e-01,4.997556209564208984e-01
9.482051794820517410e-01,2.798914909362792969e-02
8.266173382661733404e-01,1.770913314819335938e+01
5.880985260009765625e-01,1.615524291992187500e-03
9.152719593817809640e-01,4.037380218505859375e-03
9.521847112836028248e-01,3.977298736572265625e-03
6.411358864113588796e-01,4.134962558746337891e-01
6.499350064993500986e-01,1.204395294189453125e-02
6.476352364763523495e-01,1.755376148223876953e+01
5.880985260009765625e-01,1.050353050231933594e-02
5.890878258736573780e-01,4.236459732055664062e-03
6.800827673983592669e-01,4.020929336547851562e-03
3.594640535946405091e-01,3.955073356628417969e-01
3.432656734326567372e-01,1.263594627380371094e-02
3.476652334766523467e-01,1.991320681571960449e+01
5.765914916992187500e-02,1.755475997924804688e-03
3.909690291370670479e-01,4.068851470947265625e-03
2.626215581390900500e-01,4.008531570434570312e-03
9.941005899410059188e-01,3.468861579895019531e-01
9.925007499250074749e-01,1.215910911560058594e-02
9.897010298970102538e-01,1.887271499633789062e+01
5.880985260009765625e-01,1.724243164062500000e-03
9.910245312753255265e-01,4.079341888427734375e-03
9.980387559118703011e-01,4.008769989013671875e-03
4.767523247675232723e-01,4.131212234497070312e-01
4.780521947805219662e-01,2.015042304992675781e-02
3.467653234676532081e-01,1.933816337585449219e+01
2.517223358154296875e-01,1.649856567382812500e-03
5.361579004727408115e-01,4.037141799926757812e-03
5.288180555421334583e-01,4.001617431640625000e-03
6.557344265573442632e-01,4.276185035705566406e-01
6.527347265273473198e-01,3.211879730224609375e-02
5.906409359064093145e-01,1.992751479148864746e+01
5.880985260009765625e-01,2.673149108886718750e-03
5.724763477827473634e-01,4.276275634765625000e-03
6.762400526357772446e-01,4.010677337646484375e-03
6.377362263773622697e-01,4.682309627532958984e-01
6.288371162883711341e-01,2.863454818725585938e-02
6.750324967503249507e-01,1.902492785453796387e+01
5.880985260009765625e-01,1.647472381591796875e-03
6.430258692506197749e-01,4.067659378051757812e-03
6.021545038128293115e-01,3.989219665527343750e-03
4.547545245475452247e-01,6.201069355010986328e-01
4.715528447155284408e-01,2.812457084655761719e-02
7.195280471952805179e-01,2.018030977249145508e+01
4.119014739990234375e-01,1.672267913818359375e-03
4.460468804513386676e-01,4.058361053466796875e-03
4.645257032711354039e-01,3.999233245849609375e-03
8.240175982401759525e-01,5.201148986816406250e-01
8.116188381161884013e-01,2.796578407287597656e-02
3.758624137586241143e-01,1.957545042037963867e+01
8.684120178222656250e-01,2.593278884887695312e-03
6.620532103098971666e-01,4.234075546264648438e-03
8.193065658697533671e-01,4.028558731079101562e-03
3.270672932706729097e-01,3.784139156341552734e-01
3.398660133986601273e-01,1.260209083557128906e-02
5.039496050394960402e-01,2.230274534225463867e+01
1.315879821777343750e-01,2.526044845581054688e-03
3.345185218972578922e-01,1.224184036254882812e-02
2.310859481144000305e-01,4.016637802124023438e-03
8.352164783521648372e-01,5.365757942199707031e-01
8.226177382261773419e-01,1.259183883666992188e-02
8.059194080591940423e-01,1.877307271957397461e+01
9.423408508300781250e-01,2.516031265258789062e-03
7.291650768837791841e-01,4.228830337524414062e-03
8.905390994409305705e-01,4.007816314697265625e-03
8.586141385861414399e-01,5.688591003417968750e-01
8.476152384761523884e-01,2.867555618286132812e-02
9.033096690330967293e-01,1.739357542991638184e+01
8.684120178222656250e-01,2.600431442260742188e-03
7.386032325520727193e-01,4.222393035888671875e-03
8.412867720030978713e-01,4.021167755126953125e-03
6.769323067693230889e-02,4.750583171844482422e-01
7.419258074192580654e-02,2.464342117309570312e-02
1.581841815818418040e-01,2.171890282630920410e+01
5.765914916992187500e-02,1.656055450439453125e-03
2.116238043288199977e-01,1.203203201293945312e-02
4.991298078729797250e-02,4.002094268798828125e-03
6.936306369363063329e-01,4.042706489562988281e-01
6.823317668233176425e-01,2.002525329589843750e-02
5.674432556744325451e-01,2.018235230445861816e+01
4.119014739990234375e-01,1.820564270019531250e-03
6.616991212633825947e-01,4.090785980224609375e-03
7.022266364039855269e-01,8.618116378784179688e-03
4.327567243275672326e-01,6.915071010589599609e-01
4.441555844415558396e-01,3.725457191467285156e-02
5.411458854114588046e-01,2.016788721084594727e+01
1.315879821777343750e-01,2.527952194213867188e-03
4.886474673916518796e-01,4.271984100341796875e-03
4.718637126875359078e-01,1.200556755065917969e-02
6.195380461953804430e-01,5.759539604187011719e-01
6.097390260973902798e-01,1.256227493286132812e-02
7.215278472152785172e-01,2.014747881889343262e+01
7.482776641845703125e-01,1.662731170654296875e-03
5.239869696099921370e-01,4.042148590087890625e-03
5.783434205832538311e-01,1.599287986755371094e-02
2.294770522947705282e-01,6.928873062133789062e-01
2.360763923607639148e-01,2.404546737670898438e-02
4.057594240575942424e-01,1.983952665328979492e+01
9.423408508300781250e-01,2.620935440063476562e-03
4.897210104449354895e-01,1.623439788818359375e-02
2.119464098562228171e-01,4.036903381347656250e-03
2.929707029297070123e-02,4.511539936065673828e-01
3.009699030096990233e-02,1.263713836669921875e-02
6.559344065593440687e-02,1.998915624618530273e+01
5.765914916992187500e-02,1.724958419799804688e-03
8.517888296023390371e-02,4.067659378051757812e-03
2.013813282845351715e-02,3.978013992309570312e-03
9.446055394460554089e-01,4.749829769134521484e-01
9.435056494350565481e-01,1.209378242492675781e-02
9.414058594140586322e-01,2.031293606758117676e+01
7.482776641845703125e-01,2.652406692504882812e-03
9.083769347911969660e-01,1.226973533630371094e-02
9.508433794528288185e-01,4.032850265502929688e-03
6.337366263373662711e-01,5.372786521911621094e-01
6.487351264873512102e-01,1.290249824523925781e-02
4.958504149585041265e-01,2.038071060180664062e+01
2.517223358154296875e-01,1.664638519287109375e-03
5.888114792093031014e-01,4.040479660034179688e-03
6.419902167049311714e-01,3.984212875366210938e-03
7.388261173882612054e-01,5.417129993438720703e-01
7.423257674232576209e-01,1.210165023803710938e-02
7.124287571242875483e-01,1.859525823593139648e+01
4.119014739990234375e-01,1.703262329101562500e-03
6.869667388826337096e-01,1.207232475280761719e-02
7.347524732476761189e-01,3.990888595581054688e-03
7.596240375962404201e-01,5.347034931182861328e-01
7.489251074892511184e-01,1.209902763366699219e-02
7.646235376462353628e-01,1.867536067962646484e+01
8.684120178222656250e-01,1.628160476684570312e-03
6.961099300713294857e-01,4.027366638183593750e-03
7.973582659505047410e-01,3.980398178100585938e-03
4.281571842815718454e-01,4.601891040802001953e-01
4.506549345065493650e-01,1.210498809814453125e-02
8.626137386261374385e-01,2.133217620849609375e+01
2.517223358154296875e-01,1.059007644653320312e-02
3.707224207674515992e-01,4.237413406372070312e-03
4.453183827152548679e-01,4.040241241455078125e-03
1.059894010598940173e-01,5.223023891448974609e-01
1.083891610838916136e-01,2.061843872070312500e-02
7.139286071392861310e-02,1.937193465232849121e+01
4.119014739990234375e-01,1.705408096313476562e-03
1.228696270629685006e-01,4.056930541992187500e-03
1.191608317986837529e-01,3.993511199951171875e-03
3.640635936406359519e-01,5.483136177062988281e-01
3.744625537446255592e-01,2.010440826416015625e-02
4.171582841715828494e-01,2.087594270706176758e+01
1.315879821777343750e-01,1.800537109375000000e-03
3.232447288808301122e-01,4.117012023925781250e-03
3.713062021569792925e-01,4.019498825073242188e-03
7.168283171682832133e-01,3.834104537963867188e-01
7.203279672032796288e-01,1.236605644226074219e-02
5.893410658934106205e-01,1.715496087074279785e+01
8.684120178222656250e-01,1.887559890747070312e-03
6.568296995490532364e-01,4.093647003173828125e-03
6.521158257921823020e-01,1.083683967590332031e-02
3.799620037996200451e-03,6.308512687683105469e-01
5.899410058994100300e-03,2.918362617492675781e-02
8.699130086991300678e-03,2.018358707427978516e+01
5.908966064453125000e-03,2.555131912231445312e-03
2.382930195457936065e-02,4.236459732055664062e-03
6.889031800507307464e-03,4.035234451293945312e-03
2.779722027797220177e-02,3.480348587036132812e-01
3.649635036496350071e-02,1.255750656127929688e-02
7.969203079692030456e-02,2.068639779090881348e+01
5.908966064453125000e-03,1.652717590332031250e-03
4.495123014017488733e-02,4.045009613037109375e-03
3.767991410465742347e-02,1.206588745117187500e-02
6.869313068693130298e-01,5.806131362915039062e-01
6.993300669933006919e-01,2.813673019409179688e-02
5.694430556944305444e-01,1.833602309226989746e+01
4.119014739990234375e-01,2.640724182128906250e-03
6.221978523086395541e-01,4.248857498168945312e-03
6.485641027683618498e-01,4.020929336547851562e-03
3.641635836416358130e-01,3.495373725891113281e-01
3.744625537446255592e-01,1.264190673828125000e-02
3.310668933106689082e-01,2.012740373611450195e+01
7.482776641845703125e-01,1.660585403442382812e-03
3.887482304702670199e-01,4.047155380249023438e-03
3.451427389095768072e-01,1.202058792114257812e-02
6.011398860113988940e-01,5.538635253906250000e-01
5.829417058294170673e-01,1.208543777465820312e-02
6.728327167283271182e-01,2.105557370185852051e+01
8.684120178222656250e-01,2.578735351562500000e-03
5.572879554546066316e-01,4.257678985595703125e-03
5.870790219615744654e-01,8.053302764892578125e-03
8.851114888511149026e-01,5.628035068511962891e-01
8.778122187781222108e-01,2.063179016113281250e-02
8.386161383861613361e-01,2.000675058364868164e+01
7.482776641845703125e-01,1.737833023071289062e-03
8.821253359263847571e-01,4.080295562744140625e-03
8.766522882057266042e-01,3.990173339843750000e-03
5.897410258974102870e-01,5.446331501007080078e-01
5.917408259174082863e-01,1.216077804565429688e-02
8.727127287271272404e-01,2.010850596427917480e+01
4.119014739990234375e-01,1.726150512695312500e-03
6.367183097404276459e-01,4.070043563842773438e-03
6.545669330939292152e-01,3.992080688476562500e-03
3.608639136086391197e-01,3.486666679382324219e-01
3.731626837316268097e-01,1.212596893310546875e-02
3.178682131786821352e-01,1.890347051620483398e+01
5.765914916992187500e-02,1.730918884277343750e-03
3.669832769352801560e-01,1.199579238891601562e-02
2.991049604346373014e-01,3.981590270996093750e-03
3.939606039396060383e-02,4.963378906250000000e-01
3.999600039996000639e-02,2.813625335693359375e-02
6.919308069193080835e-02,1.976453757286071777e+01
1.315879821777343750e-01,2.637863159179687500e-03
7.636345470826248760e-02,4.251241683959960938e-03
2.953342933527918976e-02,1.196384429931640625e-02
8.597140285971403006e-01,5.407249927520751953e-01
8.513148685131486371e-01,1.264739036560058594e-02
8.881111888811118460e-01,1.943527841567993164e+01
7.482776641845703125e-01,1.670837402343750000e-03
5.623582915948371896e-01,4.038810729980468750e-03
8.311861628541363789e-01,1.199197769165039062e-02
8.589141085891410787e-01,5.694246292114257812e-01
8.543145685431456915e-01,1.210355758666992188e-02
9.484051594840515742e-01,1.985748767852783203e+01
7.482776641845703125e-01,1.837491989135742188e-03
8.239517004727442417e-01,4.125356674194335938e-03
8.756360873692090596e-01,4.013299942016601562e-03
6.889311068893110290e-01,5.978286266326904297e-01
6.765323467653234779e-01,2.830934524536132812e-02
6.981301869813019145e-01,1.891371965408325195e+01
2.517223358154296875e-01,1.760244369506835938e-03
5.972466968863261449e-01,4.058361053466796875e-03
7.041278831780128922e-01,3.993272781372070312e-03
4.708529147085291355e-01,4.582839012145996094e-01
4.738526147385261345e-01,1.211547851562500000e-02
5.979402059794020063e-01,2.027727961540222168e+01
4.119014739990234375e-01,2.677440643310546875e-03
4.841066654394500235e-01,4.205465316772460938e-03
4.909218681399191708e-01,4.017114639282226562e-03
6.016398360163983661e-01,6.359984874725341797e-01
6.062393760623937533e-01,2.856373786926269531e-02
6.030396960303969767e-01,1.979136300086975098e+01
2.517223358154296875e-01,1.730442047119140625e-03
6.490700281572576724e-01,4.058122634887695312e-03
5.988660277694776157e-01,3.994464874267578125e-03
1.012898710128987134e-01,5.576941967010498047e-01
1.037896210378962125e-01,1.210165023803710938e-02
1.092890710928907105e-01,2.116577649116516113e+01
2.517223358154296875e-01,1.718997955322265625e-03
1.124611518235194563e-01,1.205348968505859375e-02
9.218954545103891229e-02,4.001617431640625000e-03
2.699730026997300240e-03,6.525700092315673828e-01
3.299670032996700197e-03,1.208949089050292969e-02
1.979802019798020118e-02,2.069774889945983887e+01
5.908966064453125000e-03,1.654148101806640625e-03
4.610945791382341924e-02,4.053592681884765625e-03
1.067427516993717934e-03,3.990173339843750000e-03
3.165683431656834412e-01,3.477272987365722656e-01
3.089691030896910551e-01,1.207971572875976562e-02
2.550744925507449357e-01,1.846595335006713867e+01
5.880985260009765625e-01,1.677036285400390625e-03
4.042318991846258758e-01,4.073381423950195312e-03
3.028631642905831867e-01,1.200342178344726562e-02
4.601539846015398338e-01,6.116337776184082031e-01
4.687531246875312196e-01,1.204729080200195312e-02
4.407559244075592297e-01,2.000698375701904297e+01
4.119014739990234375e-01,2.623081207275390625e-03
5.009172921489779551e-01,4.226207733154296875e-03
4.526198362840920253e-01,4.051446914672851562e-03
1.919808019198080209e-02,6.759815216064453125e-01
1.729827017298270209e-02,2.496051788330078125e-02
2.079792020797920082e-02,2.063961434364318848e+01
5.908966064453125000e-03,1.820564270019531250e-03
7.451418023306934091e-02,4.077672958374023438e-03
2.763517561430005320e-02,2.001333236694335938e-02
7.049295070492950233e-02,6.976847648620605469e-01
7.389261073892611220e-02,2.009510993957519531e-02
1.499850014998500014e-01,2.074734210968017578e+01
5.765914916992187500e-02,1.791715621948242188e-03
1.080949583891647192e-01,4.077911376953125000e-03
5.616817179913367875e-02,1.071214675903320312e-02
8.410158984101590018e-01,6.723475456237792969e-01
8.264173582641736182e-01,2.407598495483398438e-02
8.683131686831316864e-01,2.066461634635925293e+01
9.940910339355468750e-01,2.617359161376953125e-03
6.623792910577672721e-01,8.209705352783203125e-03
8.143406218865443247e-01,4.020690917968750000e-03
2.875712428757124517e-01,5.599973201751708984e-01
3.110688931106889155e-01,1.332068443298339844e-02
5.087491250874912607e-01,2.105913400650024414e+01
2.517223358154296875e-01,2.040147781372070312e-03
3.361094683775133207e-01,2.299022674560546875e-02
2.960064439593559915e-01,4.327774047851562500e-03
3.111688831116888321e-01,5.907075405120849609e-01
3.200679932006799122e-01,1.270651817321777344e-02
2.744725527447255398e-01,2.076742815971374512e+01
5.880985260009765625e-01,2.632617950439453125e-03
3.686501803811339517e-01,4.286527633666992188e-03
2.828056508571649141e-01,4.064798355102539062e-03
7.838216178382161337e-01,5.404479503631591797e-01
7.855214478552144941e-01,1.259207725524902344e-02
5.857414258574142885e-01,1.962619066238403320e+01
7.482776641845703125e-01,4.866123199462890625e-03
7.620573358435718259e-01,1.642012596130371094e-02
7.831618723995213971e-01,4.003286361694335938e-03
8.083191680831917081e-01,4.239532947540283203e-01
7.933206679332066580e-01,1.258826255798339844e-02
8.690130986901309917e-01,2.033522629737854004e+01
9.423408508300781250e-01,1.070785522460937500e-02
8.124967897894113111e-01,4.319906234741210938e-03
8.270268276843304456e-01,1.205492019653320312e-02
9.053094690530947286e-01,4.748768806457519531e-01
9.085091490850915052e-01,4.318737983703613281e-02
8.813118688131187373e-01,2.029934620857238770e+01
9.423408508300781250e-01,2.625703811645507812e-03
5.728826354985022684e-01,4.244565963745117188e-03
9.100082374127324014e-01,1.603746414184570312e-02
3.059694030596940215e-02,5.845358371734619141e-01
2.509749025097490413e-02,2.057290077209472656e-02
2.999700029997000327e-04,1.914684247970581055e+01
4.119014739990234375e-01,2.581596374511718750e-03
2.692691389857928760e-02,4.241704940795898438e-03
5.746291399489427548e-02,4.004955291748046875e-03
6.667333266673333148e-01,5.432035923004150391e-01
6.484351564843515714e-01,1.258158683776855469e-02
7.449255074492551199e-01,1.980309247970581055e+01
8.684120178222656250e-01,2.504348754882812500e-03
7.094458434256649682e-01,4.237890243530273438e-03
7.085118001317760594e-01,4.012823104858398438e-03
6.327367263273672160e-01,3.473536968231201172e-01
6.287371262873712174e-01,1.252913475036621094e-02
5.173482651734826465e-01,1.923515081405639648e+01
4.119014739990234375e-01,2.645015716552734375e-03
5.633090606741083528e-01,4.232406616210937500e-03
6.479378134603986927e-01,4.042387008666992188e-03
9.933006699330066969e-01,5.166714191436767578e-01
9.949005099490051407e-01,2.057552337646484375e-02
9.500049995000500180e-01,1.941431331634521484e+01
9.793052673339843750e-01,1.653194427490234375e-03
9.799767067938701670e-01,4.053592681884765625e-03
9.968645225228731643e-01,3.964662551879882812e-03
6.493350664933507099e-01,4.700663089752197266e-01
6.285371462853714952e-01,1.212739944458007812e-02
6.264373562643735793e-01,1.975711464881896973e+01
7.482776641845703125e-01,1.454615592956542969e-02
6.147485882481908970e-01,4.244327545166015625e-03
5.995365723332272134e-01,4.023790359497070312e-03
3.895610438956104149e-01,5.249688625335693359e-01
4.126587341265873232e-01,2.051091194152832031e-02
5.973402659734026177e-01,2.045910191535949707e+01
2.517223358154296875e-01,1.718044281005859375e-03
4.563231035926290091e-01,1.212048530578613281e-02
4.624767224321439385e-01,4.016637802124023438e-03
5.742425757424257649e-01,4.813013076782226562e-01
5.833416658334166227e-01,1.214504241943359375e-02
7.238276172382761553e-01,1.971738314628601074e+01
5.880985260009765625e-01,1.705884933471679688e-03
5.349890410686332087e-01,4.057884216308593750e-03
5.430731090813659678e-01,3.992795944213867188e-03
1.035896410358964070e-01,4.587633609771728516e-01
9.469053094690531303e-02,2.792263031005859375e-02
7.109289071092890488e-02,2.147802996635437012e+01
2.517223358154296875e-01,1.657485961914062500e-03
1.147446197026904535e-01,4.028320312500000000e-03
1.403900332050017630e-01,3.986358642578125000e-03
7.403259674032596216e-01,3.464741706848144531e-01
7.003299670032996360e-01,1.206564903259277344e-02
7.759224077592240532e-01,1.935478520393371582e+01
9.423408508300781250e-01,2.636194229125976562e-03
5.379261335167851987e-01,4.266977310180664062e-03
7.877577590573823230e-01,1.207280158996582031e-02
8.612138786121388279e-01,7.222855091094970703e-01
8.607139286071392448e-01,2.064013481140136719e-02
7.080291970802919943e-01,2.047808766365051270e+01
5.880985260009765625e-01,1.759290695190429688e-03
7.431766764090899091e-01,8.057594299316406250e-03
9.004783421341855387e-01,4.013299942016601562e-03
4.489551044895510601e-01,5.186097621917724609e-01
4.453554644535546170e-01,1.213598251342773438e-02
5.361463853614638619e-01,1.871213984489440918e+01
5.880985260009765625e-01,1.739263534545898438e-03
4.696085776191651351e-01,4.088640213012695312e-03
5.094432479956806370e-01,4.001617431640625000e-03
4.537546245375462250e-01,5.742394924163818359e-01
4.468553144685531442e-01,1.211452484130859375e-02
4.989501049895010421e-01,1.973247861862182617e+01
5.765914916992187500e-02,1.709461212158203125e-03
4.459005097252303207e-01,4.054784774780273438e-03
4.238752185834908093e-01,4.006147384643554688e-03
6.659334066593340928e-01,5.494682788848876953e-01
6.769323067693230334e-01,1.214766502380371094e-02
5.055494450554944841e-01,2.108464145660400391e+01
2.069473266601562500e-02,1.651763916015625000e-03
5.989106043258635159e-01,4.061460494995117188e-03
5.774886471539772970e-01,3.970861434936523438e-03
7.032296770322967738e-01,4.474053382873535156e-01
7.218278172182781560e-01,1.726841926574707031e-02
7.164283571642835469e-01,2.006066250801086426e+01
1.315879821777343750e-01,1.796483993530273438e-03
6.652906668407146951e-01,1.611328125000000000e-02
7.434927182761973397e-01,3.992080688476562500e-03
2.853714628537146192e-01,5.780587196350097656e-01
2.903709629037096174e-01,2.008914947509765625e-02
1.764823517648235196e-01,1.936224198341369629e+01
4.119014739990234375e-01,1.648426055908203125e-03
3.038221101160180071e-01,4.070997238159179688e-03
2.244285716240490558e-01,3.978967666625976562e-03
8.810118988101189874e-01,3.492383956909179688e-01
8.784121587841215995e-01,1.205849647521972656e-02
7.383261673832616223e-01,2.016172194480895996e+01
9.423408508300781250e-01,1.699924468994140625e-03
8.297387609916739848e-01,4.069328308105468750e-03
8.643404742133089513e-01,3.994464874267578125e-03
7.946205379462053520e-01,3.492598533630371094e-01
7.739226077392260539e-01,1.208424568176269531e-02
6.312368763123687998e-01,1.743437314033508301e+01
9.793052673339843750e-01,1.610755920410156250e-03
7.000937233453632391e-01,4.051208496093750000e-03
7.746515226327148618e-01,3.959417343139648438e-03
4.049595040495950204e-01,5.213115215301513672e-01
3.955604439556044127e-01,2.000021934509277344e-02
4.516548345165483647e-01,2.128935432434082031e+01
4.119014739990234375e-01,2.638578414916992188e-03
3.966557429889869812e-01,1.219296455383300781e-02
3.822793769339724590e-01,4.049062728881835938e-03
4.895510448955104343e-01,4.741914272308349609e-01
4.711528847115288299e-01,1.269769668579101562e-02
4.578542145785421402e-01,2.025352048873901367e+01
8.684120178222656250e-01,1.641988754272460938e-03
4.925300146161561976e-01,4.079341888427734375e-03
5.256303487591357237e-01,3.985404968261718750e-03
7.892210778922107428e-01,4.130125045776367188e-01
7.864213578642136326e-01,1.214075088500976562e-02
7.717228277172283324e-01,1.849192070960998535e+01
5.880985260009765625e-01,9.712934494018554688e-03
7.445139167507358602e-01,4.039049148559570312e-03
8.607146670880672090e-01,1.201653480529785156e-02
4.620537946205379720e-01,5.303015708923339844e-01
4.866513348665133520e-01,1.210880279541015625e-02
3.917608239176082474e-01,2.067951536178588867e+01
1.315879821777343750e-01,1.720190048217773438e-03
4.663090993524210970e-01,4.064083099365234375e-03
5.237001406925715363e-01,4.019498825073242188e-03
5.570442955704429933e-01,3.979315757751464844e-01
5.591440855914409092e-01,2.400779724121093750e-02
6.857314268573142524e-01,2.022962951660156250e+01
2.517223358154296875e-01,2.606391906738281250e-03
5.298997473727147245e-01,4.214525222778320312e-03
5.684579928078524746e-01,1.603817939758300781e-02
7.818218178182181344e-01,5.785186290740966797e-01
7.804219578042195238e-01,2.057504653930664062e-02
5.115488451154884819e-01,1.811484241485595703e+01
2.517223358154296875e-01,1.636743545532226562e-03
6.373925090195839971e-01,4.060983657836914062e-03
7.759405380511761319e-01,3.995656967163085938e-03
2.995700429957004474e-01,3.935582637786865234e-01
2.988701129887011421e-01,1.227331161499023438e-02
3.710628937106289493e-01,1.919005370140075684e+01
4.119014739990234375e-01,1.744747161865234375e-03
3.323478933268076418e-01,4.089832305908203125e-03
3.175004023937861852e-01,4.040956497192382812e-03
2.988701129887011421e-01,4.119849205017089844e-01
2.851714828517148415e-01,1.231217384338378906e-02
2.553744625537446300e-01,2.066942524909973145e+01
4.119014739990234375e-01,2.598285675048828125e-03
3.349637467031814086e-01,4.260063171386718750e-03
2.853103960629964631e-01,4.040241241455078125e-03
1.299870012998700051e-03,5.373961925506591797e-01
1.199880011998800131e-03,1.262593269348144531e-02
7.999200079992001234e-04,1.829572105407714844e+01
2.012252807617187500e-04,2.604961395263671875e-03
1.798888669274798131e-03,4.224538803100585938e-03
2.661335985185867697e-03,4.245996475219726562e-03
2.896710328967103121e-01,3.969156742095947266e-01
3.053694630536946120e-01,1.258873939514160156e-02
1.302869713028697030e-01,1.819329524040222168e+01
5.880985260009765625e-01,2.684593200683593750e-03
3.890900266522493989e-01,4.235029220581054688e-03
3.247830587021680593e-01,4.021644592285156250e-03
3.519648035196480396e-01,6.109662055969238281e-01
3.427657234276572096e-01,2.862119674682617188e-02
1.871812818718128213e-01,2.057285189628601074e+01
5.880985260009765625e-01,1.631021499633789062e-03
3.454847523968601619e-01,4.027605056762695312e-03
3.630127631249214781e-01,1.203417778015136719e-02
2.189781021897810320e-01,5.853788852691650391e-01
2.157784221577842276e-01,2.808237075805664062e-02
2.487751224877512157e-01,2.034852814674377441e+01
4.119014739990234375e-01,2.492666244506835938e-03
2.463686193548784154e-01,4.192113876342773438e-03
1.890593784091272878e-01,1.192975044250488281e-02
1.942805719428057076e-01,5.625543594360351562e-01
2.018798120187981215e-01,2.850723266601562500e-02
1.960803919608039292e-01,1.954167652130126953e+01
5.765914916992187500e-02,2.606630325317382812e-03
2.771959358681863606e-01,4.264831542968750000e-03
2.549543135442138286e-01,1.203656196594238281e-02
9.771022897710228694e-01,6.177668571472167969e-01
9.780021997800220079e-01,2.455472946166992188e-02
9.649035096490351515e-01,2.203067564964294434e+01
7.482776641845703125e-01,2.501010894775390625e-03
8.873568005389701474e-01,4.242420196533203125e-03
9.865111726114850210e-01,1.205635070800781250e-02
8.180181981801819546e-01,5.195186138153076172e-01
8.122187781221877900e-01,1.266884803771972656e-02
7.893210678932106594e-01,1.965015292167663574e+01
7.482776641845703125e-01,1.670837402343750000e-03
6.690324964549627662e-01,4.083633422851562500e-03
7.713798632585764370e-01,4.014730453491210938e-03
2.037796220377962320e-01,4.050285816192626953e-01
2.160783921607839220e-01,1.212739944458007812e-02
5.202479752024797843e-01,1.974248957633972168e+01
2.069473266601562500e-02,2.614736557006835938e-03
2.958586001553621392e-01,1.228380203247070312e-02
1.976671018030464744e-01,4.046440124511718750e-03
2.154784521547845333e-01,5.339465141296386719e-01
2.171782821717828105e-01,1.261043548583984375e-02
2.274772522747725290e-01,2.168695163726806641e+01
4.119014739990234375e-01,1.679897308349609375e-03
2.739939809667987225e-01,4.044055938720703125e-03
2.278066470674967592e-01,3.994226455688476562e-03
9.362063793620637453e-01,5.218410491943359375e-01
9.285071492850714980e-01,1.212430000305175781e-02
9.587041295870413204e-01,1.950640773773193359e+01
9.423408508300781250e-01,1.673221588134765625e-03
8.851653098502594297e-01,4.016637802124023438e-03
9.469193263360523583e-01,1.198387145996093750e-02
6.707329267073293133e-01,5.183315277099609375e-01
6.655334466553344264e-01,2.807950973510742188e-02
7.021297870212979131e-01,2.007089972496032715e+01
7.482776641845703125e-01,1.851797103881835938e-03
6.066279593827030858e-01,1.214647293090820312e-02
6.683156155180174363e-01,5.730867385864257812e-03
4.944505549445055714e-01,5.613563060760498047e-01
4.844515548445155750e-01,2.108073234558105469e-02
5.002499750024997915e-01,2.097705054283142090e+01
7.482776641845703125e-01,2.500057220458984375e-03
4.872332702000106153e-01,4.238843917846679688e-03
4.629896121494658234e-01,1.203370094299316406e-02
3.150684931506849140e-01,5.209004878997802734e-01
3.369663033696630450e-01,1.258349418640136719e-02
3.054694530546945286e-01,2.035042858123779297e+01
4.119014739990234375e-01,1.642465591430664062e-03
3.793957293928627572e-01,4.034519195556640625e-03
3.295852969852491876e-01,3.974914550781250000e-03
5.379462053794620280e-01,7.163472175598144531e-01
5.407459254074592492e-01,2.402186393737792969e-02
5.545445455454454109e-01,1.968554019927978516e+01
4.119014739990234375e-01,2.633094787597656250e-03
5.040861674228535039e-01,4.239797592163085938e-03
5.344624352631430764e-01,4.034996032714843750e-03
3.308669133086691305e-01,6.497826576232910156e-01
3.146685331466853586e-01,2.058410644531250000e-02
1.985801419858014283e-01,1.954316878318786621e+01
8.684120178222656250e-01,1.881122589111328125e-03
3.573835285099349890e-01,4.148244857788085938e-03
2.054908094393424478e-01,4.017591476440429688e-03
2.589741025897410176e-01,3.486769199371337891e-01
3.262673732626737433e-01,1.246643066406250000e-02
3.407659234076592103e-01,1.911604475975036621e+01
1.315879821777343750e-01,2.723693847656250000e-03
4.983791237834649945e-01,4.271984100341796875e-03
2.306879969680214471e-01,4.015922546386718750e-03
4.268573142685731514e-01,3.478672504425048828e-01
4.382561743825617584e-01,1.262927055358886719e-02
3.475652434756524300e-01,2.043511509895324707e+01
5.880985260009765625e-01,1.727819442749023438e-03
4.704581760432482440e-01,4.066228866577148438e-03
4.269343966085640263e-01,1.597929000854492188e-02
5.061493850614938728e-01,4.251890182495117188e-01
5.013498650134986523e-01,1.213526725769042969e-02
4.422557744225577570e-01,2.046418166160583496e+01
5.880985260009765625e-01,1.648664474487304688e-03
5.068942995662415463e-01,4.039764404296875000e-03
4.962565072227018148e-01,3.956317901611328125e-03
7.712228777122287493e-01,5.160822868347167969e-01
7.648235176482351960e-01,1.208448410034179688e-02
7.285271472852714592e-01,2.132617425918579102e+01
5.880985260009765625e-01,2.605676651000976562e-03
6.330630784656360310e-01,1.228141784667968750e-02
7.983761042498682681e-01,4.022836685180664062e-03
2.168783121687831161e-01,4.509148597717285156e-01
2.118788121187881179e-01,1.262497901916503906e-02
1.873812618738126268e-01,1.921280503273010254e+01
4.119014739990234375e-01,1.451182365417480469e-02
2.947674526998950162e-01,4.262924194335937500e-03
2.385156612779356089e-01,4.013299942016601562e-03
5.971402859714028954e-01,4.799578189849853516e-01
6.206379362063794147e-01,1.255226135253906250e-02
7.781221877812218857e-01,2.079800701141357422e+01
2.517223358154296875e-01,1.055288314819335938e-02
5.772070585427180323e-01,4.210472106933593750e-03
6.458836847223206057e-01,1.202845573425292969e-02
8.447155284471552505e-01,4.128479957580566406e-01
8.497150284971503043e-01,2.854108810424804688e-02
7.847215278472152722e-01,2.033875226974487305e+01
8.684120178222656250e-01,1.690626144409179688e-03
8.501002792362255533e-01,4.085063934326171875e-03
8.568791818929879511e-01,7.986307144165039062e-03
3.851614838516148609e-01,5.734345912933349609e-01
3.981601839816018562e-01,2.006459236145019531e-02
4.451554844515548393e-01,2.008854889869689941e+01
5.880985260009765625e-01,1.460647583007812500e-02
3.404402065248589571e-01,4.277706146240234375e-03
3.845122472563719529e-01,4.026889801025390625e-03
1.803819618038196293e-01,5.983128547668457031e-01
1.881811818818118209e-01,2.859783172607421875e-02
1.670832916708329119e-01,1.984214329719543457e+01
4.119014739990234375e-01,1.678943634033203125e-03
3.352828146259528852e-01,1.212120056152343750e-02
1.769967776809283078e-01,4.009723663330078125e-03
7.147285271472852974e-01,5.975589752197265625e-01
7.175282471752825186e-01,2.016925811767578125e-02
8.029197080291970989e-01,2.111259913444519043e+01
4.119014739990234375e-01,1.707077026367187500e-03
6.516936572986107290e-01,1.207280158996582031e-02
6.566988569703422485e-01,4.006624221801757812e-03
6.299370062993700850e-03,5.858836174011230469e-01
5.899410058994100300e-03,2.004694938659667969e-02
1.309869013098690152e-02,1.941492486000061035e+01
5.765914916992187500e-02,1.640319824218750000e-03
2.255805109440111103e-02,4.045963287353515625e-03
9.963170979681381517e-03,3.988265991210937500e-03
6.599340065993400950e-01,4.684202671051025391e-01
6.656334366563343430e-01,2.004742622375488281e-02
7.160283971602839914e-01,2.046964311599731445e+01
2.517223358154296875e-01,2.496004104614257812e-03
6.156562830667942077e-01,1.225233078002929688e-02
6.939745809618734773e-01,4.041194915771484375e-03
3.425657434256574319e-01,4.333498477935791016e-01
3.589641035896410370e-01,2.055549621582031250e-02
3.430656934306569594e-01,1.908077907562255859e+01
2.517223358154296875e-01,1.742839813232421875e-03
2.957843859340644199e-01,4.053592681884765625e-03
2.553690825793992203e-01,3.988981246948242188e-03
8.031196880311969322e-01,3.581480979919433594e-01
7.921207879212078806e-01,1.217150688171386719e-02
8.471152884711529163e-01,2.114440822601318359e+01
9.423408508300781250e-01,1.743555068969726562e-03
7.841935319643071889e-01,1.209378242492675781e-02
8.277352637877948283e-01,3.990411758422851562e-03
1.107889211078892100e-01,5.455775260925292969e-01
1.112888711128887098e-01,2.787184715270996094e-02
9.519048095190481285e-02,1.969808888435363770e+01
4.119014739990234375e-01,1.718282699584960938e-03
1.170566407587860236e-01,4.065752029418945312e-03
8.530406231427567487e-02,3.975391387939453125e-03
5.756424357564243754e-01,4.974851608276367188e-01
5.908409159084091478e-01,1.211762428283691406e-02
5.682431756824317670e-01,1.657628393173217773e+01
4.119014739990234375e-01,1.726627349853515625e-03
5.324436282437741141e-01,4.074096679687500000e-03
6.146668882164006975e-01,3.991603851318359375e-03
8.083191680831917081e-01,4.600217342376708984e-01
8.092190780921907356e-01,1.207733154296875000e-02
8.568143185681431628e-01,2.123690724372863770e+01
7.482776641845703125e-01,2.535820007324218750e-03
7.882003636322423290e-01,4.198074340820312500e-03
7.901075247389508505e-01,3.978013992309570312e-03
8.685131486851315197e-01,4.447844028472900391e-01
8.763123687631236836e-01,1.253724098205566406e-02
9.453054694530547142e-01,1.937093043327331543e+01
2.517223358154296875e-01,1.648426055908203125e-03
8.033639860183172665e-01,4.026889801025390625e-03
9.056587217338275542e-01,1.098871231079101562e-02
2.803719628037196210e-01,6.512465476989746094e-01
2.721727827217278461e-01,2.002310752868652344e-02
3.947605239476052463e-01,1.911967015266418457e+01
4.119014739990234375e-01,1.716613769531250000e-03
3.606181486625382737e-01,1.199412345886230469e-02
2.684431791769355535e-01,3.993511199951171875e-03
3.520647935206479562e-01,4.680407047271728516e-01
3.536646335366463445e-01,1.211762428283691406e-02
5.118488151184881207e-01,1.950396513938903809e+01
8.684120178222656250e-01,9.664535522460937500e-03
4.018206296539043598e-01,4.057407379150390625e-03
3.167683199485243906e-01,1.201868057250976562e-02
5.248475152484751716e-01,5.045466423034667969e-01
5.101489851014898713e-01,1.211857795715332031e-02
5.058494150584941229e-01,1.988184690475463867e+01
2.517223358154296875e-01,2.555131912231445312e-03
5.740903916719705125e-01,4.258394241333007812e-03
5.349712568090717602e-01,4.016160964965820312e-03
6.409359064093590463e-01,5.480096340179443359e-01
6.571342865713428738e-01,1.257014274597167969e-02
5.490450954904509961e-01,2.125599741935729980e+01
2.517223358154296875e-01,6.544113159179687500e-03
6.112177815916950419e-01,4.084110260009765625e-03
5.632610725131412810e-01,2.003455162048339844e-02
2.753724627537246228e-01,7.366943359375000000e-01
2.815718428157184539e-01,2.011394500732421875e-02
3.356664333566643510e-01,1.980311131477355957e+01
5.880985260009765625e-01,1.642942428588867188e-03
2.837903254392807884e-01,4.039525985717773438e-03
2.250636847312775246e-01,3.985881805419921875e-03
1.121887811218878067e-01,5.172572135925292969e-01
1.250874912508748993e-01,2.802348136901855469e-02
1.694830516948305221e-01,1.972975254058837891e+01
2.517223358154296875e-01,2.522706985473632812e-03
1.113726277776203033e-01,4.227876663208007812e-03
1.420562276856129347e-01,4.012584686279296875e-03
8.928107189281071498e-01,4.824848175048828125e-01
8.978102189781022036e-01,2.850580215454101562e-02
8.210178982101790091e-01,2.106975555419921875e+01
7.482776641845703125e-01,2.610445022583007812e-03
8.986581422915357331e-01,4.260063171386718750e-03
8.705059272651389790e-01,4.008293151855468750e-03
6.070392960703929752e-01,6.030631065368652344e-01
6.061393860613938367e-01,1.260113716125488281e-02
6.448355164483551283e-01,2.079534864425659180e+01
5.880985260009765625e-01,2.502679824829101562e-03
5.792584349594857018e-01,4.194259643554687500e-03
5.698509308364259063e-01,4.059076309204101562e-03
7.119288071192880762e-02,4.438953399658203125e-01
7.879212078792120766e-02,1.255416870117187500e-02
9.149085091490850863e-02,2.013208317756652832e+01
2.069473266601562500e-02,9.591817855834960938e-03
1.627096604237306954e-01,4.040718078613281250e-03
9.193795749040817311e-02,1.199769973754882812e-02
9.135086491350864479e-01,4.669930934906005859e-01
9.207079292070793342e-01,1.205730438232421875e-02
9.297070292970702754e-01,2.067731189727783203e+01
8.684120178222656250e-01,2.600669860839843750e-03
8.801334284267068320e-01,4.260778427124023438e-03
8.795091621042860908e-01,4.034757614135742188e-03
9.199080091990801122e-01,4.690957069396972656e-01
9.227077292270773334e-01,2.059531211853027344e-02
9.528047195280472392e-01,1.856682348251342773e+01
9.793052673339843750e-01,1.719951629638671875e-03
7.811592335191620551e-01,1.208257675170898438e-02
9.491753630530345154e-01,4.003286361694335938e-03
9.480051994800520188e-01,4.703624248504638672e-01
9.492050794920507961e-01,1.210379600524902344e-02
9.504049595040495735e-01,2.019820833206176758e+01
5.880985260009765625e-01,1.732349395751953125e-03
9.074404569930019093e-01,1.206064224243164062e-02
9.649127094437421892e-01,4.004240036010742188e-03
7.310268973102689305e-01,4.933621883392333984e-01
7.138286171382861589e-01,1.212120056152343750e-02
5.641435856414358518e-01,1.975034451484680176e+01
4.119014739990234375e-01,1.723289489746093750e-03
6.313984631345095355e-01,1.608562469482421875e-02
7.129082061062683717e-01,4.004955291748046875e-03
2.420757924207579126e-01,6.177620887756347656e-01
2.559744025597440187e-01,3.214049339294433594e-02
2.522747725227477145e-01,2.125014495849609375e+01
2.069473266601562500e-02,2.495527267456054688e-03
4.086634617824935756e-01,1.623320579528808594e-02
2.437750592475425582e-01,4.033803939819335938e-03
2.688731126887311529e-01,5.484049320220947266e-01
2.826717328267173146e-01,2.453637123107910156e-02
2.913708629137086170e-01,2.103579068183898926e+01
4.119014739990234375e-01,1.649141311645507812e-03
3.539183297656190996e-01,1.205921173095703125e-02
2.364151024606297447e-01,3.957509994506835938e-03
5.405459454054594159e-01,5.318844318389892578e-01
5.530446955304469947e-01,1.218819618225097656e-02
6.177382261773822769e-01,2.037491655349731445e+01
2.517223358154296875e-01,9.619712829589843750e-03
5.319653184713385441e-01,4.064798355102539062e-03
5.336310326958165762e-01,1.200556755065917969e-02
6.319368063193681051e-02,5.274295806884765625e-01
6.769323067693230889e-02,1.220917701721191406e-02
4.459554044595540750e-02,1.992365789413452148e+01
2.012252807617187500e-04,1.650094985961914062e-03
1.254075520700947965e-01,4.039525985717773438e-03
4.639816968021936300e-02,3.999471664428710938e-03
1.739826017398260205e-01,5.413391590118408203e-01
1.859814018598140162e-01,1.205372810363769531e-02
1.542845715428457221e-01,1.968574428558349609e+01
5.765914916992187500e-02,1.722812652587890625e-03
1.875704577996951672e-01,4.057884216308593750e-03
1.166176209364624961e-01,3.970861434936523438e-03
7.168283171682832133e-01,4.691097736358642578e-01
7.071292870712928558e-01,1.214575767517089844e-02
6.653334666533347042e-01,1.993249177932739258e+01
5.880985260009765625e-01,2.622604370117187500e-03
5.545366548821255570e-01,4.263401031494140625e-03
6.982793304741323759e-01,4.029989242553710938e-03
4.786521347865213549e-01,5.508553981781005859e-01
4.968503149685031262e-01,1.256608963012695312e-02
5.657434256574342957e-01,1.998919534683227539e+01
2.517223358154296875e-01,1.657485961914062500e-03
4.900440178872215169e-01,1.206517219543457031e-02
5.341200281608000644e-01,4.015922546386718750e-03
1.842815718428157112e-01,5.188825130462646484e-01
1.894810518948105149e-01,2.010464668273925781e-02
2.185781421857814211e-01,2.032429385185241699e+01
2.069473266601562500e-02,1.730680465698242188e-03
2.601892128257872194e-01,4.076480865478515625e-03
2.328751203344951448e-01,3.991842269897460938e-03
3.888611138886111651e-01,5.697531700134277344e-01
3.731626837316268097e-01,1.213002204895019531e-02
5.456454354564543863e-01,1.902019715309143066e+01
7.482776641845703125e-01,1.807689666748046875e-03
3.982761868540588002e-01,4.113674163818359375e-03
4.254700654177020480e-01,8.285522460937500000e-03
3.232676732326767444e-01,6.023249626159667969e-01
3.127687231276872204e-01,1.329970359802246094e-02
2.802719728027197044e-01,2.102256321907043457e+01
4.119014739990234375e-01,2.509593963623046875e-03
3.738866215503524604e-01,1.621913909912109375e-02
3.263355744272910530e-01,4.040241241455078125e-03
3.869613038696130547e-02,4.539201259613037109e-01
3.579642035796420235e-02,1.281023025512695312e-02
4.989501049895010698e-02,1.849022531509399414e+01
5.765914916992187500e-02,1.776933670043945312e-03
5.518508097191748146e-02,4.099130630493164062e-03
5.226110728971864600e-02,4.015922546386718750e-03
2.383761623837616361e-01,4.734799861907958984e-01
2.317768223177682219e-01,1.226425170898437500e-02
1.898810118988101259e-01,1.885193991661071777e+01
8.684120178222656250e-01,2.622842788696289062e-03
4.853168519939368153e-01,1.627707481384277344e-02
2.321956386290809360e-01,4.049777984619140625e-03
5.032496750324967349e-01,5.264279842376708984e-01
5.205479452054794232e-01,1.261353492736816406e-02
4.775522447755224387e-01,2.006082940101623535e+01
2.517223358154296875e-01,1.737117767333984375e-03
4.765492829482861903e-01,1.208925247192382812e-02
4.511132009161742396e-01,4.002809524536132812e-03
1.652834716528347181e-01,5.561375617980957031e-01
1.844815518448155167e-01,2.010321617126464844e-02
1.828817118288171284e-01,2.072334408760070801e+01
5.908966064453125000e-03,2.581119537353515625e-03
2.555303080880014788e-01,4.236936569213867188e-03
1.900206464560960096e-01,4.063129425048828125e-03
9.220077992200780281e-01,6.373989582061767578e-01
9.186081391860814183e-01,2.052736282348632812e-02
9.269073092690730542e-01,1.993812918663024902e+01
7.482776641845703125e-01,1.649379730224609375e-03
7.711289641784926374e-01,1.206374168395996094e-02
9.242585313617686094e-01,3.963470458984375000e-03
5.177482251774822020e-01,4.755816459655761719e-01
5.239476052394760330e-01,2.002549171447753906e-02
6.554344565543445134e-01,1.873014521598815918e+01
2.517223358154296875e-01,1.676082611083984375e-03
5.079686352279803030e-01,4.051208496093750000e-03
5.174935450869531106e-01,3.988504409790039062e-03
6.849315068493150305e-01,4.301593303680419922e-01
6.938306169383061661e-01,2.002310752868652344e-02
7.073292670732926890e-01,1.891908335685729980e+01
5.880985260009765625e-01,5.177974700927734375e-03
6.778044942540514262e-01,7.119417190551757812e-03
6.950812079529630205e-01,1.622247695922851562e-02
3.715628437156284214e-01,4.314150810241699219e-01
3.653634636536346458e-01,2.472066879272460938e-02
3.633636636336366466e-01,2.184079265594482422e+01
7.482776641845703125e-01,2.576589584350585938e-03
4.117061694708459840e-01,4.261255264282226562e-03
3.526521021186543869e-01,4.020214080810546875e-03
5.542445755424457721e-01,4.614343643188476562e-01
5.520447955204479396e-01,1.261234283447265625e-02
5.957404259574042849e-01,2.038963866233825684e+01
1.315879821777343750e-01,2.480030059814453125e-03
5.211432810861014175e-01,4.201889038085937500e-03
5.221789787183029885e-01,4.011154174804687500e-03
2.660733926607339317e-01,5.403420925140380859e-01
2.759724027597240115e-01,1.253461837768554688e-02
2.363763623637636369e-01,2.180121731758117676e+01
2.517223358154296875e-01,2.620220184326171875e-03
2.983501238728913374e-01,1.227402687072753906e-02
2.364257957258814047e-01,4.029512405395507812e-03
9.735026497350265373e-01,5.097448825836181641e-01
9.737026297370262595e-01,2.057528495788574219e-02
9.723027697230276489e-01,2.138719153404235840e+01
4.119014739990234375e-01,1.649379730224609375e-03
9.524951278203536154e-01,4.041671752929687500e-03
9.780065578043528607e-01,1.197075843811035156e-02
7.113288671132886876e-01,7.047569751739501953e-01
6.966303369663033873e-01,2.414083480834960938e-02
7.015298470152985244e-01,2.080850362777709961e+01
5.880985260009765625e-01,1.445460319519042969e-02
6.120605269773384816e-01,4.226207733154296875e-03
7.592085705938695916e-01,4.015922546386718750e-03
4.472552744725527551e-01,6.770315170288085938e-01
4.663533646635336649e-01,1.285719871520996094e-02
4.674532546745325257e-01,1.898172068595886230e+01
1.315879821777343750e-01,1.744031906127929688e-03
4.579023278239627848e-01,4.088401794433593750e-03
3.943670101348614176e-01,1.195836067199707031e-02
3.502649735026497346e-01,5.499103069305419922e-01
3.534646535346465113e-01,2.808618545532226562e-02
3.386661333866613499e-01,2.007107305526733398e+01
4.119014739990234375e-01,1.643419265747070312e-03
4.750453356151521089e-01,4.034996032714843750e-03
3.981434759290647385e-01,3.981351852416992188e-03
4.747525247475252730e-01,4.455912113189697266e-01
4.764523547645235224e-01,2.412438392639160156e-02
6.431356864313568789e-01,1.974069666862487793e+01
4.119014739990234375e-01,1.657485961914062500e-03
4.903443295840423932e-01,1.205372810363769531e-02
4.321598636505402657e-01,3.992795944213867188e-03
2.880711928807119238e-01,5.641915798187255859e-01
2.973702629737026149e-01,2.010631561279296875e-02
1.892810718928107094e-01,1.987663316726684570e+01
1.315879821777343750e-01,2.596378326416015625e-03
3.181528345013246994e-01,4.264354705810546875e-03
3.416117067470362256e-01,4.041194915771484375e-03
4.100589941005899353e-01,4.782574176788330078e-01
4.014598540145985495e-01,1.265692710876464844e-02
2.989701029897010032e-01,1.998184943199157715e+01
8.684120178222656250e-01,1.726150512695312500e-03
3.672946868048207469e-01,4.095554351806640625e-03
3.410553222795941197e-01,4.026651382446289062e-03
3.918608139186081640e-01,4.067990779876708984e-01
3.876612338766123322e-01,1.213121414184570312e-02
3.311668833116688249e-01,1.994000577926635742e+01
7.482776641845703125e-01,1.362299919128417969e-02
4.149934327868216033e-01,4.054307937622070312e-03
4.396213741149896936e-01,4.014015197753906250e-03
4.182581741825817656e-01,4.419882297515869141e-01
4.177582241775822380e-01,1.210427284240722656e-02
3.065693430656934448e-01,1.979364490509033203e+01
9.423408508300781250e-01,1.730203628540039062e-03
4.921008499865844876e-01,4.034996032714843750e-03
4.289147086827940214e-01,1.198530197143554688e-02
3.527647235276472615e-01,5.219984054565429688e-01
3.644635536446355628e-01,1.210856437683105469e-02
4.210578942105789313e-01,2.052617192268371582e+01
8.684120178222656250e-01,9.623289108276367188e-03
4.388270617320181866e-01,4.051446914672851562e-03
3.528544306515322138e-01,1.198768615722656250e-02
2.079792020797920082e-01,5.562369823455810547e-01
2.122787721227877289e-01,1.206135749816894531e-02
2.325767423257674160e-01,2.073858094215393066e+01
2.517223358154296875e-01,2.571582794189453125e-03
1.887372487617372530e-01,1.224756240844726562e-02
2.007114493115224052e-01,4.019260406494140625e-03
5.060493950604939561e-01,5.933985710144042969e-01
5.084491550844915109e-01,2.703404426574707031e-02
4.257574242575742351e-01,2.048521542549133301e+01
2.517223358154296875e-01,1.737117767333984375e-03
4.959304116658154182e-01,4.065990447998046875e-03
4.477075684410686818e-01,3.985404968261718750e-03
8.333166683331666436e-01,4.536938667297363281e-01
8.320167983201679496e-01,2.008032798767089844e-02
8.189181081891810932e-01,2.168302917480468750e+01
8.684120178222656250e-01,1.667976379394531250e-03
5.241971892126129351e-01,1.203727722167968750e-02
8.686888601163382795e-01,3.974914550781250000e-03
9.040095990400960346e-01,6.865360736846923828e-01
9.097090290970902826e-01,1.206302642822265625e-02
9.112088791120888098e-01,2.004559707641601562e+01
9.940910339355468750e-01,1.675128936767578125e-03
5.340465416781339236e-01,4.028320312500000000e-03
9.181150699231259704e-01,4.015922546386718750e-03
2.018798120187981215e-01,4.493665695190429688e-01
2.139786021397860338e-01,1.208257675170898438e-02
1.937806219378062078e-01,2.257618403434753418e+01
2.069473266601562500e-02,2.697467803955078125e-03
2.605111845491061562e-01,4.257440567016601562e-03
2.279255269174706444e-01,1.602220535278320312e-02
6.350364963503649651e-01,4.500975608825683594e-01
6.072392760723928085e-01,2.055215835571289062e-02
6.318368163183681885e-01,1.930695676803588867e+01
5.880985260009765625e-01,1.723051071166992188e-03
5.508299179763582742e-01,4.100084304809570312e-03
5.990834313310783310e-01,1.203083992004394531e-02
2.771722827717228443e-01,3.986053466796875000e-01
2.792720727927207047e-01,1.213431358337402344e-02
2.932706729327067552e-01,1.898354268074035645e+01
7.482776641845703125e-01,1.728296279907226562e-03
3.498415382780568628e-01,4.069089889526367188e-03
2.159364335644750610e-01,3.998994827270507812e-03
7.911208879112088255e-01,4.997606277465820312e-01
7.911208879112088255e-01,1.215553283691406250e-02
8.220177982201779532e-01,2.175255393981933594e+01
2.517223358154296875e-01,2.546072006225585938e-03
8.267734887136759525e-01,4.240751266479492188e-03
8.476707135646508462e-01,4.015445709228515625e-03
7.608239176082391975e-01,3.521978855133056641e-01
7.782221777822218023e-01,1.279997825622558594e-02
6.780321967803220051e-01,1.992338705062866211e+01
1.315879821777343750e-01,2.523899078369140625e-03
6.817637947199610693e-01,1.221179962158203125e-02
7.752912034842240896e-01,4.020690917968750000e-03
8.077192280771923194e-01,5.449798107147216797e-01
7.880211978802119654e-01,2.053427696228027344e-02
8.369163083691630867e-01,2.072543191909790039e+01
7.482776641845703125e-01,2.632617950439453125e-03
7.370710488450989972e-01,4.263162612915039062e-03
7.701885353508748366e-01,4.034042358398437500e-03
8.269173082691730348e-02,3.476564884185791016e-01
8.779122087791220441e-02,1.262021064758300781e-02
7.909209079092090200e-02,1.965124630928039551e+01
5.908966064453125000e-03,9.764671325683593750e-03
9.521562060786581405e-02,4.105091094970703125e-03
6.202202418444398985e-02,3.997802734375000000e-03
4.212578742125787645e-01,5.381228923797607422e-01
4.162583741625837663e-01,1.215672492980957031e-02
3.782621737826217245e-01,1.938134574890136719e+01
5.880985260009765625e-01,2.590894699096679688e-03
4.767354242531608444e-01,4.271745681762695312e-03
3.912811925376250555e-01,4.011869430541992188e-03
1.618838116188381082e-01,5.114836692810058594e-01
1.686831316868313280e-01,2.453231811523437500e-02
1.443855614438556145e-01,2.126557970046997070e+01
2.069473266601562500e-02,1.757621765136718750e-03
2.383648924339582531e-01,1.207113265991210938e-02
1.669116496430941843e-01,4.007816314697265625e-03
8.559144085591441353e-01,4.874377250671386719e-01
8.595140485951404674e-01,2.808856964111328125e-02
8.143185681431857059e-01,2.038437891006469727e+01
5.880985260009765625e-01,1.658678054809570312e-03
7.502766187540206300e-01,1.210403442382812500e-02
8.463724581183998952e-01,3.999471664428710938e-03
5.609439056094390752e-01,4.601240158081054688e-01
5.745425457454254037e-01,1.207208633422851562e-02
5.520447955204479396e-01,1.970564508438110352e+01
1.315879821777343750e-01,1.642704010009765625e-03
5.638738539048462339e-01,1.196455955505371094e-02
5.559611866068898678e-01,3.952264785766601562e-03
4.304569543045695390e-01,4.552187919616699219e-01
4.377562243775622308e-01,2.785992622375488281e-02
3.338666133386661294e-01,2.091917514801025391e+01
1.315879821777343750e-01,1.712083816528320312e-03
4.839443614976113306e-01,1.199197769165039062e-02
4.263190286786606720e-01,3.972291946411132812e-03
9.332066793320668019e-01,4.870386123657226562e-01
9.325067493250674966e-01,1.211142539978027344e-02
9.208079192080791398e-01,1.889788818359375000e+01
9.423408508300781250e-01,2.542018890380859375e-03
8.104114100032862034e-01,4.210710525512695312e-03
9.733111461185079971e-01,4.008054733276367188e-03
2.537746225377462417e-01,4.823310375213623047e-01
2.823717628237176203e-01,1.257538795471191406e-02
3.247675232476752161e-01,2.119001221656799316e+01
2.069473266601562500e-02,1.635313034057617188e-03
2.685212213716489660e-01,4.062891006469726562e-03
2.699774349422574549e-01,3.992319107055664062e-03
9.442055794420557424e-01,4.489214420318603516e-01
9.435056494350565481e-01,1.208758354187011719e-02
9.899010098990100870e-01,2.111918592453002930e+01
5.880985260009765625e-01,1.732110977172851562e-03
9.221437679295505507e-01,4.094362258911132812e-03
9.679185251372720566e-01,1.204538345336914062e-02
8.428157184281571679e-01,7.045462131500244141e-01
8.371162883711629199e-01,2.010583877563476562e-02
8.741125887411258510e-01,1.973505353927612305e+01
4.119014739990234375e-01,1.647472381591796875e-03
7.774412121157798783e-01,4.064083099365234375e-03
8.223449543837035858e-01,3.999710083007812500e-03
4.879512048795120460e-02,5.582702159881591797e-01
5.139486051394860644e-02,2.011561393737792969e-02
5.289471052894710590e-02,2.007205939292907715e+01
5.765914916992187500e-02,2.517700195312500000e-03
6.524902778131222436e-02,4.181146621704101562e-03
1.783678655659582182e-02,4.013299942016601562e-03
2.889711028897110068e-01,5.405948162078857422e-01
2.855714428557144524e-01,1.254272460937500000e-02
5.041495850414958735e-01,2.211671781539916992e+01
2.517223358154296875e-01,1.725912094116210938e-03
3.920987139597792437e-01,4.073619842529296875e-03
2.393335478822235518e-01,4.027128219604492188e-03
9.875012498750125323e-01,5.553977489471435547e-01
9.856014398560144496e-01,2.793765068054199219e-02
9.999000099990000834e-01,2.010483193397521973e+01
9.987115859985351562e-01,1.666307449340820312e-03
8.451715703992317419e-01,4.032135009765625000e-03
9.900385016170047958e-01,3.974437713623046875e-03
3.149685031496850252e-02,5.675017833709716797e-01
2.799720027997200378e-02,2.811551094055175781e-02
1.787821217878212132e-01,2.052787017822265625e+01
4.119014739990234375e-01,1.714706420898437500e-03
2.964491059159633096e-02,1.208353042602539062e-02
2.745065854701707331e-02,3.980398178100585938e-03
5.249475052494750188e-02,5.527510643005371094e-01
5.869413058694130519e-02,1.209735870361328125e-02
1.131886811318868064e-01,2.021878600120544434e+01
2.069473266601562500e-02,2.606868743896484375e-03
4.873352894633118521e-02,4.230022430419921875e-03
7.534756396073999385e-02,4.025936126708984375e-03
1.839816018398160100e-02,3.457636833190917969e-01
2.049795020497950301e-02,1.258230209350585938e-02
6.189381061893810959e-02,1.888820362091064453e+01
1.315879821777343750e-01,1.763582229614257812e-03
3.992874400208303032e-02,1.209425926208496094e-02
5.478452054942227825e-03,3.986120223999023438e-03
1.899810018998100147e-01,5.089757442474365234e-01
1.913808619138086253e-01,2.011489868164062500e-02
6.449355064493550449e-02,2.018748688697814941e+01
4.119014739990234375e-01,1.743078231811523438e-03
2.008107191259491109e-01,4.073381423950195312e-03
1.890687705948910780e-01,4.009008407592773438e-03
6.795320467953204213e-01,4.685943126678466797e-01
6.607339266073393169e-01,2.406144142150878906e-02
6.311368863113688832e-01,1.863844299316406250e+01
9.793052673339843750e-01,1.738309860229492188e-03
6.225261445611520728e-01,4.100799560546875000e-03
5.847561699884200603e-01,3.994464874267578125e-03
3.683631636836316448e-01,3.482007980346679688e-01
3.766623337666233362e-01,1.212453842163085938e-02
6.558344165583441798e-01,1.915172576904296875e+01
4.119014739990234375e-01,2.487659454345703125e-03
3.599301919492030044e-01,4.191875457763671875e-03
3.884941955004994063e-01,4.009246826171875000e-03
3.199680031996800234e-02,5.418021678924560547e-01
3.239676032396760635e-02,1.250696182250976562e-02
6.039396060393960319e-02,1.985777521133422852e+01
2.517223358154296875e-01,1.839637756347656250e-03
2.297628392929098595e-01,4.100799560546875000e-03
2.945490363095266614e-02,3.984451293945312500e-03
7.661233876612338900e-01,5.201983451843261719e-01
7.683231676832317225e-01,1.208639144897460938e-02
5.920407959204079251e-01,2.057169222831726074e+01
5.880985260009765625e-01,1.662492752075195312e-03
7.066516419075055122e-01,4.067420959472656250e-03
8.363468918159375765e-01,4.011154174804687500e-03
1.168883111688831106e-01,3.508043289184570312e-01
1.315868413158684247e-01,1.207947731018066406e-02
6.959304069593040543e-02,1.990813350677490234e+01
2.069473266601562500e-02,1.062798500061035156e-02
3.835680616824791445e-01,4.229307174682617188e-03
1.491772606252037003e-01,1.203680038452148438e-02
6.708329167083291189e-01,5.376958847045898438e-01
6.736326367363263401e-01,1.260924339294433594e-02
6.065393460653935032e-01,1.929396247863769531e+01
9.423408508300781250e-01,2.513885498046875000e-03
6.728272301154554214e-01,4.226207733154296875e-03
6.694308551630795412e-01,4.052639007568359375e-03
6.466353364663534053e-01,4.694347381591796875e-01
6.616338366163383444e-01,2.059674263000488281e-02
4.981501849815018756e-01,1.973198390007019043e+01
9.423408508300781250e-01,2.582788467407226562e-03
6.096628372085413083e-01,4.247665405273437500e-03
6.904199646538304869e-01,4.015922546386718750e-03
1.984801519848015117e-01,4.483726024627685547e-01
2.059794020597940090e-01,2.060270309448242188e-02
1.216878312168783172e-01,1.813204932212829590e+01
4.119014739990234375e-01,2.531766891479492188e-03
2.361273650492264342e-01,4.210948944091796875e-03
2.171077290977860286e-01,4.024744033813476562e-03
5.079492050794920388e-01,5.502104759216308594e-01
5.071492850714928169e-01,2.055621147155761719e-02
3.818618138186181121e-01,1.942515969276428223e+01
8.684120178222656250e-01,1.730918884277343750e-03
5.186811736895448055e-01,4.074096679687500000e-03
4.750181988830795565e-01,4.017591476440429688e-03
8.384161583841616139e-01,3.933954238891601562e-01
8.358164183581642259e-01,2.411580085754394531e-02
4.500549945005499208e-01,2.013257408142089844e+01
5.880985260009765625e-01,2.550601959228515625e-03
7.026723352581555337e-01,1.217508316040039062e-02
8.532621822543851042e-01,4.017114639282226562e-03
9.389061093890610499e-02,5.545747280120849609e-01
8.949105089491050935e-02,2.057814598083496094e-02
7.389261073892611220e-02,2.049544787406921387e+01
5.880985260009765625e-01,1.650094985961914062e-03
1.454052743530440117e-01,4.050731658935546875e-03
4.694194623579264064e-02,3.994703292846679688e-03
8.205179482051795370e-01,5.014572143554687500e-01
8.052194780521947370e-01,2.803468704223632812e-02
5.181481851814818684e-01,1.866609430313110352e+01
9.423408508300781250e-01,1.741170883178710938e-03
7.611545533923174123e-01,4.079103469848632812e-03
8.543905455298492768e-01,3.976106643676757812e-03
6.199380061993801094e-01,4.764332771301269531e-01
6.180381961803819157e-01,2.814507484436035156e-02
3.336666333366663517e-01,1.992287397384643555e+01
5.880985260009765625e-01,1.730442047119140625e-03
6.117254436489522051e-01,4.093647003173828125e-03
6.423224931019675399e-01,4.023790359497070312e-03
3.021697830216978353e-01,3.502166271209716797e-01
3.172682731726827465e-01,1.210331916809082031e-02
2.895710428957104510e-01,1.891369056701660156e+01
4.119014739990234375e-01,2.616167068481445312e-03
4.753716518100951638e-01,4.257202148437500000e-03
3.408442085703281554e-01,4.040956497192382812e-03
7.732226777322267486e-01,4.409859180450439453e-01
7.763223677632237196e-01,1.258492469787597656e-02
8.562143785621437742e-01,2.010292530059814453e+01
8.684120178222656250e-01,1.669406890869140625e-03
6.509499266522037475e-01,4.083395004272460938e-03
7.878122101921847253e-01,1.188945770263671875e-02
2.423757624237576347e-01,6.316845417022705078e-01
2.475752424757524384e-01,2.415823936462402344e-02
1.654834516548345236e-01,1.977639651298522949e+01
4.119014739990234375e-01,1.656770706176757812e-03
4.668114212520693140e-01,4.036188125610351562e-03
2.308240619128655857e-01,4.024744033813476562e-03
3.833616638336166393e-01,4.892992973327636719e-01
3.950604939506049407e-01,2.798557281494140625e-02
2.343765623437656098e-01,2.114670515060424805e+01
2.517223358154296875e-01,1.614809036254882812e-03
3.960612730546589910e-01,4.067659378051757812e-03
3.999443616368236198e-01,7.963895797729492188e-03
9.689031096890311501e-01,5.149290561676025391e-01
9.709029097090291494e-01,2.795290946960449219e-02
8.086191380861913469e-01,2.072478389739990234e+01
9.423408508300781250e-01,1.736879348754882812e-03
9.257972729498136211e-01,1.204133033752441406e-02
9.459232511067086069e-01,4.003763198852539062e-03
9.762023797620238419e-01,5.275595188140869141e-01
9.746025397460253981e-01,1.600956916809082031e-02
9.961003899610039181e-01,2.055815243721008301e+01
7.482776641845703125e-01,2.640247344970703125e-03
9.931246635054021832e-01,1.227164268493652344e-02
9.862238423160413214e-01,4.004001617431640625e-03
8.705129487051295190e-01,5.168693065643310547e-01
8.657134286571342985e-01,1.260495185852050781e-02
6.989301069893010254e-01,2.018838334083557129e+01
7.482776641845703125e-01,6.621122360229492188e-03
8.540392959927645133e-01,4.053115844726562500e-03
8.879628115242437225e-01,3.982305526733398438e-03
4.083591640835916303e-01,4.520952701568603516e-01
4.012598740125987162e-01,1.211142539978027344e-02
2.079792020797920082e-01,2.097744917869567871e+01
1.315879821777343750e-01,2.576112747192382812e-03
4.552141970706066187e-01,1.224637031555175781e-02
4.434500529658070844e-01,4.019737243652343750e-03
1.804819518048195182e-01,4.541976451873779297e-01
1.878812118788121266e-01,1.259613037109375000e-02
2.325767423257674160e-01,1.824591255187988281e+01
4.119014739990234375e-01,2.503871917724609375e-03
1.895639130349072721e-01,4.224061965942382812e-03
1.115657195048391226e-01,4.025459289550781250e-03
6.377362263773622697e-01,3.965075016021728516e-01
6.434356564343565177e-01,2.058029174804687500e-02
4.625537446255374441e-01,2.077110838890075684e+01
8.684120178222656250e-01,1.660346984863281250e-03
6.657560481292255083e-01,4.045724868774414062e-03
6.003732173631847191e-01,3.990888595581054688e-03
9.928007199280072248e-01,5.076189041137695312e-01
9.917008299170082530e-01,2.808403968811035156e-02
9.970002999700029456e-01,2.048936772346496582e+01
9.793052673339843750e-01,2.611875534057617188e-03
9.898748388130106379e-01,4.258871078491210938e-03
9.966677545253206372e-01,4.024982452392578125e-03
3.235676432356764387e-01,5.297527313232421875e-01
3.414658534146585156e-01,2.061820030212402344e-02
2.097790220977902298e-01,2.015579319000244141e+01
2.517223358154296875e-01,1.706361770629882812e-03
3.625908554444634557e-01,4.078388214111328125e-03
3.287017861106025229e-01,3.982067108154296875e-03
4.861513848615138245e-01,5.111742019653320312e-01
4.791520847915208270e-01,1.209712028503417969e-02
2.099790020997900075e-01,1.947616744041442871e+01
9.423408508300781250e-01,2.523660659790039062e-03
4.472655830736796401e-01,4.195928573608398438e-03
5.064984316607381576e-01,4.021644592285156250e-03
3.529647035296470392e-01,4.140908718109130859e-01
3.528647135286471226e-01,1.256704330444335938e-02
2.516748325167483258e-01,1.880842494964599609e+01
4.119014739990234375e-01,1.732587814331054688e-03
3.872052841141772617e-01,4.092454910278320312e-03
3.363144370536161887e-01,1.199626922607421875e-02
6.977302269773022481e-01,4.120469093322753906e-01
7.087291270872912996e-01,1.215744018554687500e-02
7.621237876212378914e-01,1.785762000083923340e+01
5.880985260009765625e-01,1.728057861328125000e-03
5.649297231505054917e-01,4.059076309204101562e-03
7.085338504118987579e-01,3.968238830566406250e-03
7.499250074992500764e-03,4.012548923492431641e-01
5.999400059994000438e-03,1.214027404785156250e-02
9.469053094690531303e-02,1.959886479377746582e+01
2.517223358154296875e-01,1.753568649291992188e-03
2.004452109718017627e-02,4.054069519042968750e-03
7.873728544655178574e-03,4.013776779174804688e-03
5.329467053294670853e-01,4.638879299163818359e-01
5.039496050394960402e-01,1.210379600524902344e-02
4.401559844015598411e-01,2.004693651199340820e+01
9.793052673339843750e-01,1.021456718444824219e-02
5.063435193250900301e-01,4.270076751708984375e-03
5.836963065572232656e-01,4.025936126708984375e-03
1.841815818418158224e-01,6.524300575256347656e-01
1.925807419258074304e-01,1.258540153503417969e-02
1.547845215478452219e-01,2.093235516548156738e+01
5.765914916992187500e-02,1.721620559692382812e-03
1.960520812356134623e-01,1.206946372985839844e-02
1.544121851918248134e-01,4.014730453491210938e-03
8.328167183281671715e-01,4.675347805023193359e-01
8.323167683231676994e-01,1.211857795715332031e-02
9.152084791520848084e-01,2.040486979484558105e+01
8.684120178222656250e-01,1.678228378295898438e-03
7.651613134623918011e-01,4.043579101562500000e-03
8.245086016116441874e-01,3.994226455688476562e-03
4.580541945805419735e-01,3.469183444976806641e-01
4.440555944405559230e-01,1.213288307189941406e-02
5.173482651734826465e-01,1.986190533638000488e+01
7.482776641845703125e-01,1.721620559692382812e-03
4.711446218793070573e-01,1.205277442932128906e-02
4.542417591014469291e-01,4.017829895019531250e-03
7.776222377762224136e-01,5.212323665618896484e-01
7.807219278072192736e-01,2.005338668823242188e-02
7.779222077792220524e-01,1.977125716209411621e+01
5.880985260009765625e-01,2.530574798583984375e-03
7.068634743455636249e-01,4.212379455566406250e-03
7.327805028826234190e-01,4.015684127807617188e-03
9.755024497550245366e-01,3.478028774261474609e-01
9.718028197180281769e-01,1.255059242248535156e-02
9.245075492450754995e-01,1.923738789558410645e+01
8.684120178222656250e-01,1.662731170654296875e-03
9.247294092501042728e-01,4.034996032714843750e-03
9.850339840899557942e-01,3.998041152954101562e-03
6.909309069093090283e-01,6.688385009765625000e-01
6.889311068893110290e-01,2.004623413085937500e-02
5.640435956404359352e-01,2.103654956817626953e+01
5.880985260009765625e-01,1.748323440551757812e-03
6.062020260211855582e-01,4.080533981323242188e-03
7.138723663276158593e-01,4.031419754028320312e-03
2.174782521747825326e-01,4.805686473846435547e-01
2.289771022897710284e-01,1.212525367736816406e-02
1.017898210178982132e-01,2.124056482315063477e+01
4.119014739990234375e-01,1.699447631835937500e-03
3.124595818701439986e-01,4.054546356201171875e-03
2.023373069979463312e-01,4.019021987915039062e-03
8.408159184081591686e-01,4.253385066986083984e-01
8.481151884811518604e-01,2.810239791870117188e-02
7.167283271672832967e-01,2.057830834388732910e+01
8.684120178222656250e-01,9.811878204345703125e-03
7.890111217140632904e-01,4.096508026123046875e-03
7.796490695971035612e-01,1.484465599060058594e-02
2.899710028997100064e-01,7.143106460571289062e-01
2.904709529047095340e-01,2.530527114868164062e-02
1.856814318568143218e-01,1.915715003013610840e+01
4.119014739990234375e-01,2.556085586547851562e-03
2.805061149399078468e-01,4.260063171386718750e-03
2.531427749130765736e-01,1.198077201843261719e-02
9.519048095190481007e-01,4.599666595458984375e-01
9.481051894810519354e-01,2.053785324096679688e-02
9.924007599240075583e-01,2.029155850410461426e+01
9.423408508300781250e-01,1.682281494140625000e-03
8.851007554553907974e-01,4.037618637084960938e-03
9.748148626561766728e-01,3.998517990112304688e-03
2.410758924107589130e-01,4.774081707000732422e-01
2.397760223977602190e-01,1.210427284240722656e-02
2.666733326667333204e-01,1.990599274635314941e+01
5.765914916992187500e-02,2.480268478393554688e-03
2.501885300913507248e-01,4.224538803100585938e-03
2.419635800175944929e-01,4.013299942016601562e-03
1.299870012998700086e-01,4.614870548248291016e-01
1.387861213878612276e-01,1.250672340393066406e-02
1.665833416658334121e-01,2.064679265022277832e+01
2.517223358154296875e-01,1.770734786987304688e-03
1.862167370597396232e-01,4.096746444702148438e-03
9.004936547088226995e-02,1.198410987854003906e-02
6.867313268673133075e-01,4.458138942718505859e-01
6.848315168483151139e-01,1.216721534729003906e-02
7.341265873412659015e-01,2.065764760971069336e+01
9.793052673339843750e-01,2.623558044433593750e-03
6.403178461842513602e-01,4.243135452270507812e-03
6.993044536231103336e-01,4.027366638183593750e-03
4.703529647035296635e-01,4.270639419555664062e-01
4.905509449055094340e-01,1.262998580932617188e-02
5.500449955004499403e-01,2.042616820335388184e+01
5.880985260009765625e-01,1.652956008911132812e-03
4.370343296069982841e-01,4.080533981323242188e-03
4.750939450344382475e-01,4.014253616333007812e-03
3.521647835216478173e-01,3.488435745239257812e-01
3.605639436056394254e-01,1.207137107849121094e-02
2.808719128087191486e-01,1.940119814872741699e+01
4.119014739990234375e-01,1.712560653686523438e-03
4.531309832971179286e-01,4.060506820678710938e-03
3.195192678779075202e-01,4.005908966064453125e-03
9.155084491550844472e-01,4.890775680541992188e-01
9.075092490750924501e-01,2.812004089355468750e-02
8.688131186881311585e-01,2.003117060661315918e+01
7.482776641845703125e-01,1.659631729125976562e-03
7.284869680179384410e-01,1.207828521728515625e-02
8.787279062929240769e-01,4.000425338745117188e-03
9.509049095090490455e-01,6.053681373596191406e-01
9.503049695030496569e-01,1.207351684570312500e-02
9.333066693330667185e-01,1.988449692726135254e+01
9.940910339355468750e-01,2.526521682739257812e-03
8.222568066456714675e-01,4.234552383422851562e-03
9.312808552408184948e-01,4.038095474243164062e-03
1.200879912008799150e-01,4.605915546417236328e-01
1.219878012198780115e-01,2.055788040161132812e-02
5.229477052294770334e-02,1.746755838394165039e+01
5.880985260009765625e-01,1.740455627441406250e-03
1.185944660962169328e-01,4.076242446899414062e-03
9.724610643477371585e-02,4.003286361694335938e-03
6.719328067193280907e-02,3.462989330291748047e-01
6.689331066893310085e-02,1.210236549377441406e-02
3.789621037896210437e-02,1.835135078430175781e+01
2.517223358154296875e-01,1.647710800170898438e-03
1.798296738862050215e-01,4.069566726684570312e-03
6.437369908905654636e-02,1.202821731567382812e-02
2.477752224777522161e-01,5.090401172637939453e-01
2.590740925907409342e-01,2.007722854614257812e-02
3.731626837316268097e-01,2.093005847930908203e+01
2.517223358154296875e-01,1.619815826416015625e-03
3.103240801221286427e-01,4.003524780273437500e-03
2.444547924271304740e-01,3.980875015258789062e-03
8.568143185681431628e-01,4.292988777160644531e-01
8.418158184181582238e-01,2.811741828918457031e-02
8.173182681731826493e-01,1.976696634292602539e+01
9.423408508300781250e-01,2.587080001831054688e-03
7.931918381303879606e-01,1.226758956909179688e-02
8.813969857604624369e-01,4.043817520141601562e-03
9.462053794620537417e-01,3.883967399597167969e-01
9.463053694630536583e-01,1.256537437438964844e-02
9.721027897210279267e-01,1.751270294189453125e+01
9.423408508300781250e-01,9.506225585937500000e-03
9.081420529530940255e-01,4.015207290649414062e-03
9.561386033603811452e-01,1.201438903808593750e-02
8.359164083591640315e-01,4.808447360992431641e-01
8.405159484051595298e-01,1.208806037902832031e-02
8.484151584841516103e-01,1.873582696914672852e+01
5.880985260009765625e-01,1.619100570678710938e-03
8.407363227705002551e-01,4.057407379150390625e-03
8.342003657918410919e-01,1.186752319335937500e-02
5.973402659734026177e-01,4.862203598022460938e-01
6.198380161983801928e-01,2.006077766418457031e-02
7.340265973402659849e-01,2.078332901000976562e+01
2.517223358154296875e-01,1.719236373901367188e-03
6.073810498310373562e-01,4.054069519042968750e-03
6.142629947695269488e-01,4.002094268798828125e-03
8.694130586941305472e-01,5.420246124267578125e-01
8.598140185981402173e-01,1.208472251892089844e-02
8.676132386761323811e-01,2.076306939125061035e+01
7.482776641845703125e-01,1.624822616577148438e-03
8.389995383204547075e-01,4.024028778076171875e-03
8.876922002837216441e-01,3.972053527832031250e-03
9.680031996800320115e-01,4.483320713043212891e-01
9.638036196380361798e-01,2.791833877563476562e-02
9.254074592540746380e-01,2.010964632034301758e+01
9.940910339355468750e-01,1.049828529357910156e-02
9.544446458781604692e-01,4.207611083984375000e-03
9.766197926464388335e-01,4.013061523437500000e-03
1.319868013198680079e-01,7.089323997497558594e-01
1.405859414058594214e-01,2.855300903320312500e-02
1.851814818518148220e-01,2.031967067718505859e+01
7.482776641845703125e-01,1.751661300659179688e-03
1.614930821035271968e-01,4.107236862182617188e-03
1.101066141080920824e-01,3.991127014160156250e-03
2.034796520347965099e-01,4.886274337768554688e-01
2.032796720327967321e-01,2.011895179748535156e-02
3.091690830916908328e-01,1.825914192199707031e+01
5.880985260009765625e-01,1.702785491943359375e-03
1.759112464774877926e-01,4.033803939819335938e-03
2.305967478260810277e-01,3.976345062255859375e-03
2.229777022297770306e-01,4.694631099700927734e-01
2.355764423557644149e-01,2.007818222045898438e-02
4.780521947805219662e-01,1.970871210098266602e+01
4.119014739990234375e-01,1.733541488647460938e-03
2.112682783865846292e-01,1.209473609924316406e-02
2.152061938593165524e-01,4.010677337646484375e-03
7.782221777822218023e-01,6.315884590148925781e-01
7.791220877912208298e-01,3.598761558532714844e-02
6.317368263173682719e-01,1.645922374725341797e+01
7.482776641845703125e-01,2.613544464111328125e-03
7.317320615451676780e-01,1.224851608276367188e-02
8.048736200681838593e-01,4.038333892822265625e-03
8.363163683631636980e-01,6.428241729736328125e-01
8.408159184081591686e-01,2.906203269958496094e-02
8.693130686931307416e-01,1.880434608459472656e+01
7.482776641845703125e-01,4.719495773315429688e-03
8.162504511699386622e-01,4.068851470947265625e-03
8.816147473464079898e-01,1.998901367187500000e-02
6.980301969803019979e-01,5.092175006866455078e-01
7.082291770822917165e-01,1.213741302490234375e-02
7.415258474152585100e-01,2.034687566757202148e+01
4.119014739990234375e-01,1.626491546630859375e-03
6.918303703824986162e-01,4.042387008666992188e-03
6.784494398134160997e-01,4.019975662231445312e-03
6.201379862013798316e-01,3.885524272918701172e-01
6.124387561243875844e-01,1.205825805664062500e-02
6.481351864813518215e-01,2.161268091201782227e+01
8.684120178222656250e-01,2.559185028076171875e-03
5.917124192544896966e-01,4.252433776855468750e-03
6.219125335956471323e-01,4.001855850219726562e-03
1.790820917908209076e-01,4.776737689971923828e-01
2.010798920107989274e-01,2.062535285949707031e-02
1.250874912508748993e-01,2.002305531501770020e+01
4.119014739990234375e-01,2.479791641235351562e-03
2.629705698524218427e-01,1.223754882812500000e-02
2.000331435749461151e-01,4.053354263305664062e-03
3.438656134386561258e-01,5.686531066894531250e-01
3.511648835116488176e-01,1.253318786621093750e-02
2.123787621237876178e-01,2.016264581680297852e+01
5.880985260009765625e-01,2.483844757080078125e-03
4.029125614174698944e-01,1.225113868713378906e-02
3.020390655788307566e-01,4.002094268798828125e-03
3.489651034896510545e-02,6.526787281036376953e-01
3.859614038596140273e-02,2.050757408142089844e-02
3.619638036196380637e-02,1.931405472755432129e+01
4.119014739990234375e-01,1.060628890991210938e-02
4.795808481515066030e-02,4.230976104736328125e-03
1.313222397245781756e-02,4.037618637084960938e-03
8.067193280671932643e-01,5.548295974731445312e-01
8.065193480651934310e-01,1.261234283447265625e-02
9.110088991100889766e-01,2.212793207168579102e+01
7.482776641845703125e-01,1.677036285400390625e-03
8.422584487473795400e-01,4.034042358398437500e-03
8.782586379229575524e-01,3.995418548583984375e-03
6.608339166083391225e-01,4.956114292144775391e-01
6.556344365563443466e-01,2.010202407836914062e-02
4.361563843615638425e-01,2.066861176490783691e+01
4.119014739990234375e-01,2.633810043334960938e-03
5.849085499128727772e-01,4.269599914550781250e-03
6.204497630271484931e-01,4.059076309204101562e-03
9.511048895110488788e-01,6.120464801788330078e-01
9.494050594940506294e-01,2.054333686828613281e-02
9.384061593840615778e-01,2.062265825271606445e+01
7.482776641845703125e-01,1.649856567382812500e-03
8.726727729281570367e-01,4.047155380249023438e-03
9.175345479274326088e-01,4.009962081909179688e-03
6.187381261873812210e-01,6.545190811157226562e-01
6.262373762623737461e-01,2.409601211547851562e-02
5.635436456354364632e-01,1.946311426162719727e+01
4.119014739990234375e-01,1.638412475585937500e-03
5.441364519908027386e-01,4.066944122314453125e-03
6.495051993672908974e-01,3.996133804321289062e-03
3.544645535446455109e-01,3.485450744628906250e-01
3.729627037296270320e-01,1.205945014953613281e-02
3.699630036996300331e-01,1.996059226989746094e+01
5.880985260009765625e-01,1.731395721435546875e-03
3.714464689620472493e-01,1.206183433532714844e-02
4.109270394466857379e-01,3.984689712524414062e-03
3.595640435956404257e-01,4.379427433013916016e-01
3.747625237476252535e-01,2.402639389038085938e-02
3.245675432456754383e-01,2.078626608848571777e+01
5.880985260009765625e-01,2.571821212768554688e-03
3.984508881270469316e-01,4.244089126586914062e-03
3.899529372170040253e-01,4.020929336547851562e-03
5.767423257674232362e-01,4.800696372985839844e-01
5.468453154684531636e-01,2.861857414245605469e-02
3.772622737726227249e-01,1.903544640541076660e+01
8.684120178222656250e-01,1.727581024169921875e-03
5.630527421430687740e-01,1.204919815063476562e-02
6.085028955221035707e-01,4.010677337646484375e-03
8.469153084691530275e-02,5.275313854217529297e-01
8.849115088491150971e-02,1.213860511779785156e-02
6.159384061593840831e-02,2.016545605659484863e+01
5.765914916992187500e-02,1.720190048217773438e-03
1.830821226952880076e-01,4.070520401000976562e-03
8.494116482841534976e-02,4.003763198852539062e-03
7.802219778022198016e-01,4.511635303497314453e-01
7.784221577842215245e-01,2.005028724670410156e-02
6.305369463053694945e-01,2.058782863616943359e+01
7.482776641845703125e-01,1.652002334594726562e-03
7.248218329447293495e-01,4.020690917968750000e-03
8.037567815864669063e-01,3.989696502685546875e-03
2.761723827617238447e-01,4.468414783477783203e-01
2.838716128387161475e-01,2.003526687622070312e-02
3.175682431756824409e-01,1.990295433998107910e+01
2.517223358154296875e-01,1.638174057006835938e-03
3.931421684021570995e-01,4.029273986816406250e-03
2.843373692002262310e-01,3.987312316894531250e-03
3.891610838916108595e-01,4.278676509857177734e-01
3.973602639736026343e-01,1.205134391784667969e-02
5.525447455254474116e-01,1.960447645187377930e+01
7.482776641845703125e-01,2.586841583251953125e-03
4.047597073410327817e-01,4.260301589965820312e-03
3.772694480361339364e-01,4.035711288452148438e-03
9.834016598340166171e-01,5.202445983886718750e-01
9.824017598240175619e-01,2.084851264953613281e-02
9.724027597240275655e-01,1.949909305572509766e+01
9.423408508300781250e-01,1.701831817626953125e-03
9.682519854577205098e-01,4.057168960571289062e-03
9.597957438005587649e-01,1.198101043701171875e-02
9.445055494450554923e-01,5.163676738739013672e-01
9.568043195680432378e-01,2.801251411437988281e-02
8.913108689131087337e-01,2.068542504310607910e+01
9.423408508300781250e-01,9.511232376098632812e-03
5.060169258913164159e-01,4.031896591186523438e-03
9.556889592582846760e-01,1.198387145996093750e-02
8.563143685631436908e-01,5.257153511047363281e-01
8.614138586141385501e-01,2.005362510681152344e-02
8.731126887311269069e-01,1.945821499824523926e+01
7.482776641845703125e-01,2.743959426879882812e-03
8.071560313258743236e-01,7.069826126098632812e-03
8.833337540639607521e-01,1.625728607177734375e-02
4.097590240975902409e-01,6.956384181976318359e-01
4.261573842615738461e-01,2.459549903869628906e-02
4.331566843315668436e-01,2.049327921867370605e+01
4.119014739990234375e-01,2.558708190917968750e-03
4.871606127807713849e-01,4.197835922241210938e-03
4.544824292415103884e-01,4.016876220703125000e-03
1.465853414658534193e-01,6.461901664733886719e-01
1.624837516248375247e-01,1.261591911315917969e-02
1.411858814118588101e-01,1.994317460060119629e+01
2.069473266601562500e-02,1.447820663452148438e-02
2.001318271066318544e-01,4.439115524291992188e-03
1.698195548769311225e-01,4.051208496093750000e-03
2.869713028697130075e-01,4.893639087677001953e-01
2.721727827217278461e-01,2.058768272399902344e-02
5.186481351864813405e-01,1.987432646751403809e+01
8.684120178222656250e-01,1.737356185913085938e-03
3.343725962462222312e-01,4.052877426147460938e-03
2.975774899848403487e-01,4.005670547485351562e-03
2.795720427957204546e-01,4.759128093719482422e-01
2.843715628437156195e-01,2.792024612426757812e-02
3.133686631336866091e-01,1.939346837997436523e+01
2.517223358154296875e-01,2.670764923095703125e-03
3.531929967096427703e-01,1.223468780517578125e-02
2.079075293796590063e-01,1.201677322387695312e-02
8.361163883611638648e-01,4.888756275177001953e-01
8.402159784021597799e-01,1.258468627929687500e-02
7.349265073492651235e-01,2.095412445068359375e+01
8.684120178222656250e-01,2.578258514404296875e-03
7.668332099433534665e-01,4.229068756103515625e-03
8.687736484284679372e-01,4.007339477539062500e-03
8.513148685131486371e-01,6.844100952148437500e-01
8.608139186081391614e-01,2.456665039062500000e-02
8.045195480451954317e-01,2.011998701095581055e+01
5.880985260009765625e-01,2.646923065185546875e-03
8.332632050772628141e-01,1.223564147949218750e-02
8.997622756618093298e-01,4.041910171508789062e-03
4.869513048695130464e-01,6.867833137512207031e-01
4.908509149085091283e-01,2.861332893371582031e-02
5.623437656234376858e-01,1.804758882522583008e+01
5.880985260009765625e-01,2.604484558105468750e-03
4.051798033915018360e-01,4.254817962646484375e-03
4.870655955814437998e-01,4.023075103759765625e-03
8.234176582341765638e-01,3.861534595489501953e-01
8.269173082691730903e-01,1.256632804870605469e-02
7.555244475552445049e-01,2.005815362930297852e+01
7.482776641845703125e-01,2.639770507812500000e-03
7.541332109321845500e-01,1.229834556579589844e-02
7.901353478090458182e-01,4.059791564941406250e-03
5.628437156284371579e-01,4.828801155090332031e-01
5.524447555244476060e-01,1.257753372192382812e-02
5.364463553644635008e-01,2.104435038566589355e+01
8.684120178222656250e-01,9.756326675415039062e-03
5.605032871393913485e-01,4.096984863281250000e-03
6.433804308391113391e-01,1.203989982604980469e-02
1.965803419658034290e-01,7.010571956634521484e-01
1.916808319168083197e-01,2.014636993408203125e-02
1.685831416858314113e-01,2.031995582580566406e+01
1.315879821777343750e-01,2.556324005126953125e-03
3.864183977946997750e-01,4.219293594360351562e-03
1.965274410600517108e-01,4.040956497192382812e-03
8.064193580641936254e-01,5.178709030151367188e-01
8.207179282071792592e-01,1.259756088256835938e-02
6.492350764923507933e-01,2.008520746231079102e+01
7.482776641845703125e-01,1.635313034057617188e-03
8.249969642784620305e-01,1.205015182495117188e-02
8.220323539709820659e-01,3.987550735473632812e-03
9.499050094990501014e-01,5.873162746429443359e-01
9.430056994300569650e-01,2.799296379089355469e-02
9.581041895810419318e-01,1.920622181892395020e+01
9.793052673339843750e-01,1.689910888671875000e-03
9.397210411934887597e-01,4.058599472045898438e-03
9.771042268603258307e-01,4.006385803222656250e-03
7.999200079992000445e-01,4.516103267669677734e-01
7.889211078892111040e-01,2.404952049255371094e-02
4.900509949005099619e-01,2.035181021690368652e+01
9.423408508300781250e-01,1.641511917114257812e-03
7.535377381011558739e-01,1.204013824462890625e-02
8.076238730104632335e-01,3.983259201049804688e-03
5.300469953004699475e-01,5.701584815979003906e-01
5.159484051594840359e-01,1.210737228393554688e-02
5.222477752224777836e-01,2.146682214736938477e+01
8.684120178222656250e-01,2.599954605102539062e-03
5.378075109287303590e-01,4.249334335327148438e-03
4.669040793701095815e-01,4.019021987915039062e-03
8.406159384061593354e-01,5.215048789978027344e-01
8.317168283171683107e-01,2.461051940917968750e-02
9.073092690730927279e-01,2.061087799072265625e+01
8.684120178222656250e-01,6.240844726562500000e-03
8.119343146866544458e-01,4.122018814086914062e-03
7.957651445688223024e-01,2.001118659973144531e-02
5.959404059594040903e-02,6.908710002899169922e-01
6.819318068193180871e-02,2.412486076354980469e-02
3.569643035696430655e-02,2.139508461952209473e+01
2.517223358154296875e-01,1.690626144409179688e-03
8.606551575942916754e-02,1.605844497680664062e-02
7.141276252559779214e-02,4.008531570434570312e-03
1.210878912108789146e-01,4.424908161163330078e-01
1.267873212678732042e-01,1.229524612426757812e-02
1.078892110788921138e-01,1.972738242149353027e+01
2.517223358154296875e-01,2.573251724243164062e-03
1.589112715465226255e-01,1.611137390136718750e-02
1.337971813319466796e-01,4.036664962768554688e-03
2.189781021897810320e-02,5.087523460388183594e-01
2.409759024097590102e-02,2.061319351196289062e-02
2.489751024897510212e-02,1.711415410041809082e+01
5.765914916992187500e-02,2.528429031372070312e-03
1.071884516148123405e-02,4.325389862060546875e-03
2.132633855373298679e-02,4.032611846923828125e-03
4.044595540445955484e-01,3.485016822814941406e-01
3.999600039996000223e-01,1.254773139953613281e-02
4.181581841815818490e-01,1.822169876098632812e+01
2.517223358154296875e-01,2.462863922119140625e-03
3.741638115864597269e-01,4.241943359375000000e-03
3.812257240100477840e-01,3.985881805419921875e-03
2.239776022397760302e-02,4.277219772338867188e-01
2.169783021697830119e-02,1.256585121154785156e-02
2.609739026097390377e-02,2.038379979133605957e+01
2.069473266601562500e-02,1.695632934570312500e-03
7.935546031209111950e-02,1.608777046203613281e-02
1.982816681680506579e-02,4.012584686279296875e-03
4.927507249275072665e-01,4.703371524810791016e-01
4.734526547345265235e-01,1.211285591125488281e-02
4.305569443055694556e-01,2.058091330528259277e+01
9.423408508300781250e-01,1.725912094116210938e-03
4.433859718228308489e-01,4.077196121215820312e-03
5.517261088874882979e-01,3.990173339843750000e-03
1.427857214278572262e-01,6.512434482574462891e-01
1.480851914808519187e-01,2.406430244445800781e-02
2.502749725027497152e-01,2.111610031127929688e+01
4.119014739990234375e-01,1.064252853393554688e-02
1.361190826951816368e-01,4.250288009643554688e-03
1.488532499950002697e-01,1.607584953308105469e-02
2.639736026397360158e-01,5.041303634643554688e-01
2.745725427457254009e-01,2.052712440490722656e-02
3.505649435056494290e-01,1.916938257217407227e+01
4.119014739990234375e-01,1.743793487548828125e-03
2.480588309305263861e-01,4.058837890625000000e-03
2.146454228957728194e-01,3.976583480834960938e-03
9.544045595440455720e-01,3.985264301300048828e-01
9.485051494850514908e-01,1.215291023254394531e-02
9.787021297870213132e-01,1.936151933670043945e+01
8.684120178222656250e-01,1.667022705078125000e-03
9.533620729407759065e-01,4.058837890625000000e-03
9.434292567760379500e-01,3.978729248046875000e-03
6.482351764823517382e-01,5.510103702545166016e-01
6.531346865313468752e-01,2.802705764770507812e-02
6.061393860613938367e-01,1.953897666931152344e+01
9.423408508300781250e-01,1.678705215454101562e-03
6.467590877659479265e-01,4.075527191162109375e-03
6.450198373689005615e-01,3.987073898315429688e-03
1.081891810818918082e-01,5.270342826843261719e-01
1.204879512048795120e-01,2.004837989807128906e-02
1.131886811318868064e-01,2.025191783905029297e+01
2.517223358154296875e-01,2.586603164672851562e-03
1.223382946513452141e-01,4.266023635864257812e-03
1.009654277281961665e-01,4.031181335449218750e-03
3.035696430356964459e-01,5.012111663818359375e-01
3.189681031896810515e-01,2.054738998413085938e-02
2.035796420357964265e-01,2.061076807975769043e+01
1.315879821777343750e-01,1.708030700683593750e-03
3.209141750293547091e-01,4.064321517944335938e-03
2.934558134906506410e-01,3.973484039306640625e-03
9.218078192180781949e-01,6.027090549468994141e-01
9.121087891210878373e-01,1.212596893310546875e-02
9.211078892110788896e-01,2.007335424423217773e+01
9.793052673339843750e-01,1.656055450439453125e-03
8.487636060974506069e-01,4.029989242553710938e-03
9.115747302299084254e-01,3.993272781372070312e-03
1.273872612738726207e-01,5.693330764770507812e-01
1.430856914308569205e-01,2.005767822265625000e-02
1.714828517148285214e-01,2.123535442352294922e+01
5.908966064453125000e-03,1.723289489746093750e-03
1.446714703002945912e-01,1.605319976806640625e-02
1.143643687622344363e-01,3.982305526733398438e-03
2.935706429357064495e-01,5.082764625549316406e-01
3.013698630136986134e-01,2.804303169250488281e-02
3.938606139386061633e-01,2.164294815063476562e+01
5.880985260009765625e-01,2.525091171264648438e-03
3.261061533499303167e-01,1.620292663574218750e-02
3.142362074290611651e-01,4.004240036010742188e-03
4.109589041095890183e-01,3.905074596405029297e-01
4.363563643635636202e-01,2.847051620483398438e-02
4.275572442755724567e-01,2.097908806800842285e+01
4.119014739990234375e-01,9.614229202270507812e-03
4.088218765609783478e-01,4.048824310302734375e-03
4.080359019628905237e-01,1.197075843811035156e-02
1.444855514448555034e-01,5.436239242553710938e-01
1.465853414658534193e-01,1.212406158447265625e-02
8.309169083091691443e-02,2.130977821350097656e+01
4.119014739990234375e-01,1.769852638244628906e-02
1.656922958544895241e-01,4.055500030517578125e-03
1.615023805815063995e-01,1.999783515930175781e-02
9.563043695630436547e-01,6.981439590454101562e-01
9.518048195180481841e-01,2.409648895263671875e-02
8.687131286871312419e-01,1.983149933815002441e+01
9.423408508300781250e-01,1.709222793579101562e-03
9.167084330943557902e-01,4.044294357299804688e-03
9.430368592558645569e-01,4.004955291748046875e-03
4.481551844815518382e-01,5.694324970245361328e-01
4.439556044395560619e-01,2.805113792419433594e-02
1.896810318968103204e-01,2.003548622131347656e+01
9.423408508300781250e-01,2.488374710083007812e-03
4.764612851994740605e-01,4.241466522216796875e-03
4.348176223283512498e-01,4.015445709228515625e-03
3.584641535846415095e-01,5.427610874176025391e-01
3.469653034696530414e-01,1.254224777221679688e-02
1.971802819718028177e-01,2.072306442260742188e+01
5.880985260009765625e-01,1.730680465698242188e-03
2.893365120405076985e-01,4.054307937622070312e-03
3.739978793363981091e-01,3.987073898315429688e-03
1.793820617938206297e-01,4.653682708740234375e-01
1.851814818518148220e-01,1.214265823364257812e-02
2.151784821517848112e-01,2.032849907875061035e+01
7.482776641845703125e-01,1.729726791381835938e-03
2.697929835524451869e-01,4.067420959472656250e-03
1.510890825749245936e-01,3.986835479736328125e-03
6.265373462653734959e-01,4.909503459930419922e-01
6.237376262373762748e-01,1.210236549377441406e-02
7.444255574442555368e-01,1.861367750167846680e+01
8.684120178222656250e-01,1.718759536743164062e-03
6.289705846892280627e-01,4.059076309204101562e-03
6.107339345369878769e-01,4.014730453491210938e-03
8.826117388261174312e-01,5.547275543212890625e-01
8.830116988301169867e-01,1.214170455932617188e-02
9.113088691130887264e-01,2.050556707382202148e+01
5.880985260009765625e-01,9.663343429565429688e-03
8.568994061451066235e-01,4.059076309204101562e-03
8.821098105592579675e-01,1.197314262390136719e-02
5.204479552044795065e-01,5.085165500640869141e-01
5.208479152084791730e-01,1.207256317138671875e-02
3.443655634436556534e-01,1.835294532775878906e+01
4.119014739990234375e-01,2.588987350463867188e-03
5.202621913733759262e-01,4.225969314575195312e-03
4.601311792353099395e-01,4.031181335449218750e-03
8.399160083991600301e-01,4.619216918945312500e-01
8.276172382761723956e-01,1.259374618530273438e-02
6.984301569843015534e-01,2.216338491439819336e+01
7.482776641845703125e-01,1.648426055908203125e-03
7.890261276715502259e-01,4.024028778076171875e-03
8.431584373653298048e-01,1.595830917358398438e-02
7.265273472652734599e-01,5.335347652435302734e-01
7.061293870612939116e-01,1.208353042602539062e-02
7.216278372162783228e-01,2.107081460952758789e+01
9.940910339355468750e-01,1.673698425292968750e-03
6.397603611798379220e-01,4.060983657836914062e-03
6.291266544269458194e-01,3.992557525634765625e-03
5.283471652834716981e-01,6.499519348144531250e-01
5.295470452954704754e-01,1.208639144897460938e-02
6.122387761223877511e-01,2.061296749114990234e+01
5.880985260009765625e-01,1.631975173950195312e-03
4.945530847956125520e-01,4.028081893920898438e-03
5.514185436911811511e-01,3.984212875366210938e-03
6.957304269573042488e-01,3.563899993896484375e-01
6.984301569843015534e-01,1.201677322387695312e-02
6.684331566843315642e-01,1.837675070762634277e+01
8.684120178222656250e-01,2.487421035766601562e-03
7.036653562668071515e-01,4.232883453369140625e-03
7.546597483266062056e-01,4.019975662231445312e-03
8.771122887711229055e-01,5.350220203399658203e-01
8.721127887211278518e-01,1.252269744873046875e-02
9.395060493950604386e-01,1.886460328102111816e+01
7.482776641845703125e-01,1.739501953125000000e-03
8.232067966689553540e-01,4.073381423950195312e-03
9.030352179141722946e-01,4.035234451293945312e-03
3.333666633336666574e-01,3.473196029663085938e-01
3.246675332466753550e-01,1.213145256042480469e-02
3.862613738626137216e-01,1.849158334732055664e+01
7.482776641845703125e-01,1.689672470092773438e-03
3.832852368827577294e-01,4.050731658935546875e-03
3.542274523121231589e-01,3.995895385742187500e-03
5.941405859414058410e-01,3.811478614807128906e-01
6.027397260273972268e-01,1.210403442382812500e-02
5.124487551244875094e-01,1.988720130920410156e+01
4.119014739990234375e-01,1.652956008911132812e-03
6.267336902032212276e-01,4.047393798828125000e-03
5.957568246124107514e-01,3.965616226196289062e-03
1.181881811818818184e-01,5.050458908081054688e-01
1.301869813018698141e-01,2.804756164550781250e-02
2.392760723927607192e-01,2.032127594947814941e+01
1.315879821777343750e-01,2.600431442260742188e-03
1.366782591372968647e-01,1.225328445434570312e-02
1.376774295610656562e-01,4.021644592285156250e-03
4.670532946705329702e-01,4.940071105957031250e-01
4.774522547745225221e-01,1.261734962463378906e-02
3.359664033596640453e-01,1.929332160949707031e+01
4.119014739990234375e-01,1.666784286499023438e-03
4.546954637966884594e-01,4.043340682983398438e-03
4.775647547582334007e-01,3.980398178100585938e-03
2.944705529447055325e-01,6.954402923583984375e-01
3.009699030096990024e-01,3.213930130004882812e-02
4.198580141985801539e-01,1.950132775306701660e+01
2.517223358154296875e-01,1.798152923583984375e-03
3.223023670986499001e-01,4.093647003173828125e-03
2.783913096565739376e-01,4.268407821655273438e-03
9.565043495650434879e-01,7.172105312347412109e-01
9.537046295370462667e-01,2.016782760620117188e-02
8.551144885511449134e-01,1.958417701721191406e+01
9.423408508300781250e-01,2.605438232421875000e-03
9.606769573131296314e-01,4.248857498168945312e-03
9.616982967185898623e-01,4.026651382446289062e-03
6.187381261873812210e-01,6.059699058532714844e-01
6.163383661633836663e-01,2.457118034362792969e-02
6.725327467253274794e-01,2.008840656280517578e+01
7.482776641845703125e-01,2.609968185424804688e-03
5.016879557214722896e-01,1.212477684020996094e-02
5.922580992610776418e-01,4.049539566040039062e-03
9.975002499750025287e-01,4.681413173675537109e-01
9.949005099490051407e-01,1.259517669677734375e-02
9.990000999900009448e-01,1.994985032081604004e+01
9.793052673339843750e-01,2.520084381103515625e-03
9.901506445331408335e-01,4.224061965942382812e-03
9.883989135713021623e-01,4.175901412963867188e-03
8.878112188781122072e-01,5.418305397033691406e-01
8.848115188481151527e-01,1.255559921264648438e-02
7.853214678532146609e-01,2.173507833480834961e+01
9.793052673339843750e-01,1.662015914916992188e-03
8.536666756056818794e-01,4.048824310302734375e-03
8.865775009412139029e-01,3.985404968261718750e-03
3.561643835616438158e-01,3.802490234375000000e-01
3.649635036496350349e-01,1.209020614624023438e-02
1.842815718428157112e-01,2.057201504707336426e+01
4.119014739990234375e-01,2.710580825805664062e-03
3.240620208282796177e-01,4.301309585571289062e-03
3.566147688296786855e-01,4.062891006469726562e-03
5.358464153584641121e-01,5.136489868164062500e-01
5.322467753224677800e-01,2.708148956298828125e-02
4.692530746925307472e-01,1.793503952026367188e+01
7.482776641845703125e-01,5.963087081909179688e-03
5.867905562147330834e-01,4.092454910278320312e-03
5.440974221090200125e-01,1.599049568176269531e-02
9.059094090590941173e-01,6.568334102630615234e-01
8.969103089691030650e-01,1.211786270141601562e-02
9.729027097290271486e-01,2.120196795463562012e+01
9.423408508300781250e-01,1.720666885375976562e-03
8.545153453800685694e-01,1.206660270690917969e-02
8.846674253421052958e-01,3.992557525634765625e-03
4.281571842815718454e-01,5.103511810302734375e-01
4.251574842515748465e-01,2.813386917114257812e-02
4.565543445655434462e-01,2.059243965148925781e+01
4.119014739990234375e-01,1.047301292419433594e-02
3.909105787894660011e-01,4.236936569213867188e-03
3.791128231185341702e-01,1.201081275939941406e-02
4.332566743325667602e-01,5.335972309112548828e-01
4.399560043995600633e-01,2.461385726928710938e-02
3.402659734026597382e-01,1.952326202392578125e+01
2.517223358154296875e-01,2.535581588745117188e-03
4.335983842977226277e-01,4.243135452270507812e-03
4.259600265855920664e-01,4.022598266601562500e-03
8.630136986301369939e-01,5.419342517852783203e-01
8.668133186681331592e-01,1.256561279296875000e-02
9.046095390460954233e-01,1.870649886131286621e+01
5.880985260009765625e-01,1.649379730224609375e-03
7.752667576913361280e-01,1.201987266540527344e-02
8.588811874104487210e-01,3.980636596679687500e-03
4.783521647835216606e-01,5.214290618896484375e-01
4.745525447455254398e-01,2.006101608276367188e-02
5.783421657834216800e-01,1.837548542022705078e+01
5.880985260009765625e-01,2.524137496948242188e-03
4.827711163314060139e-01,1.223635673522949219e-02
4.950029190366234122e-01,4.012823104858398438e-03
8.461153884611538611e-01,5.178122520446777344e-01
8.379162083791620308e-01,2.056765556335449219e-02
9.332066793320668019e-01,2.302605319023132324e+01
4.119014739990234375e-01,2.401590347290039062e-03
8.249165105176727852e-01,1.878976821899414062e-02
8.360760611373835305e-01,4.296302795410156250e-03
2.208779122087791147e-01,5.985212326049804688e-01
2.333766623337666102e-01,2.871751785278320312e-02
3.021697830216978353e-01,2.193321561813354492e+01
2.517223358154296875e-01,1.056838035583496094e-02
2.355479830691068477e-01,4.249572753906250000e-03
2.293369809461490716e-01,1.202559471130371094e-02
3.919608039196080251e-01,6.121954917907714844e-01
4.019598040195980215e-01,1.257157325744628906e-02
4.281571842815718454e-01,1.961362910270690918e+01
4.119014739990234375e-01,1.656055450439453125e-03
3.951230820260668852e-01,4.024744033813476562e-03
3.793140018610910991e-01,3.968954086303710938e-03
2.497750224977502154e-01,3.477766513824462891e-01
2.435756424357564121e-01,1.206779479980468750e-02
3.604639536046395087e-01,1.892593502998352051e+01
2.517223358154296875e-01,2.647399902343750000e-03
2.884138747262459113e-01,1.229572296142578125e-02
2.103578588830038454e-01,4.030227661132812500e-03
2.868713128687131464e-01,5.183243751525878906e-01
2.878712128787121460e-01,2.063536643981933594e-02
1.487851214878512240e-01,1.981325364112854004e+01
7.482776641845703125e-01,1.912593841552734375e-03
3.196374716533733062e-01,1.885724067687988281e-02
2.965157039662022487e-01,4.448652267456054688e-03
6.099390060993901130e-01,6.976408958435058594e-01
6.189381061893810543e-01,2.862381935119628906e-02
3.772622737726227249e-01,2.085236239433288574e+01
4.119014739990234375e-01,2.601385116577148438e-03
5.573832513469784145e-01,4.236936569213867188e-03
5.962124305466306451e-01,4.048824310302734375e-03
2.085791420857914247e-01,3.965420722961425781e-01
2.217778222177782255e-01,2.067947387695312500e-02
1.738826117388261039e-01,1.877681899070739746e+01
2.517223358154296875e-01,2.610445022583007812e-03
2.706873023590630201e-01,4.280328750610351562e-03
1.931974489678670581e-01,8.027553558349609375e-03
1.499850014998500153e-02,5.649681091308593750e-01
2.139786021397860338e-02,2.056527137756347656e-02
4.649535046495350404e-02,2.117148685455322266e+01
2.069473266601562500e-02,2.639532089233398438e-03
3.506208088134937090e-02,4.247903823852539062e-03
3.492266253942363091e-02,4.022359848022460938e-03
9.457054294570542696e-01,4.946599006652832031e-01
9.415058494150585489e-01,2.061533927917480469e-02
9.461053894610539361e-01,2.014921426773071289e+01
9.423408508300781250e-01,1.638650894165039062e-03
9.250331562212404934e-01,1.193380355834960938e-02
9.481160915320383520e-01,3.974676132202148438e-03
5.281471852814718648e-01,5.724966526031494141e-01
5.455454454554544697e-01,2.805328369140625000e-02
2.793720627937206213e-01,2.184533214569091797e+01
2.517223358154296875e-01,2.568006515502929688e-03
5.291476554128733412e-01,4.260063171386718750e-03
5.765136423213298444e-01,4.001379013061523438e-03
8.269173082691730903e-01,4.596900939941406250e-01
8.321167883211678662e-01,1.258873939514160156e-02
8.560143985601439409e-01,2.007042551040649414e+01
9.793052673339843750e-01,1.644611358642578125e-03
7.571157526083729383e-01,4.067897796630859375e-03
8.153972133928929500e-01,1.199984550476074219e-02
7.995200479952004891e-01,5.110111236572265625e-01
7.996200379962004057e-01,2.806782722473144531e-02
8.587141285871412455e-01,2.091391706466674805e+01
5.880985260009765625e-01,1.622915267944335938e-03
7.918572494184201727e-01,1.196694374084472656e-02
8.426811432244951661e-01,4.004955291748046875e-03
3.659634036596340345e-01,5.099911689758300781e-01
3.830616938306169450e-01,2.798581123352050781e-02
5.248475152484751716e-01,1.939236569404602051e+01
5.880985260009765625e-01,1.721620559692382812e-03
4.526673988420332195e-01,4.061937332153320312e-03
3.986116593218446136e-01,3.980636596679687500e-03
9.486051394860514074e-01,4.695887565612792969e-01
9.561043895610439325e-01,2.005863189697265625e-02
9.201079892010799455e-01,2.125429773330688477e+01
7.482776641845703125e-01,2.639293670654296875e-03
9.020410208451115075e-01,4.254102706909179688e-03
9.643109211144558213e-01,4.052400588989257812e-03
8.474152584741525551e-01,6.973636150360107422e-01
8.513148685131486371e-01,2.461481094360351562e-02
8.527147285271472477e-01,1.983988285064697266e+01
7.482776641845703125e-01,1.660823822021484375e-03
7.114367435611839152e-01,4.072666168212890625e-03
8.214268800578479190e-01,3.983736038208007812e-03
8.330166983301670047e-01,4.426269531250000000e-01
8.443155684431556951e-01,1.218795776367187500e-02
7.875212478752124934e-01,2.000655198097229004e+01
8.684120178222656250e-01,1.700639724731445312e-03
7.981368555871320991e-01,4.059553146362304688e-03
8.513798714785519861e-01,3.976583480834960938e-03
8.934106589341065385e-01,5.721480846405029297e-01
8.797120287971202934e-01,1.206207275390625000e-02
8.468153184681531664e-01,1.916610598564147949e+01
9.793052673339843750e-01,2.499341964721679688e-03
8.697278540989166196e-01,4.230976104736328125e-03
9.250659548655620901e-01,4.013776779174804688e-03
5.929407059294070637e-01,4.744830131530761719e-01
6.043395660433956706e-01,1.256012916564941406e-02
5.357464253574643065e-01,2.034296369552612305e+01
5.880985260009765625e-01,2.628326416015625000e-03
5.746534715111045744e-01,4.246950149536132812e-03
6.175472792681053757e-01,1.200866699218750000e-02
9.456054394560543530e-01,5.934798717498779297e-01
9.382061793820617446e-01,1.260614395141601562e-02
8.628137186281371607e-01,2.031746482849121094e+01
8.684120178222656250e-01,2.599239349365234375e-03
8.820544755823429561e-01,1.225185394287109375e-02
9.397742988979280732e-01,4.035472869873046875e-03
8.625137486251375218e-01,5.367515087127685547e-01
8.611138886111389112e-01,1.258587837219238281e-02
8.209179082091790924e-01,2.158542585372924805e+01
5.880985260009765625e-01,1.736402511596679688e-03
7.789129195818128570e-01,4.068613052368164062e-03
8.400989403402552291e-01,4.015684127807617188e-03
9.632036796320367911e-01,5.770068168640136719e-01
9.633036696330367077e-01,1.209020614624023438e-02
8.470152984701529997e-01,2.000673246383666992e+01
8.684120178222656250e-01,2.613782882690429688e-03
7.751715503853292555e-01,1.227283477783203125e-02
9.712434369150141356e-01,4.021883010864257812e-03
2.548745125487451024e-01,5.244493484497070312e-01
2.633736626337366271e-01,1.259779930114746094e-02
2.130786921307869231e-01,2.052336812019348145e+01
9.423408508300781250e-01,1.674413681030273438e-03
2.955252809160542338e-01,4.077196121215820312e-03
2.647817169877646482e-01,1.196980476379394531e-02
7.092290770922907717e-01,5.271563529968261719e-01
7.061293870612939116e-01,1.211047172546386719e-02
6.654334566543346208e-01,2.041501235961914062e+01
2.517223358154296875e-01,1.812934875488281250e-03
6.334949227411520445e-01,1.207423210144042969e-02
7.172238147767425742e-01,8.259773254394531250e-03
3.997600239976002445e-01,6.981639862060546875e-01
3.960603939606039403e-01,2.807140350341796875e-02
2.057794220577942312e-01,2.110179352760314941e+01
4.119014739990234375e-01,1.456809043884277344e-02
4.694405581503434122e-01,4.230260848999023438e-03
4.478026639921552365e-01,4.001617431640625000e-03
5.991400859914008947e-01,6.011710166931152344e-01
5.898410158984102036e-01,2.858757972717285156e-02
6.175382461753824437e-01,1.894008612632751465e+01
7.482776641845703125e-01,2.555131912231445312e-03
5.817962449711926443e-01,4.262685775756835938e-03
5.955016297148955084e-01,4.012107849121093750e-03
4.363563643635636202e-01,3.471872806549072266e-01
4.448555144485551449e-01,1.258492469787597656e-02
5.842415758424157612e-01,1.840076708793640137e+01
2.517223358154296875e-01,1.638412475585937500e-03
4.528640198504563230e-01,4.040241241455078125e-03
5.167417038790429462e-01,3.977298736572265625e-03
8.892110788921108178e-01,4.227774143218994141e-01
8.882111788821117626e-01,1.206922531127929688e-02
8.475152484751524717e-01,2.054080915451049805e+01
5.880985260009765625e-01,2.584457397460937500e-03
8.943144278461230279e-01,1.215553283691406250e-02
8.364171876309535181e-01,4.017591476440429688e-03
9.746025397460253981e-01,7.010715007781982422e-01
9.709029097090291494e-01,2.855634689331054688e-02
9.867013298670133103e-01,2.001835179328918457e+01
9.423408508300781250e-01,1.692056655883789062e-03
9.317641705168173694e-01,4.487752914428710938e-03
9.670300139752505686e-01,3.979206085205078125e-03
1.557844215578442215e-01,4.594492912292480469e-01
1.599840015998400256e-01,2.405071258544921875e-02
1.364863513648635063e-01,2.183654475212097168e+01
1.315879821777343750e-01,2.629041671752929688e-03
1.947707518525567116e-01,4.270315170288085938e-03
1.565637647927203835e-01,4.013299942016601562e-03
1.966803319668033179e-01,4.301650524139404297e-01
2.047795220477952316e-01,1.260614395141601562e-02
2.933706629337066163e-01,2.073287987709045410e+01
5.880985260009765625e-01,1.685857772827148438e-03
2.515809738773527870e-01,1.608777046203613281e-02
1.828810766142727195e-01,4.010200500488281250e-03
8.109189081091890128e-02,5.101721286773681641e-01
8.739126087391260733e-02,2.812218666076660156e-02
8.029197080291970712e-02,2.077316117286682129e+01
1.315879821777343750e-01,1.686096191406250000e-03
4.395192478981656548e-01,4.067182540893554688e-03
8.411626240778424801e-02,3.980398178100585938e-03
7.032296770322967738e-01,5.058624744415283203e-01
7.064293570642935505e-01,2.013301849365234375e-02
6.626337366263373996e-01,1.962175989151000977e+01
4.119014739990234375e-01,1.802444458007812500e-03
6.899234919101965291e-01,1.210618019104003906e-02
6.952926498092641960e-01,6.422996520996093750e-03
7.768223177682231917e-01,5.811812877655029297e-01
7.629237076292371134e-01,2.919316291809082031e-02
6.710328967103289521e-01,2.106407737731933594e+01
9.423408508300781250e-01,1.062369346618652344e-02
7.619638967091294512e-01,4.283428192138671875e-03
7.685594249073069983e-01,4.008293151855468750e-03
3.715628437156284214e-01,5.664632320404052734e-01
3.763623637636236419e-01,3.717279434204101562e-02
7.281271872812719037e-01,2.008661222457885742e+01
1.315879821777343750e-01,1.054525375366210938e-02
3.457110463589766480e-01,4.274845123291015625e-03
3.388446892404778921e-01,1.204538345336914062e-02
3.969603039696030511e-02,6.474525928497314453e-01
4.589541045895410148e-02,1.264452934265136719e-02
3.489651034896510545e-02,1.935786151885986328e+01
2.069473266601562500e-02,2.528429031372070312e-03
1.136642192468040879e-01,4.218578338623046875e-03
4.872542241649989447e-02,4.019737243652343750e-03
1.741825817418258260e-01,4.611763954162597656e-01
1.720827917208279101e-01,1.258802413940429688e-02
2.061793820617938144e-01,1.927539896965026855e+01
4.119014739990234375e-01,2.772808074951171875e-03
2.743892943419468100e-01,4.281520843505859375e-03
1.788388309409993937e-01,1.602268218994140625e-02
7.052294770522947731e-01,6.966588497161865234e-01
7.110288971102889377e-01,2.475380897521972656e-02
6.230376962303769695e-01,2.250604796409606934e+01
5.880985260009765625e-01,2.657413482666015625e-03
6.546774094863903048e-01,4.287242889404296875e-03
7.133958025895417165e-01,4.024982452392578125e-03
3.819618038196180287e-01,5.020129680633544922e-01
3.877612238776122489e-01,2.873229980468750000e-02
4.075592440755924639e-01,1.977599596977233887e+01
5.880985260009765625e-01,2.596378326416015625e-03
4.193830329636258902e-01,4.229307174682617188e-03
3.821514444118797038e-01,4.043102264404296875e-03
6.406359364063594075e-01,5.365340709686279297e-01
6.270372962703729680e-01,2.852535247802734375e-02
7.576242375762424208e-01,1.871450901031494141e+01
8.684120178222656250e-01,1.863670349121093750e-02
5.381607920896652741e-01,4.258394241333007812e-03
6.039756337383068718e-01,1.605582237243652344e-02
5.706429357064293217e-01,5.359370708465576172e-01
5.691430856914309055e-01,2.054572105407714844e-02
5.586441355864413261e-01,1.959377408027648926e+01
2.517223358154296875e-01,1.713037490844726562e-03
5.885643376630379509e-01,1.207542419433593750e-02
5.646162079050043303e-01,3.996610641479492188e-03
9.109089091090891155e-02,5.695157051086425781e-01
9.569043095690431266e-02,1.212716102600097656e-02
6.869313068693130853e-02,2.071406650543212891e+01
4.119014739990234375e-01,1.729011535644531250e-03
1.783876920563743917e-01,4.057407379150390625e-03
1.065838544427648582e-01,1.592087745666503906e-02
9.265073492650734988e-01,6.207766532897949219e-01
9.269073092690730542e-01,2.010774612426757812e-02
8.979102089791021202e-01,1.929782462120056152e+01
9.423408508300781250e-01,2.642869949340820312e-03
9.292316319485302012e-01,1.228237152099609375e-02
8.818827449026085397e-01,4.033803939819335938e-03
9.342065793420657460e-01,5.724892616271972656e-01
9.423057694230576598e-01,1.262378692626953125e-02
9.077092290770922833e-01,1.793785285949707031e+01
8.684120178222656250e-01,1.935005187988281250e-03
8.841782772505986099e-01,4.100561141967773438e-03
9.628955032574079143e-01,4.004955291748046875e-03
4.512548745125487537e-01,5.723793506622314453e-01
4.444555544445555340e-01,2.013897895812988281e-02
5.162483751624837858e-01,2.018212032318115234e+01
7.482776641845703125e-01,1.690387725830078125e-03
4.715001090179255505e-01,4.072189331054687500e-03
4.231443474830000606e-01,3.986120223999023438e-03
1.745825417458254092e-01,3.951880931854248047e-01
1.686831316868313280e-01,1.604866981506347656e-02
9.109089091090891155e-02,1.925728297233581543e+01
5.880985260009765625e-01,2.605438232421875000e-03
2.049532714712536952e-01,4.241704940795898438e-03
1.959807166621258534e-01,4.048824310302734375e-03
7.508249175082492011e-01,5.611321926116943359e-01
7.388261173882612054e-01,2.861046791076660156e-02
7.972202779722027399e-01,1.915222096443176270e+01
8.684120178222656250e-01,2.589225769042968750e-03
6.489865075174753306e-01,4.253864288330078125e-03
7.780838952325888069e-01,4.049301147460937500e-03
8.038196180381961264e-01,4.053473472595214844e-01
8.225177482251775363e-01,2.050185203552246094e-02
7.630236976302370300e-01,2.072390151023864746e+01
4.119014739990234375e-01,2.562046051025390625e-03
6.500504158720226133e-01,1.224923133850097656e-02
8.208570996528945507e-01,4.050254821777343750e-03
6.048395160483951427e-01,3.884670734405517578e-01
6.043395660433956706e-01,1.263403892517089844e-02
4.188581141885811543e-01,1.888875770568847656e+01
9.423408508300781250e-01,1.741647720336914062e-03
5.527027882449531138e-01,4.078865051269531250e-03
5.673472518233741990e-01,4.020214080810546875e-03
7.254274572542745991e-01,5.568742752075195312e-01
7.159284071592840748e-01,2.815580368041992188e-02
8.185181481851814267e-01,2.027990984916687012e+01
8.684120178222656250e-01,2.615690231323242188e-03
7.129322847777913585e-01,4.253864288330078125e-03
7.023803062461426716e-01,1.204013824462890625e-02
2.691730826917308472e-01,5.263910293579101562e-01
2.740725927407259288e-01,1.261472702026367188e-02
2.249775022497750299e-01,2.059841537475585938e+01
5.765914916992187500e-02,1.732110977172851562e-03
3.108716134960228805e-01,4.063367843627929688e-03
2.438634214828750979e-01,1.201009750366210938e-02
1.184881511848815128e-01,6.260499954223632812e-01
1.247875212478752188e-01,1.245021820068359375e-02
9.479052094790521577e-02,2.016476726531982422e+01
1.315879821777343750e-01,1.735687255859375000e-03
1.790255610893169980e-01,4.234075546264648438e-03
8.090388434202772094e-02,4.008293151855468750e-03
8.790120987901209881e-01,5.421998500823974609e-01
8.744125587441256009e-01,1.213788986206054688e-02
8.977102289771022869e-01,2.040339136123657227e+01
9.793052673339843750e-01,1.688957214355468750e-03
8.323142589457798168e-01,4.064559936523437500e-03
9.053246022914290814e-01,1.197075843811035156e-02
6.125387461253875010e-01,5.213670730590820312e-01
6.253374662533746076e-01,2.005267143249511719e-02
7.752224777522247479e-01,1.936054396629333496e+01
5.880985260009765625e-01,2.563476562500000000e-03
5.967689801483346823e-01,4.236221313476562500e-03
6.539526314417749564e-01,4.034996032714843750e-03
4.911508849115088227e-01,5.448763370513916016e-01
4.958504149585041265e-01,1.258516311645507812e-02
7.653234676532346681e-01,2.000408029556274414e+01
5.880985260009765625e-01,4.544973373413085938e-03
4.936458944438426033e-01,4.110574722290039062e-03
4.193052008584657875e-01,1.600241661071777344e-02
7.831216878312168284e-01,6.373548507690429688e-01
7.780221977802219691e-01,2.812600135803222656e-02
9.394060593940606330e-01,1.977195143699645996e+01
5.880985260009765625e-01,1.703262329101562500e-03
5.974335246300919167e-01,1.207375526428222656e-02
7.976321485064516992e-01,3.996610641479492188e-03
2.309769023097690277e-01,5.626001358032226562e-01
2.532746725327467141e-01,1.211190223693847656e-02
8.319168083191680330e-02,2.045904803276062012e+01
2.517223358154296875e-01,1.085090637207031250e-02
3.347788446448423105e-01,4.261493682861328125e-03
2.465854951540937812e-01,1.293015480041503906e-02
2.712728727127287076e-01,5.302648544311523438e-01
2.792720727927207047e-01,2.068066596984863281e-02
2.859714028597140287e-02,1.979448175430297852e+01
5.765914916992187500e-02,1.060938835144042969e-02
2.300771018146277602e-01,4.262447357177734375e-03
2.448197580494979042e-01,1.204061508178710938e-02
1.385861413858614222e-01,4.697239398956298828e-01
1.402859714028597271e-01,2.056598663330078125e-02
1.191880811918808181e-01,1.956113624572753906e+01
1.315879821777343750e-01,2.527236938476562500e-03
1.730295148057666155e-01,4.222631454467773438e-03
1.631880597521854215e-01,4.055261611938476562e-03
6.682331766823317309e-01,3.482966423034667969e-01
6.692330766923307861e-01,1.256489753723144531e-02
6.079392060793921138e-01,2.018430376052856445e+01
4.119014739990234375e-01,2.640485763549804688e-03
6.773296166035018828e-01,4.254817962646484375e-03
7.147381327682752472e-01,4.058837890625000000e-03
9.572042795720427932e-01,3.828327655792236328e-01
9.538046195380461834e-01,1.263284683227539062e-02
9.473052694730527135e-01,2.212888002395629883e+01
4.119014739990234375e-01,1.744985580444335938e-03
9.411953760641567079e-01,4.065990447998046875e-03
9.368405317351210515e-01,4.004478454589843750e-03
9.099090090990900881e-02,5.330693721771240234e-01
1.026897310268973101e-01,2.803230285644531250e-02
1.258874112588741212e-01,2.014814066886901855e+01
2.517223358154296875e-01,1.671314239501953125e-03
2.610192673082175618e-01,1.208806037902832031e-02
4.261303236150003337e-02,4.030227661132812500e-03
1.319868013198680079e-01,7.017207145690917969e-01
1.458854114588541140e-01,2.924013137817382812e-02
7.449255074492550088e-02,1.997512006759643555e+01
5.765914916992187500e-02,1.922845840454101562e-03
1.967221937702278156e-01,4.139661788940429688e-03
1.312249899522835439e-01,3.993749618530273438e-03
4.449555044495550615e-01,5.392792224884033203e-01
4.528547145285471420e-01,2.015376091003417969e-02
4.866513348665133520e-01,1.997105908393859863e+01
7.482776641845703125e-01,1.731395721435546875e-03
4.343423939014360302e-01,4.061937332153320312e-03
5.108478791577149014e-01,3.962755203247070312e-03
3.692630736926307278e-01,5.146226882934570312e-01
3.780621937806219468e-01,2.011084556579589844e-02
5.404459554044594993e-01,2.201761054992675781e+01
5.880985260009765625e-01,2.592086791992187500e-03
4.016797845220494989e-01,1.226329803466796875e-02
4.127416864224789372e-01,4.049777984619140625e-03
9.433056694330567149e-01,4.871408939361572266e-01
9.476052394760523523e-01,1.260948181152343750e-02
8.745125487451255175e-01,1.788575387001037598e+01
1.315879821777343750e-01,2.611637115478515625e-03
9.513353195922747974e-01,4.246950149536132812e-03
9.140246425772049488e-01,4.001855850219726562e-03
8.744125587441256009e-01,5.337994098663330078e-01
8.706129387061294356e-01,2.052855491638183594e-02
9.140085991400860310e-01,1.866527128219604492e+01
5.880985260009765625e-01,2.625942230224609375e-03
8.474435458992457537e-01,1.225209236145019531e-02
8.989813942264419655e-01,4.044055938720703125e-03
8.603139686031396893e-01,5.087163448333740234e-01
8.532146785321468307e-01,2.056455612182617188e-02
8.298170182981702281e-01,1.983283376693725586e+01
4.119014739990234375e-01,1.652956008911132812e-03
7.734671940342906504e-01,4.056215286254882812e-03
8.484457076675852027e-01,3.972053527832031250e-03
7.757224277572243309e-01,5.953788757324218750e-01
7.688231176882311946e-01,2.805352210998535156e-02
7.995200479952004891e-01,2.051062822341918945e+01
7.482776641845703125e-01,1.721382141113281250e-03
7.574699176849295501e-01,4.049777984619140625e-03
8.299721288108696804e-01,4.011869430541992188e-03
1.446855314468553089e-01,6.013593673706054688e-01
1.485851414858514186e-01,2.008032798767089844e-02
2.821717828217178425e-01,1.981580114364624023e+01
1.315879821777343750e-01,2.580642700195312500e-03
2.107892762195786585e-01,1.224613189697265625e-02
1.155877835209952464e-01,4.009485244750976562e-03
6.369363063693630478e-01,5.162191390991210938e-01
6.231376862313768861e-01,2.849030494689941406e-02
5.426457354264573318e-01,2.011647939682006836e+01
7.482776641845703125e-01,1.636981964111328125e-03
6.092278591310706926e-01,4.039287567138671875e-03
6.837532501291179177e-01,4.009246826171875000e-03
3.824617538246175563e-01,5.408775806427001953e-01
3.902609739026097202e-01,2.010202407836914062e-02
4.894510548945105732e-01,2.101543498039245605e+01
7.482776641845703125e-01,1.709699630737304688e-03
4.182271746290893155e-01,4.055261611938476562e-03
3.042862987580389200e-01,4.007577896118164062e-03
7.130286971302869370e-01,3.478763103485107422e-01
6.918308169183081668e-01,1.210451126098632812e-02
7.082291770822917165e-01,2.014594197273254395e+01
7.482776641845703125e-01,1.741409301757812500e-03
6.292897962816208501e-01,1.209473609924316406e-02
7.311719806822131185e-01,4.021406173706054688e-03
3.599640035996400089e-02,4.737308025360107422e-01
3.839616038396160419e-02,1.210618019104003906e-02
9.749025097490250646e-02,2.019978117942810059e+01
2.069473266601562500e-02,2.544641494750976562e-03
7.194466584124424580e-02,4.236698150634765625e-03
3.708400701403581634e-02,4.046440124511718750e-03
4.549545045495450579e-01,4.728212356567382812e-01
4.621537846215378331e-01,1.256632804870605469e-02
8.089191080891910968e-01,2.049903488159179688e+01
2.517223358154296875e-01,7.345438003540039062e-03
5.005685771665110417e-01,4.078626632690429688e-03
4.793754753060923690e-01,4.005432128906250000e-03
8.149185081491850946e-01,6.174662113189697266e-01
8.192180781921807320e-01,1.217174530029296875e-02
6.539346065393460972e-01,2.056510567665100098e+01
5.880985260009765625e-01,1.729011535644531250e-03
7.593337998720248727e-01,4.108428955078125000e-03
8.155162153238914025e-01,4.002809524536132812e-03
8.822117788221177648e-01,4.583897590637207031e-01
8.782121787821217662e-01,1.210308074951171875e-02
9.844015598440155612e-01,1.919560766220092773e+01
9.423408508300781250e-01,2.520561218261718750e-03
8.041668081760766640e-01,1.219797134399414062e-02
8.507735772074558334e-01,4.022836685180664062e-03
8.345165483451655319e-01,5.182213783264160156e-01
8.278172182781722288e-01,2.056932449340820312e-02
8.158184181581842331e-01,1.949250221252441406e+01
7.482776641845703125e-01,2.630949020385742188e-03
8.067787431434745304e-01,4.254341125488281250e-03
8.243157502276594606e-01,4.034757614135742188e-03
9.882011798820118376e-01,3.805139064788818359e-01
9.860013998600140050e-01,1.258754730224609375e-02
9.933006699330066969e-01,2.032397460937500000e+01
8.684120178222656250e-01,2.644538879394531250e-03
8.867242218945836640e-01,1.223254203796386719e-02
9.837479463977878424e-01,4.029989242553710938e-03
3.299670032996700197e-02,5.084679126739501953e-01
2.979702029797020452e-02,2.059412002563476562e-02
3.899610038996100675e-02,2.102254033088684082e+01
2.517223358154296875e-01,1.682043075561523438e-03
1.571975411381037468e-01,4.062891006469726562e-03
5.452464767722903227e-02,4.011631011962890625e-03
2.679732026797320144e-01,5.614190101623535156e-01
2.587741225877412399e-01,1.212430000305175781e-02
3.354664533546645178e-01,1.920032382011413574e+01
7.482776641845703125e-01,2.613544464111328125e-03
3.099842631500714929e-01,4.264593124389648438e-03
2.929824815837193119e-01,1.190757751464843750e-02
6.780321967803220051e-01,4.425709247589111328e-01
6.957304269573042488e-01,1.263141632080078125e-02
7.102289771022897158e-01,2.039591646194458008e+01
5.880985260009765625e-01,1.656532287597656250e-03
6.767544665875520060e-01,1.204872131347656250e-02
6.671046308698503902e-01,3.970146179199218750e-03
9.649035096490350683e-02,5.288426876068115234e-01
9.579042095790421540e-02,1.214599609375000000e-02
6.439356064393560175e-02,2.138278985023498535e+01
4.119014739990234375e-01,1.673221588134765625e-03
3.192756293425973446e-01,4.005193710327148438e-03
1.086054637917552301e-01,4.010438919067382812e-03
3.006699330066993081e-01,5.221049785614013672e-01
3.276672332766723539e-01,2.404499053955078125e-02
1.103889611038896129e-01,1.975015592575073242e+01
1.315879821777343750e-01,1.652717590332031250e-03
2.690878793145314862e-01,1.208472251892089844e-02
3.082126607205133428e-01,1.199269294738769531e-02
2.467753224677532164e-01,6.206459999084472656e-01
2.601739826017398505e-01,2.004051208496093750e-02
3.577642235776422597e-01,2.150170397758483887e+01
4.119014739990234375e-01,2.582788467407226562e-03
3.112942618649708892e-01,4.247903823852539062e-03
2.707911338543365076e-01,1.602435111999511719e-02
7.814218578142185789e-01,4.779915809631347656e-01
7.863213678632137160e-01,1.262068748474121094e-02
7.206279372062793787e-01,2.071194243431091309e+01
4.119014739990234375e-01,5.981683731079101562e-03
6.715730240600106260e-01,1.209926605224609375e-02
8.122383399511710067e-01,3.980159759521484375e-03
8.065193480651934310e-01,6.808118820190429688e-01
8.114188581141885681e-01,1.214838027954101562e-02
7.944205579442056298e-01,2.192583179473876953e+01
8.684120178222656250e-01,1.680374145507812500e-03
7.926741090450155625e-01,4.062414169311523438e-03
8.419055953298228978e-01,1.200056076049804688e-02
6.306369363063694111e-01,6.930029392242431641e-01
6.169383061693830550e-01,2.807521820068359375e-02
4.356564343565643704e-01,2.188701105117797852e+01
7.482776641845703125e-01,2.519130706787109375e-03
6.576220952371285566e-01,1.224231719970703125e-02
6.581437210799689908e-01,4.015207290649414062e-03
3.946605339466053297e-01,5.888571739196777344e-01
3.842615738426157224e-01,2.842092514038085938e-02
3.662633736626337289e-01,2.079603433609008789e+01
4.119014739990234375e-01,2.612113952636718750e-03
4.227463536752517070e-01,4.240512847900390625e-03
3.767875102561671352e-01,4.025697708129882812e-03
8.886111388861114291e-01,4.966120719909667969e-01
8.913108689131087337e-01,1.258659362792968750e-02
8.933106689331067329e-01,2.009598898887634277e+01
8.684120178222656250e-01,2.619028091430664062e-03
8.825553403497558014e-01,4.268169403076171875e-03
8.931185677996054118e-01,1.207518577575683594e-02
3.457654234576542085e-01,5.335857868194580078e-01
3.459654034596540417e-01,1.264381408691406250e-02
3.504649535046495124e-01,1.941431975364685059e+01
5.880985260009765625e-01,1.679897308349609375e-03
4.906129636362935309e-01,4.075527191162109375e-03
2.979031557739900693e-01,3.999233245849609375e-03
8.265173482651735348e-01,4.282705783843994141e-01
8.134186581341865674e-01,2.010846138000488281e-02
7.210278972102789341e-01,2.027580928802490234e+01
7.482776641845703125e-01,1.727342605590820312e-03
7.657435742105433985e-01,4.086494445800781250e-03
8.397936016791092140e-01,8.008241653442382812e-03
4.889511048895110457e-01,4.379422664642333984e-01
4.759524047595240503e-01,1.214551925659179688e-02
5.153484651534846472e-01,1.971452450752258301e+01
2.517223358154296875e-01,1.064419746398925781e-02
4.859177014046351384e-01,4.262924194335937500e-03
4.524501394855416359e-01,1.201057434082031250e-02
9.954004599540046128e-01,6.195917129516601562e-01
9.955004499550045294e-01,1.270723342895507812e-02
9.951004899510048629e-01,2.003416728973388672e+01
9.793052673339843750e-01,1.717567443847656250e-03
9.954597097290509566e-01,1.208305358886718750e-02
9.926136949507985419e-01,4.033565521240234375e-03
2.455754424557544113e-01,5.710623264312744141e-01
2.345765423457654153e-01,2.006936073303222656e-02
3.666633336666333398e-01,1.863628339767456055e+01
2.517223358154296875e-01,1.726388931274414062e-03
2.304418638152911925e-01,4.064559936523437500e-03
2.432955059873645465e-01,4.007101058959960938e-03
2.800719928007199266e-01,4.240257740020751953e-01
2.881711828817118404e-01,1.207304000854492188e-02
3.666633336666333398e-01,2.208961200714111328e+01
1.315879821777343750e-01,1.718521118164062500e-03
3.397970843750769410e-01,1.208162307739257812e-02
3.124292268914396487e-01,3.989458084106445312e-03
6.180381961803819157e-01,5.086476802825927734e-01
6.298370162983701892e-01,1.214313507080078125e-02
8.044195580441956261e-01,2.042880606651306152e+01
2.517223358154296875e-01,2.645254135131835938e-03
5.787333290978864397e-01,4.229307174682617188e-03
6.799199095114628610e-01,4.026889801025390625e-03
3.109689031096890197e-02,4.135954380035400391e-01
3.749625037496250035e-02,1.259684562683105469e-02
8.869113088691131519e-02,2.030218744277954102e+01
2.517223358154296875e-01,1.745223999023437500e-03
2.822700424482837978e-01,1.207995414733886719e-02
2.088659600101980263e-02,4.011154174804687500e-03
1.153884611538846111e-01,4.539899826049804688e-01
1.254874512548745102e-01,1.210093498229980469e-02
1.037896210378962125e-01,2.322701120376586914e+01
2.069473266601562500e-02,1.735210418701171875e-03
1.205652044259004074e-01,4.219055175781250000e-03
1.088214887911390094e-01,4.131078720092773438e-03
2.423757624237576347e-01,6.524033546447753906e-01
2.476752324767523272e-01,2.402877807617187500e-02
1.436856314368563092e-01,2.836528253555297852e+01
4.119014739990234375e-01,1.746177673339843750e-03
3.292786228374763313e-01,1.210212707519531250e-02
2.554844612064918197e-01,4.002332687377929688e-03
8.499150084991500403e-03,5.975518226623535156e-01
1.149885011498850106e-02,1.209306716918945312e-02
2.719728027197280268e-02,1.902452254295349121e+01
5.765914916992187500e-02,1.063156127929687500e-02
4.711895921029964768e-02,4.259586334228515625e-03
5.481663808011084590e-03,1.211285591125488281e-02
1.858814118588141273e-01,6.719071865081787109e-01
1.819818018198180176e-01,2.053213119506835938e-02
2.647735226477352377e-01,1.863226556777954102e+01
2.517223358154296875e-01,7.641553878784179688e-03
3.000951562087077473e-01,4.058122634887695312e-03
1.853200348111778695e-01,2.003335952758789062e-02
2.486751324867513269e-01,7.167308330535888672e-01
2.577742225777422402e-01,2.402663230895996094e-02
3.235676432356764387e-01,2.094966387748718262e+01
1.315879821777343750e-01,1.826047897338867188e-03
2.714342856736484677e-01,1.377773284912109375e-02
2.624723723160778954e-01,4.060029983520507812e-03
9.683031696830316504e-01,3.488695621490478516e-01
9.632036796320367911e-01,1.210546493530273438e-02
9.246075392460754161e-01,2.051489067077636719e+01
5.880985260009765625e-01,2.522230148315429688e-03
9.363579485280709713e-01,4.224061965942382812e-03
9.602020963277988486e-01,4.019260406494140625e-03
7.049295070492950233e-02,4.837906360626220703e-01
7.699230076992301386e-02,2.049303054809570312e-02
8.039196080391960986e-02,2.002925205230712891e+01
2.069473266601562500e-02,2.539873123168945312e-03
6.312175203670217227e-02,4.252672195434570312e-03
5.438534023281105245e-02,4.036188125610351562e-03
1.587841215878412204e-01,5.448217391967773438e-01
1.631836816318368300e-01,1.253938674926757812e-02
3.629637036296370217e-02,1.814940428733825684e+01
5.880985260009765625e-01,2.597093582153320312e-03
2.126798561760542827e-01,4.240512847900390625e-03
1.512570198828929735e-01,1.603627204895019531e-02
2.201779822017798094e-01,4.883022308349609375e-01
2.253774622537746131e-01,2.460074424743652344e-02
1.659834016598340234e-01,2.006521058082580566e+01
1.315879821777343750e-01,1.761436462402343750e-03
2.680146546975334942e-01,4.102468490600585938e-03
1.892531122758922546e-01,1.599431037902832031e-02
1.131886811318868064e-01,5.575108528137207031e-01
1.115888411158884180e-01,1.216316223144531250e-02
1.151884811518848056e-01,1.876854038238525391e+01
1.315879821777343750e-01,1.054167747497558594e-02
1.213953187231411324e-01,4.260778427124023438e-03
7.478674218090086701e-02,1.204657554626464844e-02
3.098690130986901381e-01,5.513670444488525391e-01
3.256674332566743546e-01,1.257634162902832031e-02
3.912608739126087198e-01,2.138607835769653320e+01
4.119014739990234375e-01,1.713991165161132812e-03
3.900184408168916317e-01,4.068374633789062500e-03
3.459515976885559896e-01,1.202797889709472656e-02
3.419658034196580015e-02,5.183370113372802734e-01
3.339666033396660599e-02,1.214051246643066406e-02
5.409459054094590408e-02,2.050436115264892578e+01
5.765914916992187500e-02,1.710891723632812500e-03
7.433129818464351279e-02,4.081964492797851562e-03
2.677160943966623227e-02,4.005670547485351562e-03
7.056294370562943286e-01,4.681909084320068359e-01
7.207279272072792953e-01,1.211404800415039062e-02
7.242275772422758218e-01,1.975686335563659668e+01
4.119014739990234375e-01,1.624822616577148438e-03
7.546375780228652408e-01,1.204442977905273438e-02
7.370179103469773896e-01,3.988265991210937500e-03
6.165383461653834996e-01,5.304822921752929688e-01
6.248375162483751355e-01,1.205468177795410156e-02
6.025397460253975046e-01,1.999502754211425781e+01
4.119014739990234375e-01,1.869916915893554688e-03
5.572200156403163129e-01,4.045486450195312500e-03
6.357666783960429502e-01,3.979206085205078125e-03
3.478652134786521244e-01,6.736958026885986328e-01
3.392660733926607386e-01,2.794575691223144531e-02
2.916708329167083114e-01,2.034707188606262207e+01
8.684120178222656250e-01,1.061654090881347656e-02
3.759412201602928549e-01,4.248142242431640625e-03
3.381705559851277965e-01,1.201272010803222656e-02
8.879112088791121238e-01,5.861179828643798828e-01
8.929107089291070665e-01,1.258468627929687500e-02
9.106089391060894211e-01,1.985762262344360352e+01
7.482776641845703125e-01,1.628160476684570312e-03
8.254476657856437694e-01,1.209402084350585938e-02
8.688640802430414034e-01,4.024982452392578125e-03
8.231176882311769250e-01,7.153058052062988281e-01
8.309169083091690888e-01,2.004861831665039062e-02
7.899210078992100481e-01,1.900813603401184082e+01
8.684120178222656250e-01,1.711130142211914062e-03
5.625546497312541305e-01,4.041910171508789062e-03
7.903477147499955446e-01,3.994226455688476562e-03
6.415358464153584350e-01,3.468949794769287109e-01
6.400359964003600188e-01,1.206660270690917969e-02
5.859414058594140107e-01,2.028888225555419922e+01
7.482776641845703125e-01,1.638174057006835938e-03
5.967652944305188445e-01,4.052162170410156250e-03
5.845957502689149710e-01,1.199078559875488281e-02
8.588141185881411621e-01,4.727082252502441406e-01
8.613138686131386335e-01,1.207518577575683594e-02
8.626137386261374385e-01,1.909401464462280273e+01
9.987115859985351562e-01,2.494812011718750000e-03
7.274678199287830660e-01,4.194974899291992188e-03
8.842220751012572766e-01,4.014968872070312500e-03
8.039196080391960986e-02,3.497338294982910156e-01
8.729127087291270459e-02,1.254343986511230469e-02
2.629737026297370162e-01,2.025965523719787598e+01
4.119014739990234375e-01,1.724720001220703125e-03
2.197248403628543900e-01,4.069805145263671875e-03
8.115363559268662375e-02,1.198601722717285156e-02
1.936806319368063189e-01,4.331142902374267578e-01
1.763823617638236307e-01,1.212477684020996094e-02
3.321667833216678245e-01,1.770941638946533203e+01
5.880985260009765625e-01,1.703023910522460938e-03
2.292982521078516522e-01,4.055976867675781250e-03
2.062416115747857104e-01,4.008531570434570312e-03
3.228677132286771334e-01,4.371917247772216797e-01
3.410658934106589601e-01,1.612949371337890625e-02
1.859814018598140162e-01,1.982196021080017090e+01
1.315879821777343750e-01,1.626968383789062500e-03
3.949590883354463511e-01,4.040479660034179688e-03
3.363493214125342634e-01,3.990411758422851562e-03
5.769423057694230556e-02,4.445080757141113281e-01
6.219378062193780393e-02,2.008271217346191406e-02
4.839516048395160752e-02,1.846448087692260742e+01
2.517223358154296875e-01,2.638339996337890625e-03
7.692213550120746701e-02,4.282236099243164062e-03
4.415211025890182495e-02,4.030704498291015625e-03
9.295070492950704422e-01,4.302909374237060547e-01
9.258074192580741935e-01,1.265025138854980469e-02
9.473052694730527135e-01,1.994485259056091309e+01
4.119014739990234375e-01,1.724004745483398438e-03
8.720742332897801763e-01,4.179239273071289062e-03
9.418060937745329486e-01,4.002094268798828125e-03
4.334566543345665379e-01,5.470914840698242188e-01
4.402559744025597577e-01,1.214647293090820312e-02
4.601539846015398338e-01,1.981147027015686035e+01
1.315879821777343750e-01,1.669645309448242188e-03
4.716957229736298829e-01,4.062414169311523438e-03
3.847787916271850905e-01,1.199674606323242188e-02
5.986401359864013116e-01,5.296072959899902344e-01
5.945405459454055075e-01,2.805662155151367188e-02
6.642335766423357324e-01,1.672257041931152344e+01
7.482776641845703125e-01,1.700162887573242188e-03
5.922151766404087914e-01,4.076480865478515625e-03
5.760438197634033530e-01,3.998517990112304688e-03
7.901209879012098813e-01,3.802738189697265625e-01
7.904209579042096312e-01,1.209664344787597656e-02
6.798320167983201712e-01,2.115081691741943359e+01
8.684120178222656250e-01,2.611875534057617188e-03
8.031287860480457175e-01,4.242420196533203125e-03
8.186326088357110953e-01,4.014968872070312500e-03
9.633036696330367077e-01,4.186136722564697266e-01
9.559044095590440993e-01,1.260352134704589844e-02
9.635036496350365409e-01,2.098911833763122559e+01
8.684120178222656250e-01,1.711368560791015625e-03
8.568200484823980112e-01,4.052639007568359375e-03
9.464919492023965431e-01,3.998279571533203125e-03
3.060693930606939173e-01,4.703493118286132812e-01
3.222677732226777447e-01,2.804255485534667969e-02
2.945705429457054492e-01,1.943109440803527832e+01
4.119014739990234375e-01,1.741886138916015625e-03
3.300524453676039194e-01,4.072427749633789062e-03
3.358988579494820437e-01,4.001379013061523438e-03
5.471452854714528025e-01,4.605598449707031250e-01
5.687431256874312391e-01,1.212430000305175781e-02
4.013598640135986328e-01,1.986518454551696777e+01
1.315879821777343750e-01,1.654863357543945312e-03
5.221435452179713499e-01,4.029989242553710938e-03
6.052724112777757570e-01,3.986597061157226562e-03
5.846415358464153167e-01,3.468141555786132812e-01
5.991400859914008947e-01,1.205968856811523438e-02
5.185481451854814239e-01,1.910871386528015137e+01
1.315879821777343750e-01,1.659631729125976562e-03
5.734120595227011341e-01,1.205635070800781250e-02
6.565461128795695434e-01,4.001617431640625000e-03
8.419158084191580294e-01,5.376036167144775391e-01
8.340165983401659489e-01,2.794575691223144531e-02
7.717228277172283324e-01,1.983255767822265625e+01
2.517223358154296875e-01,1.055812835693359375e-02
8.255059270238512825e-01,4.294395446777343750e-03
8.391191858334137166e-01,4.043579101562500000e-03
4.968503149685031262e-01,5.280706882476806641e-01
5.053494650534946508e-01,2.061533927917480469e-02
4.461553844615538389e-01,1.840618944168090820e+01
4.119014739990234375e-01,1.719474792480468750e-03
5.559378993781063372e-01,4.078865051269531250e-03
4.566713167928250772e-01,4.014968872070312500e-03
5.627437256274372412e-01,3.480310440063476562e-01
5.647435256474352405e-01,1.216745376586914062e-02
5.926407359264073138e-01,1.980900979042053223e+01
5.880985260009765625e-01,1.643419265747070312e-03
5.207188652930494488e-01,1.205325126647949219e-02
5.678851426000333102e-01,3.992080688476562500e-03
1.340865913408659238e-01,5.145473480224609375e-01
1.354864513548645066e-01,1.208257675170898438e-02
1.365863413658634229e-01,1.950868320465087891e+01
5.880985260009765625e-01,1.716613769531250000e-03
2.096384156554423894e-01,1.203632354736328125e-02
1.613312068248445863e-01,3.985404968261718750e-03
9.633036696330367077e-01,4.634661674499511719e-01
9.620037996200380137e-01,2.005696296691894531e-02
9.516048395160483508e-01,2.045708703994750977e+01
2.517223358154296875e-01,2.505302429199218750e-03
8.534119952803755904e-01,4.226446151733398438e-03
9.390413398463248740e-01,4.014253616333007812e-03
3.044695530446955289e-01,3.493278026580810547e-01
3.006699330066993081e-01,1.255941390991210938e-02
2.996700329967003085e-01,2.146756124496459961e+01
1.315879821777343750e-01,1.703739166259765625e-03
3.171535563878328801e-01,1.552700996398925781e-02
3.889757562646425360e-01,4.004716873168945312e-03
7.575242475752425042e-01,6.038634777069091797e-01
7.663233676632337232e-01,2.011919021606445312e-02
8.201179882011798705e-01,2.092898654937744141e+01
7.482776641845703125e-01,1.732110977172851562e-03
6.582476060253852346e-01,4.085540771484375000e-03
7.474293036787620359e-01,3.999948501586914062e-03
5.643435656434356851e-01,4.275343418121337891e-01
5.478452154784521078e-01,1.212882995605468750e-02
6.310368963103689666e-01,1.939766788482666016e+01
9.423408508300781250e-01,1.725196838378906250e-03
5.396784488616512832e-01,4.055738449096679688e-03
5.996276567772957922e-01,3.985643386840820312e-03
2.442755724427557174e-01,4.409577846527099609e-01
2.611738826117388501e-01,1.211285591125488281e-02
1.352864713528647012e-01,2.100119495391845703e+01
2.517223358154296875e-01,2.624988555908203125e-03
4.155637259578640053e-01,4.263401031494140625e-03
1.852885517918810843e-01,1.190352439880371094e-02
6.846315368463153916e-01,4.988691806793212891e-01
6.790320967903209493e-01,2.849745750427246094e-02
7.442255774422558146e-01,2.023467540740966797e+01
7.482776641845703125e-01,1.681327819824218750e-03
7.242256448629202925e-01,4.040479660034179688e-03
6.539823518568332883e-01,3.991365432739257812e-03
6.685331466853314808e-01,4.726858139038085938e-01
6.595340465953404285e-01,1.209735870361328125e-02
5.220477952204779504e-01,2.061313247680664062e+01
2.517223358154296875e-01,1.619577407836914062e-03
6.071772549244296435e-01,4.044294357299804688e-03
6.865966643668817149e-01,3.982067108154296875e-03
2.729727027297270125e-01,4.273068904876708984e-01
2.953704629537046156e-01,1.205992698669433594e-02
5.230476952304770055e-01,2.206735634803771973e+01
2.517223358154296875e-01,1.693725585937500000e-03
3.076155428696955019e-01,4.042625427246093750e-03
2.515954513714625529e-01,1.190209388732910156e-02
4.053594640535946314e-01,5.122015476226806641e-01
3.885611438856114153e-01,2.010130882263183594e-02
2.767723227677232334e-01,2.234660530090332031e+01
4.119014739990234375e-01,2.466440200805664062e-03
4.248306951144402155e-01,4.230737686157226562e-03
3.553093387420668825e-01,4.041671752929687500e-03
1.452854714528547253e-01,4.211595058441162109e-01
1.523847615238476116e-01,2.839064598083496094e-02
1.378862113788621169e-01,1.989591598510742188e+01
2.517223358154296875e-01,1.722335815429687500e-03
1.888623831047336887e-01,4.053831100463867188e-03
1.780903238879255057e-01,3.983974456787109375e-03
4.288571142885711507e-01,3.459951877593994141e-01
4.192580741925807652e-01,1.211309432983398438e-02
6.221377862213778309e-01,2.008644151687622070e+01
4.119014739990234375e-01,1.691341400146484375e-03
4.016950728129550785e-01,4.071950912475585938e-03
3.913290054648892458e-01,4.009485244750976562e-03
5.854414558544145386e-01,5.569331645965576172e-01
5.993400659934006169e-01,1.211690902709960938e-02
7.110288971102889377e-01,1.979942536354064941e+01
2.517223358154296875e-01,1.801013946533203125e-03
5.544012911629981888e-01,4.083633422851562500e-03
5.836173001530623461e-01,6.673812866210937500e-03
2.789721027897210104e-01,7.417690753936767578e-01
2.823717628237176203e-01,2.124953269958496094e-02
3.188681131886811349e-01,2.085133886337280273e+01
5.765914916992187500e-02,2.474308013916015625e-03
3.124111678774407208e-01,1.221513748168945312e-02
2.263965554774368116e-01,4.003524780273437500e-03
9.975002499750025287e-01,3.898456096649169922e-01
9.964003599640035569e-01,1.641988754272460938e-02
9.824017598240175619e-01,2.165941596031188965e+01
9.940910339355468750e-01,9.709358215332031250e-03
9.942910956864282612e-01,4.082679748535156250e-03
9.977258699396484021e-01,1.199340820312500000e-02
3.028697130286971406e-01,5.277397632598876953e-01
2.973702629737026149e-01,2.817702293395996094e-02
2.952704729527047545e-01,2.069621062278747559e+01
4.119014739990234375e-01,2.591371536254882812e-03
2.429864183115871823e-01,1.230931282043457031e-02
2.445475762194102010e-01,4.049777984619140625e-03
4.533546645335466696e-01,5.782084465026855469e-01
4.703529647035296635e-01,2.056264877319335938e-02
6.492350764923507933e-01,2.010154724121093750e+01
1.315879821777343750e-01,1.655578613281250000e-03
4.882152443120916230e-01,4.054784774780273438e-03
5.061005917758025774e-01,3.997564315795898438e-03
2.501749825017497986e-01,3.819675445556640625e-01
2.746725327467253175e-01,1.209020614624023438e-02
2.254774522547745297e-01,2.045694160461425781e+01
5.765914916992187500e-02,2.630710601806640625e-03
2.925222241203455642e-01,1.224374771118164062e-02
2.333674084178332664e-01,4.030942916870117188e-03
5.379462053794620280e-01,4.565317630767822266e-01
5.383461653834616945e-01,1.261210441589355469e-02
4.485551444855514491e-01,2.004777121543884277e+01
5.880985260009765625e-01,1.734495162963867188e-03
5.699525449300175683e-01,4.086017608642578125e-03
5.517745046989989133e-01,3.991365432739257812e-03
6.068393160683931420e-01,4.854955673217773438e-01
6.292370762923708005e-01,1.216554641723632812e-02
7.855214478552144941e-01,2.069394707679748535e+01
5.880985260009765625e-01,1.634597778320312500e-03
5.999854836316735884e-01,4.060506820678710938e-03
5.787238250469219913e-01,3.981113433837890625e-03
2.510748925107489371e-01,4.120144844055175781e-01
2.506749325067493261e-01,2.807331085205078125e-02
1.992800719928007336e-01,1.996170473098754883e+01
5.765914916992187500e-02,1.701593399047851562e-03
3.221193398951265330e-01,4.072189331054687500e-03
1.893645811444566451e-01,1.203322410583496094e-02
5.605439456054394087e-01,4.242498874664306641e-01
5.422457754224577764e-01,2.012825012207031250e-02
4.286571342865713174e-01,2.088637208938598633e+01
8.684120178222656250e-01,2.598524093627929688e-03
5.404238022707182898e-01,4.276990890502929688e-03
5.393779568208354469e-01,4.029750823974609375e-03
9.569043095690430434e-01,5.433123111724853516e-01
9.541045895410459332e-01,1.258277893066406250e-02
9.033096690330967293e-01,2.093163275718688965e+01
7.482776641845703125e-01,1.730918884277343750e-03
9.334854534643571844e-01,1.206159591674804688e-02
9.425223228717993784e-01,3.983497619628906250e-03
6.396360363963603524e-01,7.013638019561767578e-01
6.486351364863514046e-01,2.415466308593750000e-02
5.828417158284171506e-01,2.084510827064514160e+01
2.517223358154296875e-01,1.685380935668945312e-03
5.893070032026628269e-01,4.075527191162109375e-03
6.699929054684721219e-01,1.197481155395507812e-02
4.178582141785821547e-01,6.909093856811523438e-01
4.215578442155784589e-01,2.803730964660644531e-02
4.203579642035796260e-01,1.990888452529907227e+01
7.482776641845703125e-01,1.676559448242187500e-03
4.460162190314498343e-01,1.607084274291992188e-02
4.249703150769412741e-01,4.006147384643554688e-03
1.178882111788821102e-01,5.137462615966796875e-01
1.188881111888811098e-01,2.803468704223632812e-02
1.502849715028497235e-01,2.032658600807189941e+01
5.880985260009765625e-01,2.569198608398437500e-03
1.098716729191884234e-01,1.616811752319335938e-02
1.506819129761454157e-01,4.058122634887695312e-03
1.729827017298270209e-02,6.094155311584472656e-01
1.849815018498150027e-02,2.055096626281738281e-02
2.949705029497050324e-02,1.941705799102783203e+01
1.288414001464843750e-03,1.674890518188476562e-03
2.072671439440058883e-02,4.065036773681640625e-03
3.662334341098131413e-02,3.998756408691406250e-03
9.720027997200280101e-01,6.190674304962158203e-01
9.711028897110288716e-01,2.007865905761718750e-02
9.852014798520147831e-01,1.834038710594177246e+01
9.793052673339843750e-01,1.695156097412109375e-03
9.490446655340287752e-01,1.206707954406738281e-02
9.688929278846040161e-01,3.990411758422851562e-03
5.459454054594540251e-01,6.162736415863037109e-01
5.639436056394360186e-01,1.208758354187011719e-02
5.255474452554744769e-01,1.928594303131103516e+01
7.482776641845703125e-01,1.657247543334960938e-03
5.339239594608053974e-01,4.055500030517578125e-03
5.907818116149612386e-01,3.987789154052734375e-03
1.533846615338466113e-01,5.406925678253173828e-01
1.537846215378462222e-01,1.203775405883789062e-02
3.548645135486451219e-01,1.798051953315734863e+01
1.315879821777343750e-01,9.686231613159179688e-03
1.923368469047651019e-01,4.063129425048828125e-03
1.797019788404088936e-01,1.198554039001464844e-02
8.449155084491550838e-01,5.548079013824462891e-01
8.471152884711529163e-01,2.008295059204101562e-02
8.760123987601239337e-01,1.967981433868408203e+01
5.880985260009765625e-01,2.496242523193359375e-03
7.734069436748498561e-01,4.204511642456054688e-03
7.873999671223106400e-01,4.038572311401367188e-03
8.499150084991501375e-01,4.313023090362548828e-01
8.462153784621537778e-01,1.249933242797851562e-02
8.020197980201979604e-01,1.861576461791992188e+01
7.482776641845703125e-01,1.723051071166992188e-03
8.148943819448928316e-01,1.628661155700683594e-02
8.187581074303036388e-01,4.029512405395507812e-03
7.948205179482051852e-01,6.586017608642578125e-01
7.763223677632237196e-01,1.259541511535644531e-02
7.305269473052694584e-01,1.933577895164489746e+01
7.482776641845703125e-01,1.738786697387695312e-03
5.978527297551342601e-01,1.206541061401367188e-02
7.980710787819923491e-01,3.977775573730468750e-03
7.740225977402259705e-01,4.760036468505859375e-01
7.786221377862213577e-01,1.212859153747558594e-02
7.708229177082291939e-01,2.030079746246337891e+01
8.684120178222656250e-01,1.722574234008789062e-03
7.420417102374139429e-01,4.051923751831054688e-03
7.692428125933071792e-01,4.024982452392578125e-03
5.398460153984601106e-01,3.479118347167968750e-01
5.439456054394560258e-01,1.212072372436523438e-02
4.395560443955604524e-01,1.727629375457763672e+01
4.119014739990234375e-01,1.063752174377441406e-02
5.373376859769214420e-01,4.269123077392578125e-03
5.494835253353355098e-01,1.204967498779296875e-02
8.610138986101389946e-01,7.105097770690917969e-01
8.690130986901309917e-01,2.860069274902343750e-02
8.247175282471752578e-01,1.777146840095520020e+01
8.684120178222656250e-01,1.730203628540039062e-03
8.497585462318049121e-01,1.207208633422851562e-02
8.717428211778196490e-01,3.974914550781250000e-03
8.267173282671732570e-01,5.878784656524658203e-01
8.305169483051695334e-01,1.222419738769531250e-02
8.605139486051395226e-01,1.594386267662048340e+01
5.880985260009765625e-01,1.738309860229492188e-03
7.876808333560998410e-01,4.101991653442382812e-03
8.410318720266884984e-01,3.963947296142578125e-03
6.099390060993900575e-02,3.483963012695312500e-01
6.859314068593140579e-02,1.211857795715332031e-02
6.839316068393160031e-02,1.545296525955200195e+01
1.315879821777343750e-01,1.744031906127929688e-03
7.968474653107621153e-02,4.055261611938476562e-03
5.579038838259128830e-02,1.732516288757324219e-02
8.009199080091990164e-02,4.103927612304687500e-01
7.509249075092490344e-02,1.226711273193359375e-02
3.989601039896010365e-02,1.545479273796081543e+01
2.517223358154296875e-01,2.628803253173828125e-03
4.157750684793158347e-01,4.254579544067382812e-03
1.151334223437184279e-01,4.043817520141601562e-03
8.774122587741225443e-01,3.491497039794921875e-01
8.675132486751324645e-01,1.260900497436523438e-02
9.575042495750425431e-01,1.556909656524658203e+01
5.880985260009765625e-01,1.581668853759765625e-03
7.926045855186909517e-01,4.004478454589843750e-03
8.903152574150857701e-01,3.984689712524414062e-03
7.929207079292070748e-02,3.520770072937011719e-01
7.679232076792320838e-02,1.202607154846191406e-02
1.098890110988901131e-01,1.550922131538391113e+01
2.069473266601562500e-02,1.616477966308593750e-03
9.635372351405069313e-02,4.019975662231445312e-03
7.385509205063253702e-02,4.000425338745117188e-03
8.939106089391060661e-02,3.479492664337158203e-01
8.909109089091091227e-02,1.202630996704101562e-02
2.149785021497850335e-01,1.547638916969299316e+01
2.517223358154296875e-01,2.457618713378906250e-03
1.366719192223815327e-01,4.211425781250000000e-03
9.753075129463328885e-02,4.009962081909179688e-03
6.793320667933206991e-01,3.478355407714843750e-01
6.744325567443255620e-01,1.251029968261718750e-02
5.605439456054394087e-01,1.569112086296081543e+01
7.482776641845703125e-01,1.676559448242187500e-03
6.261340560815509271e-01,4.053354263305664062e-03
7.592862310817880545e-01,3.990888595581054688e-03
3.201679832016798288e-01,3.600189685821533203e-01
3.223677632236776058e-01,1.208066940307617188e-02
2.622737726227377109e-01,1.525145959854125977e+01
5.880985260009765625e-01,1.571416854858398438e-03
3.679121083839834716e-01,4.031896591186523438e-03
3.602680026361519960e-01,3.980636596679687500e-03
5.866413358664133160e-01,3.541154861450195312e-01
5.682431756824317670e-01,1.203393936157226562e-02
6.552344765523447911e-01,1.547186732292175293e+01
5.880985260009765625e-01,1.574277877807617188e-03
5.988248480508084892e-01,3.988265991210937500e-03
6.332144188088519865e-01,4.000663757324218750e-03
7.024297570242975519e-01,3.481793403625488281e-01
7.086291370862913830e-01,1.201272010803222656e-02
5.593440655934406314e-01,1.539860057830810547e+01
5.880985260009765625e-01,2.446651458740234375e-03
5.773766198174800079e-01,4.194498062133789062e-03
7.382604049286339842e-01,4.000425338745117188e-03
3.074692530746925279e-01,3.475673198699951172e-01
3.024697530246975297e-01,1.247787475585937500e-02
3.422657734226577375e-01,1.538278746604919434e+01
4.119014739990234375e-01,1.625061035156250000e-03
3.122783385227052566e-01,4.028320312500000000e-03
3.449594924354100201e-01,3.983020782470703125e-03
7.544245575442455332e-01,3.479175567626953125e-01
7.634236576342365854e-01,1.206159591674804688e-02
7.571242875712428377e-01,1.561054182052612305e+01
8.684120178222656250e-01,1.606941223144531250e-03
6.835385774361210087e-01,4.047632217407226562e-03
7.979762651000235074e-01,4.005670547485351562e-03
7.030296970302969406e-01,3.495056629180908203e-01
6.801319868013199210e-01,1.200628280639648438e-02
6.240375962403759136e-01,1.554399418830871582e+01
9.793052673339843750e-01,1.648902893066406250e-03
6.392273551196800963e-01,4.055023193359375000e-03
6.910191604352200478e-01,4.019975662231445312e-03
5.525447455254474116e-01,3.481991291046142578e-01
5.559444055594440215e-01,1.204490661621093750e-02
7.105289471052894656e-01,1.535887479782104492e+01
4.119014739990234375e-01,2.566337585449218750e-03
5.509682612543129743e-01,4.191637039184570312e-03
5.590733581600160207e-01,4.023313522338867188e-03
3.593640635936406480e-01,3.494048118591308594e-01
3.572642735726427321e-01,1.256752014160156250e-02
3.573642635736426487e-01,1.536881518363952637e+01
5.765914916992187500e-02,1.742124557495117188e-03
3.965050845701732496e-01,4.072427749633789062e-03
3.904297472027797311e-01,4.006624221801757812e-03
7.492250774922507572e-01,3.468897342681884766e-01
7.438256174382561481e-01,1.211476325988769531e-02
6.886311368863113902e-01,1.568096232414245605e+01
5.880985260009765625e-01,1.685380935668945312e-03
6.038420397777226611e-01,4.074573516845703125e-03
7.550246073942239455e-01,4.038333892822265625e-03
1.507849215078492233e-01,3.482780456542968750e-01
1.692830716928307166e-01,1.205396652221679688e-02
2.074792520747925084e-01,1.524815678596496582e+01
1.315879821777343750e-01,1.706838607788085938e-03
1.968691328457627399e-01,4.077672958374023438e-03
1.574271152554941877e-01,3.997325897216796875e-03
8.457154284571543057e-01,3.494386672973632812e-01
8.520147985201479424e-01,1.211166381835937500e-02
9.586041395860414038e-01,1.455643916130065918e+01
5.880985260009765625e-01,2.515554428100585938e-03
6.444833996844308022e-01,4.222393035888671875e-03
8.097690139894064831e-01,4.022121429443359375e-03
6.639336066393360936e-01,3.473320007324218750e-01
6.479352064793520993e-01,1.253271102905273438e-02
6.524347565243475700e-01,1.579040336608886719e+01
2.517223358154296875e-01,1.593589782714843750e-03
6.645752369068529397e-01,4.031181335449218750e-03
6.261921422288709849e-01,3.985643386840820312e-03
9.159084091590841137e-01,3.495767116546630859e-01
9.154084591540846416e-01,1.200461387634277344e-02
5.972402759724028121e-01,1.555439376831054688e+01
5.880985260009765625e-01,1.662492752075195312e-03
7.178513323651195543e-01,4.030227661132812500e-03
8.943153124429561451e-01,3.988265991210937500e-03
8.319168083191680330e-01,3.477842807769775391e-01
8.239176082391760358e-01,1.206064224243164062e-02
7.617238276172382250e-01,1.546108031272888184e+01
9.423408508300781250e-01,1.612663269042968750e-03
5.895413588568299001e-01,4.021167755126953125e-03
8.044849020178119758e-01,3.999471664428710938e-03
7.431256874312568428e-01,3.495159149169921875e-01
7.428257174282572040e-01,1.205015182495117188e-02
7.499250074992500625e-01,1.524645042419433594e+01
8.684120178222656250e-01,2.524375915527343750e-03
6.896587232912156917e-01,4.217863082885742188e-03
7.259883135736604487e-01,4.030704498291015625e-03
6.133386661333866119e-01,3.471670150756835938e-01
6.032396760323968099e-01,1.250481605529785156e-02
6.436356364363563509e-01,1.553446602821350098e+01
7.482776641845703125e-01,1.610517501831054688e-03
5.999110832621910028e-01,4.007101058959960938e-03
6.329171799261260611e-01,3.997325897216796875e-03
2.307769223077692222e-01,3.472399711608886719e-01
2.189781021897810320e-01,1.202487945556640625e-02
1.705829417058294106e-01,1.554624271392822266e+01
5.765914916992187500e-02,1.580476760864257812e-03
3.367735873079873987e-01,4.022359848022460938e-03
2.279320639520072134e-01,3.988742828369140625e-03
1.707829217078292161e-01,3.474328517913818359e-01
1.805819418058194070e-01,1.220822334289550781e-02
2.137786221377862284e-01,1.651494741439819336e+01
2.517223358154296875e-01,1.617431640625000000e-03
1.750398036785520417e-01,4.021883010864257812e-03
1.894501098499087877e-01,3.979444503784179688e-03
7.861213878612138828e-01,3.480992317199707031e-01
7.863213678632137160e-01,1.202297210693359375e-02
8.755124487551244616e-01,1.537186932563781738e+01
7.482776641845703125e-01,2.471923828125000000e-03
7.314132041150634977e-01,4.209518432617187500e-03
8.012852871970548296e-01,4.004478454589843750e-03
5.492450754924507184e-01,4.442424774169921875e-01
5.445455454454554145e-01,2.046823501586914062e-02
6.190380961903809709e-01,1.475184822082519531e+01
5.880985260009765625e-01,1.622676849365234375e-03
5.135309505424112686e-01,4.027843475341796875e-03
6.168515037380785104e-01,3.995418548583984375e-03
3.484651534846515131e-01,3.477492332458496094e-01
3.486651334866513463e-01,1.203823089599609375e-02
4.750524947505249673e-01,1.674383807182312012e+01
8.684120178222656250e-01,1.685619354248046875e-03
4.135522300650616989e-01,4.070758819580078125e-03
3.070983901346117095e-01,3.978013992309570312e-03
9.282071792820717482e-01,3.481688499450683594e-01
9.239076092390761108e-01,1.208519935607910156e-02
9.243075692430756662e-01,1.570893573760986328e+01
8.684120178222656250e-01,1.677036285400390625e-03
9.279627186321999233e-01,4.036664962768554688e-03
9.139901475949439025e-01,4.003524780273437500e-03
5.111488851114888154e-01,3.473663330078125000e-01
4.924507549245075722e-01,1.204705238342285156e-02
5.446455354464553311e-01,1.489022827148437500e+01
7.482776641845703125e-01,2.475261688232421875e-03
5.536313445736039673e-01,4.212617874145507812e-03
4.892933266444338680e-01,4.019260406494140625e-03
6.191380861913808875e-01,3.480277061462402344e-01
6.141385861413858338e-01,1.252412796020507812e-02
6.869313068693130298e-01,1.599026513099670410e+01
4.119014739990234375e-01,1.626014709472656250e-03
6.537281832752355193e-01,4.011631011962890625e-03
6.811557641835876975e-01,4.002094268798828125e-03
3.970602939706029400e-01,3.499107360839843750e-01
4.237576242375762359e-01,1.203703880310058594e-02
5.536446355364463834e-01,1.527609801292419434e+01
1.315879821777343750e-01,1.594305038452148438e-03
3.746797447868432940e-01,4.048824310302734375e-03
3.610884677754684913e-01,3.991603851318359375e-03
8.914108589141085393e-01,3.489477634429931641e-01
8.939106089391061216e-01,1.197481155395507812e-02
7.669233076692331119e-01,1.525663185119628906e+01
9.423408508300781250e-01,1.747608184814453125e-03
8.594098477481255660e-01,4.042863845825195312e-03
9.230794654182270520e-01,4.017591476440429688e-03
7.784221577842215245e-01,4.036202430725097656e-01
7.657234276572342235e-01,1.231217384338378906e-02
6.528347165283471254e-01,1.577415800094604492e+01
9.793052673339843750e-01,2.634525299072265625e-03
7.552850048545272088e-01,4.243135452270507812e-03
7.308323726500524087e-01,1.200032234191894531e-02
1.998800119988001223e-01,3.563325405120849609e-01
2.154784521547845333e-01,1.262640953063964844e-02
2.672732726727327091e-01,1.585077762603759766e+01
1.315879821777343750e-01,1.774549484252929688e-03
2.980782336471662353e-01,4.062175750732421875e-03
2.167189277785207535e-01,4.015684127807617188e-03
9.374062593740626337e-01,3.501026630401611328e-01
9.354064593540646344e-01,1.214027404785156250e-02
9.455054494550545474e-01,1.540778684616088867e+01
8.684120178222656250e-01,1.638650894165039062e-03
9.042381896994411417e-01,4.036188125610351562e-03
9.322953952257096999e-01,3.979206085205078125e-03
8.606139386061394392e-01,3.485100269317626953e-01
8.565143485651435240e-01,1.204752922058105469e-02
8.751124887511249062e-01,1.574174928665161133e+01
9.423408508300781250e-01,1.693010330200195312e-03
8.104352186924108636e-01,4.064083099365234375e-03
9.025916061931109624e-01,3.999471664428710938e-03
5.301469853014698641e-01,3.477497100830078125e-01
5.485451454854514131e-01,1.206755638122558594e-02
7.946205379462053520e-01,1.636916232109069824e+01
5.880985260009765625e-01,2.512693405151367188e-03
5.027338839487351940e-01,4.234313964843750000e-03
5.332579902694015717e-01,3.997802734375000000e-03
8.663133686631336872e-01,3.461163043975830078e-01
8.581141885811418568e-01,1.252698898315429688e-02
8.328167183281671715e-01,1.548864030838012695e+01
9.793052673339843750e-01,1.641273498535156250e-03
7.903169573154982253e-01,4.039764404296875000e-03
8.567987659210207774e-01,4.013538360595703125e-03
3.599640035996400176e-03,3.788537979125976562e-01
4.299570042995700704e-03,1.206398010253906250e-02
5.399460053994600481e-03,1.567131423950195312e+01
2.069473266601562500e-02,1.602172851562500000e-03
1.218687919661903991e-02,4.040956497192382812e-03
6.034522561122175263e-03,3.996133804321289062e-03
8.799120087991201683e-03,3.450064659118652344e-01
8.699130086991300678e-03,1.207566261291503906e-02
1.789821017898210118e-02,1.550890588760375977e+01
2.012252807617187500e-04,2.490043640136718750e-03
2.353897427980324725e-02,4.197120666503906250e-03
1.389850644648106363e-02,4.015684127807617188e-03
2.309769023097690277e-01,3.475818634033203125e-01
2.412758724127587184e-01,1.250505447387695312e-02
3.060693930606939173e-01,1.553231549263000488e+01
1.315879821777343750e-01,1.595497131347656250e-03
2.764447300086744219e-01,4.054307937622070312e-03
2.366295920982192658e-01,3.986835479736328125e-03
8.552144785521448300e-01,3.478412628173828125e-01
8.519148085191481368e-01,1.202940940856933594e-02
9.092090790920908105e-01,1.537801289558410645e+01
7.482776641845703125e-01,1.693487167358398438e-03
7.044130549040833467e-01,4.042863845825195312e-03
8.506351076774396613e-01,4.014015197753906250e-03
6.282371762823717454e-01,3.491280078887939453e-01
6.292370762923708005e-01,1.207137107849121094e-02
5.798420157984202072e-01,1.542080307006835938e+01
1.315879821777343750e-01,1.613140106201171875e-03
6.174936614848913763e-01,4.053354263305664062e-03
6.757303127267301202e-01,3.998517990112304688e-03
1.675832416758324117e-01,3.478078842163085938e-01
1.779822017798220191e-01,1.200199127197265625e-02
1.835816418358164059e-01,1.598201227188110352e+01
2.517223358154296875e-01,2.459764480590820312e-03
2.186685761442070386e-01,4.220962524414062500e-03
1.682687259460404205e-01,4.031658172607421875e-03
1.279872012798720197e-02,3.476369380950927734e-01
1.439856014398560070e-02,1.247572898864746094e-02
5.139486051394860644e-02,1.454440736770629883e+01
5.765914916992187500e-02,1.606225967407226562e-03
4.808541859774526778e-02,4.047870635986328125e-03
1.281840541526403990e-02,4.014968872070312500e-03
3.146685331466853586e-01,3.659439086914062500e-01
3.217678232176782172e-01,1.206517219543457031e-02
3.655634436556344236e-01,1.568540334701538086e+01
7.482776641845703125e-01,1.604080200195312500e-03
3.679412030285215685e-01,4.027605056762695312e-03
3.379238666792184764e-01,3.985881805419921875e-03
6.135386461353864451e-01,3.470396995544433594e-01
6.039396060393961152e-01,1.203560829162597656e-02
6.650334966503349543e-01,1.579268956184387207e+01
7.482776641845703125e-01,1.684188842773437500e-03
5.948779764938920689e-01,4.053831100463867188e-03
6.034078542818817059e-01,4.002332687377929688e-03
1.042895710428957123e-01,3.478724956512451172e-01
9.889011098890110318e-02,1.206469535827636719e-02
5.209479052094790480e-02,1.602086520195007324e+01
2.517223358154296875e-01,2.548217773437500000e-03
3.367665955335046868e-01,4.206418991088867188e-03
9.531567815482372419e-02,4.009008407592773438e-03
3.747625237476252535e-01,3.778886795043945312e-01
3.768623137686231139e-01,1.254248619079589844e-02
3.531646835316468169e-01,1.639740633964538574e+01
2.517223358154296875e-01,1.628875732421875000e-03
4.467847246080753343e-01,4.035472869873046875e-03
4.214342002759801087e-01,3.962755203247070312e-03
7.737226277372263317e-01,3.471357822418212891e-01
7.740225977402259705e-01,1.205420494079589844e-02
8.175182481751824826e-01,1.593561220169067383e+01
8.684120178222656250e-01,1.603841781616210938e-03
7.607699144520193579e-01,4.016637802124023438e-03
7.723387779452937085e-01,3.974199295043945312e-03
1.994800519948005113e-01,3.481709957122802734e-01
2.112788721127887293e-01,1.201701164245605469e-02
1.606839316068393031e-01,1.517061877250671387e+01
2.069473266601562500e-02,1.702070236206054688e-03
2.398756007019122727e-01,4.068851470947265625e-03
2.085996681094845484e-01,1.198863983154296875e-02
6.381361863813618251e-01,4.538657665252685547e-01
6.423357664233576569e-01,1.211810111999511719e-02
5.798420157984202072e-01,1.528591537475585938e+01
2.517223358154296875e-01,2.598047256469726562e-03
5.854084408318247501e-01,4.209518432617187500e-03
5.794258443090976041e-01,4.039525985717773438e-03
7.130286971302869370e-01,3.484804630279541016e-01
7.024297570242975519e-01,1.253724098205566406e-02
6.570342965703429572e-01,1.557146859169006348e+01
8.684120178222656250e-01,1.746416091918945312e-03
6.714632120762189516e-01,1.204419136047363281e-02
6.774770881535591149e-01,4.003524780273437500e-03
2.930706929307069220e-01,7.026131153106689453e-01
2.867713228677132298e-01,2.013325691223144531e-02
3.521647835216478173e-01,1.627924704551696777e+01
5.880985260009765625e-01,1.619815826416015625e-03
4.476158159945167747e-01,4.050254821777343750e-03
2.539247573321941065e-01,3.997325897216796875e-03
7.646235376462353628e-01,3.498766422271728516e-01
7.547245275472452830e-01,1.202774047851562500e-02
7.946205379462053520e-01,1.535123777389526367e+01
5.880985260009765625e-01,1.605749130249023438e-03
5.797173695771915547e-01,4.069328308105468750e-03
7.663150955316556656e-01,4.001617431640625000e-03
8.126187381261873455e-01,3.473751544952392578e-01
8.029197080291970989e-01,1.204228401184082031e-02
8.676132386761323811e-01,1.665599584579467773e+01
9.423408508300781250e-01,2.508401870727539062e-03
8.010844837775397131e-01,4.183053970336914062e-03
8.104330662704911648e-01,4.017591476440429688e-03
2.426757324267573290e-01,3.803203105926513672e-01
2.491750824917508267e-01,1.252484321594238281e-02
2.143785621437856170e-01,1.532554674148559570e+01
2.517223358154296875e-01,1.647949218750000000e-03
3.505640332650722946e-01,4.046916961669921875e-03
2.628242690733588738e-01,4.047393798828125000e-03
6.340365963403659100e-01,3.476898670196533203e-01
6.583341665833416512e-01,1.210570335388183594e-02
7.725227477252274433e-01,1.551696610450744629e+01
8.684120178222656250e-01,1.686096191406250000e-03
5.394423141104172092e-01,4.045486450195312500e-03
7.141158044627136103e-01,4.012346267700195312e-03
4.702529747025297469e-01,3.658509254455566406e-01
4.852514748525147414e-01,1.210474967956542969e-02
7.140285971402859921e-01,1.508784437179565430e+01
2.517223358154296875e-01,1.605510711669921875e-03
4.839873815450068673e-01,4.044055938720703125e-03
4.249113925131783320e-01,4.009962081909179688e-03
7.729227077292271098e-01,3.467488288879394531e-01
7.627237276272372801e-01,1.208782196044921875e-02
7.141285871412859088e-01,1.473126578330993652e+01
7.482776641845703125e-01,2.494812011718750000e-03
6.919048677007473280e-01,4.187822341918945312e-03
7.969030230766753764e-01,1.189756393432617188e-02
7.102289771022897158e-01,5.644755363464355469e-01
7.029297070292970240e-01,2.048707008361816406e-02
8.151184881511849278e-01,1.479112911224365234e+01
8.684120178222656250e-01,1.609563827514648438e-03
6.470142940602139348e-01,4.033803939819335938e-03
7.241792747823199150e-01,4.004001617431640625e-03
8.534146585341465530e-01,3.473944664001464844e-01
8.453154684531546392e-01,1.206564903259277344e-02
7.860213978602139662e-01,1.524355387687683105e+01
5.880985260009765625e-01,1.660585403442382812e-03
7.759969779842821325e-01,4.055500030517578125e-03
8.639911653486496146e-01,3.994941711425781250e-03
3.103689631036896102e-01,3.478939533233642578e-01
3.149685031496850529e-01,1.209425926208496094e-02
3.943605639436056354e-01,1.540410065650939941e+01
1.315879821777343750e-01,1.599788665771484375e-03
4.216257949789702364e-01,4.030466079711914062e-03
3.075893203176303103e-01,3.969907760620117188e-03
6.600339966003400116e-01,3.494775295257568359e-01
6.638336166383361769e-01,1.206707954406738281e-02
5.362463753624637786e-01,1.574729585647583008e+01
7.482776641845703125e-01,2.424716949462890625e-03
5.647154110056753495e-01,4.175901412963867188e-03
6.170965110088800776e-01,4.018783569335937500e-03
9.099090090990901228e-03,3.464419841766357422e-01
1.079892010798920096e-02,1.249098777770996094e-02
6.799320067993200670e-03,1.519339966773986816e+01
1.315879821777343750e-01,1.657485961914062500e-03
1.799749068081065231e-02,4.032611846923828125e-03
1.062931907946415046e-02,3.997564315795898438e-03
1.089891010898910023e-02,3.462514877319335938e-01
1.429857014298570143e-02,1.208806037902832031e-02
8.719128087191280185e-02,1.539498353004455566e+01
5.765914916992187500e-02,1.688480377197265625e-03
7.828818376594143258e-02,4.059076309204101562e-03
1.818554666889933211e-02,4.002094268798828125e-03
1.711828817118288271e-01,3.492050170898437500e-01
1.822817718228177120e-01,1.210904121398925781e-02
1.839816018398160169e-01,1.566609644889831543e+01
1.315879821777343750e-01,1.622676849365234375e-03
2.361229224054208209e-01,4.015922546386718750e-03
1.756427502332078561e-01,4.006862640380859375e-03
8.128187181281871787e-01,3.566963672637939453e-01
8.001199880011998777e-01,1.204299926757812500e-02
7.586241375862413650e-01,1.562283611297607422e+01
9.793052673339843750e-01,2.481460571289062500e-03
5.769314876892539523e-01,4.204988479614257812e-03
8.249641514642620521e-01,3.997802734375000000e-03
6.865313468653134743e-01,3.981943130493164062e-01
6.719328067193280907e-01,1.256489753723144531e-02
8.701129887011298525e-01,1.613349318504333496e+01
9.793052673339843750e-01,1.609086990356445312e-03
6.109631585011133792e-01,4.034280776977539062e-03
6.403730740730620985e-01,3.989458084106445312e-03
9.597040295970402646e-01,3.459987640380859375e-01
9.568043195680432378e-01,1.204299926757812500e-02
9.511048895110488788e-01,1.507163286209106445e+01
8.684120178222656250e-01,1.744508743286132812e-03
8.448648586345799405e-01,4.072666168212890625e-03
9.591825784707328495e-01,3.996133804321289062e-03
8.020197980201979604e-01,3.504643440246582031e-01
8.092190780921907356e-01,1.212358474731445312e-02
8.034196580341965710e-01,1.529427719116210938e+01
1.315879821777343750e-01,1.652002334594726562e-03
6.432690345453082603e-01,4.017114639282226562e-03
7.485052536745134821e-01,3.968477249145507812e-03
6.948305169483052213e-01,3.480253219604492188e-01
7.039296070392960791e-01,1.203393936157226562e-02
6.990300969903009420e-01,1.543325304985046387e+01
5.880985260009765625e-01,2.643346786499023438e-03
6.192851972633678370e-01,4.253387451171875000e-03
6.273469460342737669e-01,4.057645797729492188e-03
3.190680931906809126e-01,3.499207496643066406e-01
3.185681431856814405e-01,1.261019706726074219e-02
3.259674032596740489e-01,1.557394075393676758e+01
7.482776641845703125e-01,1.633167266845703125e-03
4.764592739128771237e-01,4.058361053466796875e-03
3.201665229671345481e-01,3.952264785766601562e-03
1.811818818118188235e-01,3.470427989959716797e-01
1.854814518548145164e-01,1.205897331237792969e-02
2.084791520847915081e-01,1.583901572227478027e+01
5.880985260009765625e-01,1.615762710571289062e-03
2.815378582882165359e-01,4.020214080810546875e-03
1.488821818024832488e-01,3.979921340942382812e-03
2.019798020197980173e-02,3.474054336547851562e-01
2.149785021497850265e-02,1.207613945007324219e-02
9.699030096990300318e-03,1.593907094001770020e+01
8.684120178222656250e-01,1.596212387084960938e-03
3.274013904050764312e-01,4.021883010864257812e-03
3.949799800024411667e-02,3.970146179199218750e-03
1.662833716628337177e-01,3.757286071777343750e-01
1.738826117388261039e-01,1.197886466979980469e-02
1.347865213478652013e-01,1.557018733024597168e+01
2.517223358154296875e-01,2.512216567993164062e-03
1.834332697161076275e-01,4.217386245727539062e-03
1.596913211621709960e-01,4.005432128906250000e-03
1.151884811518848056e-01,3.482112884521484375e-01
1.227877212278772057e-01,1.250195503234863281e-02
4.779522047795220496e-02,1.589825534820556641e+01
4.119014739990234375e-01,1.704692840576171875e-03
2.121853369894206032e-01,4.049539566040039062e-03
1.740247062621679830e-01,4.019975662231445312e-03
1.828817118288171284e-01,3.552520275115966797e-01
1.770822917708229083e-01,1.209115982055664062e-02
2.082791720827917303e-01,1.505208873748779297e+01
4.119014739990234375e-01,1.611948013305664062e-03
1.924466974183429713e-01,4.022598266601562500e-03
1.076192664018942868e-01,3.994226455688476562e-03
2.405759424057594131e-01,3.478651046752929688e-01
2.255774422557744185e-01,1.206231117248535156e-02
3.813618638136186401e-01,1.555214023590087891e+01
7.482776641845703125e-01,1.607656478881835938e-03
2.711908218649967672e-01,4.018783569335937500e-03
2.572848781882340896e-01,3.973722457885742188e-03
2.084791520847915081e-01,3.473021984100341797e-01
2.121787821217878123e-01,1.202082633972167969e-02
2.016798320167983161e-01,1.519047021865844727e+01
4.119014739990234375e-01,2.576351165771484375e-03
4.534346830070634105e-01,4.208803176879882812e-03
2.038216567518874589e-01,4.032373428344726562e-03
5.279472052794720316e-02,3.469047546386718750e-01
4.849515048495150332e-02,1.256108283996582031e-02
6.259374062593740795e-02,1.514531898498535156e+01
2.517223358154296875e-01,1.686334609985351562e-03
9.693030273779440487e-02,4.051923751831054688e-03
7.850092692210106082e-02,3.963470458984375000e-03
7.348265173482652068e-01,3.486316204071044922e-01
7.178282171782821575e-01,1.208591461181640625e-02
7.872212778722127435e-01,1.602853178977966309e+01
8.684120178222656250e-01,1.613140106201171875e-03
7.127959729251308607e-01,4.027605056762695312e-03
6.858251762237137505e-01,4.011392593383789062e-03
7.489251074892511184e-01,3.486621379852294922e-01
7.242275772422758218e-01,1.203227043151855469e-02
5.504449555044496067e-01,1.539035248756408691e+01
7.482776641845703125e-01,1.606941223144531250e-03
6.711304539302684891e-01,4.049777984619140625e-03
7.317777356932612109e-01,4.001855850219726562e-03
5.820417958204179287e-01,3.481652736663818359e-01
5.794420557944205408e-01,1.206445693969726562e-02
5.503449655034496901e-01,1.582822155952453613e+01
5.880985260009765625e-01,2.494096755981445312e-03
5.943786331344877993e-01,4.248380661010742188e-03
5.537472255337312355e-01,3.999233245849609375e-03
4.999500049995000278e-02,5.559039115905761719e-01
6.379362063793621307e-02,1.250410079956054688e-02
6.389361063893610193e-02,1.565722322463989258e+01
5.765914916992187500e-02,1.842737197875976562e-03
1.033821341325483756e-01,4.059076309204101562e-03
3.441420092106690920e-02,3.982067108154296875e-03
1.669833016698330300e-02,3.649871349334716797e-01
2.379762023797620321e-02,1.214027404785156250e-02
1.789821017898210118e-02,1.559648776054382324e+01
2.069473266601562500e-02,1.614570617675781250e-03
3.407543606653954532e-02,4.012823104858398438e-03
1.284562261103868765e-02,1.200103759765625000e-02
2.668733126687331536e-01,5.091171264648437500e-01
2.699730026997300136e-01,2.007341384887695312e-02
2.851714828517148415e-01,1.567165088653564453e+01
5.765914916992187500e-02,1.639127731323242188e-03
3.376597401445441404e-01,4.039049148559570312e-03
2.407868195337700690e-01,3.983020782470703125e-03
7.634236576342365854e-01,3.481800556182861328e-01
7.689231076892311112e-01,1.201820373535156250e-02
6.697330266973302582e-01,1.558849406242370605e+01
1.315879821777343750e-01,2.517700195312500000e-03
7.207986907290736545e-01,4.242658615112304688e-03
7.481242637081699787e-01,4.013538360595703125e-03
6.709329067093290633e-02,3.492674827575683594e-01
7.699230076992301386e-02,1.253461837768554688e-02
1.447855214478552255e-01,1.566413092613220215e+01
1.288414001464843750e-03,1.748561859130859375e-03
7.182613797711778769e-02,4.075050354003906250e-03
6.287433673255818367e-02,3.983736038208007812e-03
4.704529547045295246e-01,3.490881919860839844e-01
4.682531746825317476e-01,1.210594177246093750e-02
4.093590640935906300e-01,1.547195696830749512e+01
2.517223358154296875e-01,1.691818237304687500e-03
5.465775217851918111e-01,4.038572311401367188e-03
5.187609612082803023e-01,3.987073898315429688e-03
1.471852814718528080e-01,3.490235805511474609e-01
1.543845615438456109e-01,1.206302642822265625e-02
8.139186081391860950e-02,1.509893751144409180e+01
2.517223358154296875e-01,1.748323440551757812e-03
4.248205697212469323e-01,4.075050354003906250e-03
1.377290432293803435e-01,3.976821899414062500e-03
9.219078092190781115e-01,3.480257987976074219e-01
9.144085591440855865e-01,1.209735870361328125e-02
9.352064793520648012e-01,1.586301445960998535e+01
7.482776641845703125e-01,2.604246139526367188e-03
8.821208325294463970e-01,1.224064826965332031e-02
9.535197902005937420e-01,4.038333892822265625e-03
7.541245875412458943e-01,4.506087303161621094e-01
7.706229377062293606e-01,1.283121109008789062e-02
7.542245775422458109e-01,1.507364130020141602e+01
7.482776641845703125e-01,1.637458801269531250e-03
7.224954685631181928e-01,4.041910171508789062e-03
7.653882296756142622e-01,3.992319107055664062e-03
1.966803319668033179e-01,3.479857444763183594e-01
2.107789221077892294e-01,1.206016540527343750e-02
5.829417058294170811e-02,1.471123075485229492e+01
1.315879821777343750e-01,1.603364944458007812e-03
2.394990114484856214e-01,4.018306732177734375e-03
1.637035310808406252e-01,3.991603851318359375e-03
6.812318768123187818e-01,3.621823787689208984e-01
6.757324267573242560e-01,1.224589347839355469e-02
8.701129887011298525e-01,1.611493897438049316e+01
5.880985260009765625e-01,1.683235168457031250e-03
6.538888051290047132e-01,4.079580307006835938e-03
6.024110207161518238e-01,3.998517990112304688e-03
6.327367263273672160e-01,3.475964069366455078e-01
6.312368763123687998e-01,1.204586029052734375e-02
6.050394960503949759e-01,1.556563687324523926e+01
2.517223358154296875e-01,2.527952194213867188e-03
5.719703921316419137e-01,4.208564758300781250e-03
6.749222093738489470e-01,3.987789154052734375e-03
8.846115388461154305e-01,5.389180183410644531e-01
8.836116388361163754e-01,1.254820823669433594e-02
8.752124787521248228e-01,1.577020835876464844e+01
2.517223358154296875e-01,1.611471176147460938e-03
8.451798274921173970e-01,4.037857055664062500e-03
8.966063304317610783e-01,3.965854644775390625e-03
2.826717328267173146e-01,3.477630615234375000e-01
2.912708729127087559e-01,1.202917098999023438e-02
4.744525547445255231e-01,1.531463265419006348e+01
5.880985260009765625e-01,1.601934432983398438e-03
3.821445207023609347e-01,4.025936126708984375e-03
2.535944446935701757e-01,3.996133804321289062e-03
1.957804219578042071e-01,3.487031459808349609e-01
1.980801919808019285e-01,1.204037666320800781e-02
2.055794420557944258e-01,1.611308431625366211e+01
7.482776641845703125e-01,1.594305038452148438e-03
2.065472417440524788e-01,4.056453704833984375e-03
1.819012127618108154e-01,3.996133804321289062e-03
4.195580441955804596e-01,3.638441562652587891e-01
4.324567543245675383e-01,1.200008392333984375e-02
6.690330966903309529e-01,1.567515802383422852e+01
8.684120178222656250e-01,2.481937408447265625e-03
4.551481562546725868e-01,4.209756851196289062e-03
4.722793341432460212e-01,4.025936126708984375e-03
5.938406159384062022e-01,3.469119071960449219e-01
5.941405859414058410e-01,1.249551773071289062e-02
6.223377662233776642e-01,1.537573027610778809e+01
9.423408508300781250e-01,9.638071060180664062e-03
5.798370757727718816e-01,4.038333892822265625e-03
6.812267698101993618e-01,1.203536987304687500e-02
6.872312768723127796e-01,4.027502536773681641e-01
6.979302069793020813e-01,1.205706596374511719e-02
6.313368663133687164e-01,1.661536788940429688e+01
2.517223358154296875e-01,1.656770706176757812e-03
6.613104421061304361e-01,4.019737243652343750e-03
6.614768263259345193e-01,3.982067108154296875e-03
4.921507849215078223e-01,4.017095565795898438e-01
4.964503549645035707e-01,2.003002166748046875e-02
4.680531946805319699e-01,1.559305858612060547e+01
2.517223358154296875e-01,2.409934997558593750e-03
4.883671112707164697e-01,4.219770431518554688e-03
4.523345736009026230e-01,4.016399383544921875e-03
9.222077792220777503e-01,3.484971523284912109e-01
9.159084091590841137e-01,1.252722740173339844e-02
9.313068693130687192e-01,1.647324228286743164e+01
9.940910339355468750e-01,1.666784286499023438e-03
8.496398028837478522e-01,4.053831100463867188e-03
8.805314682832420248e-01,4.009723663330078125e-03
6.656334366563343430e-01,3.967907428741455078e-01
6.597340265973402618e-01,1.994204521179199219e-02
5.005499450054994304e-01,1.590364575386047363e+01
2.517223358154296875e-01,1.580953598022460938e-03
6.079320013917286492e-01,4.022359848022460938e-03
6.023389557504088554e-01,3.968000411987304688e-03
8.044195580441956261e-01,3.453795909881591797e-01
8.032196780321967378e-01,1.200556755065917969e-02
7.536246375362464223e-01,1.636201167106628418e+01
7.482776641845703125e-01,1.611232757568359375e-03
8.009672863896012407e-01,1.203322410583496094e-02
7.906080317688810588e-01,3.980159759521484375e-03
3.164683531646835246e-01,4.868047237396240234e-01
3.137686231376862200e-01,1.205348968505859375e-02
3.414658534146585156e-01,1.555703854560852051e+01
5.880985260009765625e-01,2.630472183227539062e-03
3.941281097117960708e-01,4.266023635864257812e-03
3.520840787324943655e-01,4.034996032714843750e-03
3.039696030396960361e-02,3.521962165832519531e-01
2.909709029097090269e-02,1.266741752624511719e-02
1.318868113188681190e-01,1.590263414382934570e+01
5.908966064453125000e-03,1.748085021972656250e-03
4.302721975942984389e-02,4.083633422851562500e-03
1.574786682088270828e-02,3.999233245849609375e-03
8.154184581541845667e-01,3.497240543365478516e-01
8.108189181081891794e-01,1.212811470031738281e-02
6.329367063293670492e-01,1.603122162818908691e+01
9.423408508300781250e-01,1.713514328002929688e-03
7.488338032130276156e-01,4.073619842529296875e-03
8.004674901541121157e-01,1.201128959655761719e-02
5.129487051294870925e-01,4.333481788635253906e-01
5.187481251874812571e-01,1.212835311889648438e-02
4.937506249375062661e-01,1.548989295959472656e+01
5.880985260009765625e-01,1.697778701782226562e-03
4.373204451672648707e-01,4.038095474243164062e-03
4.648572742090064658e-01,3.975391387939453125e-03
2.230776922307769194e-01,3.477654457092285156e-01
2.284771522847715286e-01,1.208996772766113281e-02
3.878612138786121655e-01,1.440237998962402344e+01
2.517223358154296875e-01,2.570629119873046875e-03
2.384129020594554227e-01,1.226997375488281250e-02
1.997960293386013553e-01,4.046678543090820312e-03
2.180781921807819212e-01,4.020805358886718750e-01
2.282771722827717231e-01,1.287174224853515625e-02
1.361863813618638119e-01,1.523898124694824219e+01
2.517223358154296875e-01,1.619577407836914062e-03
2.932147811440479757e-01,4.028320312500000000e-03
1.983265480773969691e-01,3.983497619628906250e-03
9.639036096390360964e-01,3.637180328369140625e-01
9.563043695630436547e-01,1.206898689270019531e-02
9.020097990200980353e-01,1.559518814086914062e+01
9.793052673339843750e-01,1.598119735717773438e-03
8.833279610222064537e-01,4.046440124511718750e-03
9.630451496749251605e-01,3.976106643676757812e-03
3.813618638136186401e-01,3.486127853393554688e-01
3.811618838116188623e-01,1.202917098999023438e-02
4.302569743025697613e-01,1.572446489334106445e+01
7.482776641845703125e-01,1.615762710571289062e-03
3.951265630946440566e-01,1.202845573425292969e-02
3.898202240863211099e-01,3.959894180297851562e-03
5.046495350464953455e-01,3.817706108093261719e-01
5.171482851714828133e-01,1.203823089599609375e-02
5.844415558444155945e-01,1.576688909530639648e+01
1.315879821777343750e-01,2.573490142822265625e-03
5.081576547152745205e-01,4.241704940795898438e-03
5.051910237038029772e-01,4.029273986816406250e-03
5.924407559244075916e-01,3.771030902862548828e-01
6.057394260573942812e-01,1.259183883666992188e-02
4.613538646135386667e-01,1.575890421867370605e+01
5.880985260009765625e-01,1.608133316040039062e-03
5.480127451000063044e-01,4.008054733276367188e-03
5.787068689937799881e-01,3.982067108154296875e-03
6.621337866213378165e-01,3.487734794616699219e-01
6.551344865513448745e-01,1.207566261291503906e-02
5.547445255474452441e-01,1.583346390724182129e+01
5.880985260009765625e-01,1.670122146606445312e-03
6.062795353572508761e-01,4.047870635986328125e-03
6.725097570805333991e-01,3.976106643676757812e-03
3.988601139886011615e-01,3.478541374206542969e-01
4.081591840815918526e-01,1.205849647521972656e-02
2.116788321167883125e-01,1.544912600517272949e+01
7.482776641845703125e-01,1.593589782714843750e-03
4.387740354545240917e-01,4.009008407592773438e-03
4.527823406769383996e-01,3.980159759521484375e-03
5.771422857714229027e-01,4.866616725921630859e-01
5.675432456754324617e-01,1.803040504455566406e-02
7.097290270972902437e-01,1.527808141708374023e+01
5.880985260009765625e-01,2.508163452148437500e-03
5.384918401567668766e-01,4.249572753906250000e-03
5.836830315236108957e-01,4.044532775878906250e-03
7.362263773622638174e-01,3.529493808746337891e-01
7.382261773822618167e-01,1.283574104309082031e-02
7.900209979002099647e-01,1.673699092864990234e+01
9.423408508300781250e-01,1.605510711669921875e-03
6.210682845417264675e-01,4.038333892822265625e-03
7.346580033562308820e-01,3.961086273193359375e-03
4.840515948405159641e-01,3.513019084930419922e-01
5.110488951104888988e-01,1.202797889709472656e-02
5.776422357764223747e-01,1.516903305053710938e+01
2.517223358154296875e-01,1.595973968505859375e-03
3.785431581008836810e-01,4.019260406494140625e-03
4.986348436366828119e-01,3.962039947509765625e-03
4.821517848215178259e-01,3.483498096466064453e-01
4.998500149985001251e-01,1.202034950256347656e-02
5.138486151384861200e-01,1.534924983978271484e+01
5.880985260009765625e-01,1.685857772827148438e-03
4.939379536470471788e-01,4.077196121215820312e-03
4.678578136545671340e-01,4.010438919067382812e-03
8.151184881511849278e-01,3.480205535888671875e-01
8.314168583141685609e-01,1.203894615173339844e-02
7.027297270272973018e-01,1.536237430572509766e+01
1.315879821777343750e-01,2.517938613891601562e-03
8.042486456171638043e-01,4.199266433715820312e-03
7.824890633485074298e-01,4.007339477539062500e-03
5.053494650534946508e-01,3.482110500335693359e-01
5.190480951904810070e-01,1.253890991210937500e-02
6.001399860013998389e-01,1.550105476379394531e+01
5.880985260009765625e-01,1.613855361938476562e-03
4.850381363420214198e-01,4.031181335449218750e-03
5.299735409356052251e-01,3.991842269897460938e-03
2.976702329767023092e-01,3.479597568511962891e-01
2.915708429157084502e-01,1.206278800964355469e-02
4.160583941605839331e-01,1.569361662864685059e+01
5.880985260009765625e-01,1.707315444946289062e-03
3.914249849670360382e-01,4.047155380249023438e-03
3.114471594653930309e-01,3.984212875366210938e-03
8.164183581641836218e-01,3.479042053222656250e-01
8.063193680631937088e-01,1.209712028503417969e-02
9.482051794820517410e-01,1.545254397392272949e+01
9.423408508300781250e-01,1.704454421997070312e-03
7.556628573944048632e-01,4.042863845825195312e-03
7.801782431768178316e-01,3.981828689575195312e-03
6.292370762923708005e-01,3.485641479492187500e-01
6.454354564543545170e-01,1.209354400634765625e-02
7.602239776022398088e-01,1.537900257110595703e+01
2.517223358154296875e-01,1.059293746948242188e-02
5.953974724907743488e-01,4.243373870849609375e-03
6.600142533633605035e-01,1.202797889709472656e-02
5.455454454554544697e-01,3.714792728424072266e-01
5.366463353664633340e-01,1.263618469238281250e-02
4.076592340765923250e-01,1.623417568206787109e+01
5.880985260009765625e-01,1.736402511596679688e-03
5.034937007445338120e-01,4.055976867675781250e-03
5.415249760264536638e-01,4.007577896118164062e-03
8.986101389861014255e-01,3.486385345458984375e-01
8.874112588741125407e-01,1.212048530578613281e-02
5.296470352964703920e-01,1.553285026550292969e+01
9.423408508300781250e-01,1.708030700683593750e-03
8.104344643889077604e-01,4.074096679687500000e-03
8.831051789594592805e-01,3.988265991210937500e-03
5.788421157884211521e-01,3.476505279541015625e-01
5.714428557144285437e-01,1.211380958557128906e-02
5.854414558544145386e-01,1.555519652366638184e+01
8.684120178222656250e-01,1.667499542236328125e-03
5.652832368513924788e-01,4.029273986816406250e-03
5.845431019161425601e-01,3.983974456787109375e-03
4.549545045495450579e-01,3.473105430603027344e-01
4.537546245375462250e-01,1.207852363586425781e-02
2.725727427257274016e-01,1.539016318321228027e+01
8.684120178222656250e-01,2.498149871826171875e-03
4.798865870344444784e-01,4.217386245727539062e-03
5.039599765713249635e-01,4.010915756225585938e-03
4.442555744425557562e-01,3.472013473510742188e-01
4.318568143185681496e-01,1.252579689025878906e-02
2.591740825917408508e-01,1.551259446144104004e+01
7.482776641845703125e-01,1.674175262451171875e-03
4.711143931446575839e-01,4.040002822875976562e-03
4.167982560207064147e-01,3.988027572631835938e-03
8.156184381561843999e-01,3.456511497497558594e-01
8.078192180781922360e-01,1.208639144897460938e-02
7.062293770622937172e-01,1.586220216751098633e+01
8.684120178222656250e-01,1.605272293090820312e-03
8.422930377722972484e-01,4.037857055664062500e-03
7.904593446098728826e-01,4.011154174804687500e-03
1.613838616138386084e-01,3.489980697631835938e-01
1.541845815418458054e-01,1.199769973754882812e-02
1.492850714928507239e-01,1.541811347007751465e+01
4.119014739990234375e-01,1.673936843872070312e-03
2.973905650437440595e-01,4.048824310302734375e-03
1.185595423221277311e-01,1.202297210693359375e-02
8.709129087091290744e-01,3.732371330261230469e-01
8.702129787021297691e-01,1.203775405883789062e-02
9.168083191680831412e-01,1.637791728973388672e+01
7.482776641845703125e-01,2.499818801879882812e-03
7.899034030310972954e-01,4.230260848999023438e-03
8.956034518047271131e-01,4.005193710327148438e-03
8.631136886311369105e-01,3.474919795989990234e-01
8.663133686631336872e-01,1.253986358642578125e-02
9.076092390760923667e-01,1.591104626655578613e+01
1.315879821777343750e-01,1.624107360839843750e-03
8.350031982605425895e-01,4.032611846923828125e-03
8.694040433634597775e-01,3.974914550781250000e-03
8.598140185981402173e-01,3.485078811645507812e-01
8.616138386161383833e-01,1.207423210144042969e-02
8.345165483451655319e-01,1.545095896720886230e+01
7.482776641845703125e-01,1.580476760864257812e-03
8.421575114032252563e-01,4.012823104858398438e-03
8.437037597075836004e-01,3.974676132202148438e-03
9.161083891610839469e-01,3.464059829711914062e-01
9.217078292170782783e-01,1.203036308288574219e-02
7.973202679732026565e-01,1.601705408096313477e+01
8.684120178222656250e-01,1.613855361938476562e-03
9.053940790753147727e-01,4.020452499389648438e-03
9.088430108593699153e-01,3.989458084106445312e-03
3.284671532846715203e-01,3.941032886505126953e-01
3.442655734426557368e-01,1.202797889709472656e-02
1.742825717428257148e-01,1.658661699295043945e+01
5.880985260009765625e-01,2.510070800781250000e-03
3.352710964903972690e-01,4.238128662109375000e-03
2.533150962201136669e-01,3.997564315795898438e-03
1.389861013898610088e-02,3.620097637176513672e-01
1.409859014098590116e-02,2.062940597534179688e-02
2.529747025297470267e-02,1.564010953903198242e+01
1.315879821777343750e-01,1.722812652587890625e-03
1.929410842500985795e-02,4.069328308105468750e-03
2.593602084549720063e-02,4.008769989013671875e-03
6.241375862413758302e-01,3.556759357452392578e-01
6.216378362163783589e-01,1.210570335388183594e-02
6.179382061793821102e-01,1.578084206581115723e+01
5.880985260009765625e-01,1.621961593627929688e-03
5.851676816004499626e-01,4.036188125610351562e-03
6.302173719932661067e-01,1.199054718017578125e-02
3.434656534346565149e-01,5.081322193145751953e-01
3.427657234276572096e-01,2.794313430786132812e-02
7.214278572142786006e-01,1.577041339874267578e+01
2.517223358154296875e-01,1.590967178344726562e-03
3.622604376000185256e-01,4.016160964965820312e-03
3.695255975282837335e-01,3.982543945312500000e-03
9.901009899010099202e-01,3.601269721984863281e-01
9.919008099190080863e-01,1.219439506530761719e-02
9.968003199680032234e-01,1.510103082656860352e+01
8.684120178222656250e-01,2.448081970214843750e-03
9.886267888208470911e-01,4.192113876342773438e-03
9.946343767914791467e-01,4.014253616333007812e-03
4.059594040595940201e-01,3.484697341918945312e-01
4.234576542345765415e-01,1.250433921813964844e-02
3.945605439456054131e-01,1.635384702682495117e+01
1.315879821777343750e-01,1.607179641723632812e-03
4.184395547657037695e-01,4.022121429443359375e-03
4.143962064949929802e-01,3.964424133300781250e-03
7.270272972702729319e-01,3.467366695404052734e-01
7.290270972902709312e-01,1.203894615173339844e-02
6.132386761323868063e-01,1.495210480690002441e+01
5.880985260009765625e-01,1.728057861328125000e-03
7.569106089423158767e-01,4.086494445800781250e-03
8.080244197266397421e-01,3.988027572631835938e-03
9.699030096990300664e-02,3.462059497833251953e-01
1.060893910608939061e-01,1.211237907409667969e-02
1.185881411858814155e-01,1.582371115684509277e+01
2.517223358154296875e-01,1.688480377197265625e-03
2.774902596923940479e-01,1.191282272338867188e-02
8.330835676530723433e-02,3.968715667724609375e-03
7.245275472452754606e-01,3.608844280242919922e-01
7.234276572342765999e-01,1.205658912658691406e-02
7.664233576642335288e-01,1.451506519317626953e+01
5.880985260009765625e-01,2.638578414916992188e-03
5.178877636981317201e-01,4.269599914550781250e-03
7.351235067028712988e-01,4.039287567138671875e-03
4.780521947805219662e-01,3.478345870971679688e-01
4.742525747425257454e-01,1.258826255798339844e-02
3.215678432156784394e-01,1.492719268798828125e+01
4.119014739990234375e-01,1.666784286499023438e-03
5.045127445089836460e-01,4.083156585693359375e-03
4.700112824300135550e-01,3.974914550781250000e-03
2.930706929307069220e-01,3.474311828613281250e-01
3.019698030196980576e-01,1.220369338989257812e-02
2.520747925207479367e-01,1.532463145256042480e+01
2.517223358154296875e-01,1.618146896362304688e-03
2.754717598040569149e-01,4.044532775878906250e-03
2.877382802951247154e-01,3.982543945312500000e-03
7.763223677632237196e-01,3.458049297332763672e-01
7.687231276872312780e-01,1.203846931457519531e-02
8.450154984501550004e-01,1.577999567985534668e+01
7.482776641845703125e-01,1.641035079956054688e-03
7.150881858611199959e-01,4.060029983520507812e-03
7.520694931700803165e-01,3.987073898315429688e-03
8.649135086491350766e-01,3.481194972991943359e-01
8.802119788021197655e-01,1.203560829162597656e-02
6.249375062493750521e-01,1.636098861694335938e+01
5.880985260009765625e-01,2.487897872924804688e-03
8.951085023736859991e-01,4.215002059936523438e-03
8.707233627548153221e-01,4.005908966064453125e-03
4.382561743825617584e-01,4.772655963897705078e-01
4.442555744425557562e-01,1.251578330993652344e-02
4.322567743225677606e-01,1.588703250885009766e+01
2.517223358154296875e-01,1.707077026367187500e-03
4.339000093803804803e-01,4.083156585693359375e-03
4.469950356439617023e-01,4.020929336547851562e-03
2.715728427157284020e-01,4.989118576049804688e-01
2.733726627337266235e-01,2.800011634826660156e-02
2.513748625137486314e-01,1.599949908256530762e+01
7.482776641845703125e-01,1.606941223144531250e-03
4.333325958758123542e-01,4.043102264404296875e-03
1.935136490120755171e-01,3.984928131103515625e-03
1.668833116688331064e-01,3.474030494689941406e-01
1.757824217578242143e-01,1.202154159545898438e-02
2.213778622137786145e-01,1.480357718467712402e+01
2.517223358154296875e-01,1.620531082153320312e-03
1.533866995408941225e-01,4.006385803222656250e-03
1.865250561549943731e-01,3.972291946411132812e-03
8.673132686731326313e-01,3.746094703674316406e-01
8.651134886511349098e-01,1.201868057250976562e-02
7.578242175782421430e-01,1.575624847412109375e+01
2.517223358154296875e-01,2.570867538452148438e-03
5.614917046116832955e-01,1.225757598876953125e-02
8.827415895905563747e-01,4.030227661132812500e-03
6.252374762523748020e-01,5.786476135253906250e-01
6.280371962803719121e-01,2.848887443542480469e-02
6.744325567443255620e-01,1.696917819976806641e+01
4.119014739990234375e-01,1.724243164062500000e-03
6.113257632782717055e-01,1.208353042602539062e-02
5.754205967071783778e-01,4.022836685180664062e-03
9.551044895510448773e-01,5.260167121887207031e-01
9.565043495650434879e-01,1.213908195495605469e-02
9.344065593440655793e-01,1.652957940101623535e+01
5.880985260009765625e-01,1.628637313842773438e-03
9.398649819479244494e-01,4.040002822875976562e-03
9.363299256526105285e-01,3.989696502685546875e-03
1.220877912208779142e-01,3.971295356750488281e-01
1.232876712328767055e-01,1.208209991455078125e-02
1.042895710428957123e-01,1.552147293090820312e+01
7.482776641845703125e-01,1.592159271240234375e-03
2.451630592842239387e-01,4.026412963867187500e-03
1.689367063143095149e-01,4.072904586791992188e-03
4.817518248175182705e-01,3.989067077636718750e-01
4.627537246275372218e-01,1.224708557128906250e-02
8.375162483751624753e-01,1.548372125625610352e+01
7.482776641845703125e-01,2.478837966918945312e-03
4.639050740358690583e-01,4.220008850097656250e-03
5.021689230863449760e-01,4.042625427246093750e-03
6.346365363463654097e-01,3.506410121917724609e-01
6.232376762323768027e-01,1.253175735473632812e-02
4.634536546345365271e-01,1.542739772796630859e+01
7.482776641845703125e-01,1.728296279907226562e-03
5.294799927215050328e-01,4.055023193359375000e-03
6.100693344555243591e-01,4.008531570434570312e-03
7.747225277472252758e-01,3.908097743988037109e-01
7.720227977202279712e-01,1.209616661071777344e-02
6.833316668333166977e-01,1.558445572853088379e+01
7.482776641845703125e-01,1.604080200195312500e-03
7.403795153196613965e-01,4.040002822875976562e-03
8.196625313698310267e-01,3.968238830566406250e-03
3.287671232876712146e-01,3.926606178283691406e-01
3.426657334266573485e-01,1.214647293090820312e-02
1.489851014898510018e-01,1.543602228164672852e+01
5.880985260009765625e-01,2.571821212768554688e-03
4.110083352587401428e-01,4.232883453369140625e-03
3.707300578181685902e-01,4.003286361694335938e-03
4.177582241775822380e-01,3.464350700378417969e-01
4.244575542445755412e-01,1.253843307495117188e-02
4.315568443155684553e-01,1.552763199806213379e+01
4.119014739990234375e-01,1.717567443847656250e-03
4.828402661362976023e-01,4.058837890625000000e-03
3.960773437187979917e-01,3.986120223999023438e-03
7.009299070092990525e-02,3.475012779235839844e-01
7.719228077192280546e-02,1.211285591125488281e-02
9.829017098290171450e-02,1.544870042800903320e+01
5.765914916992187500e-02,1.720905303955078125e-03
6.915047900782389512e-02,4.054069519042968750e-03
9.265515508700966629e-02,3.989934921264648438e-03
9.912008799120087810e-01,3.472054004669189453e-01
9.907009299070093089e-01,1.209115982055664062e-02
9.808019198080192291e-01,1.572315788269042969e+01
9.987115859985351562e-01,1.676559448242187500e-03
5.381098851527412741e-01,4.060029983520507812e-03
9.949738714263623995e-01,4.008293151855468750e-03
6.449355064493550449e-02,3.480238914489746094e-01
7.429257074292570928e-02,1.207494735717773438e-02
3.549645035496450107e-02,1.554381585121154785e+01
2.517223358154296875e-01,2.631902694702148438e-03
6.305697625850617549e-02,4.234313964843750000e-03
8.957286615493659232e-02,4.024505615234375000e-03
1.688831116888311057e-01,3.481028079986572266e-01
1.754824517548245200e-01,1.258993148803710938e-02
1.414858514148585045e-01,1.554869222640991211e+01
7.482776641845703125e-01,1.687526702880859375e-03
2.154173366734483119e-01,4.081249237060546875e-03
1.245310238941473302e-01,3.986597061157226562e-03
1.163883611638836107e-01,3.500919342041015625e-01
1.163883611638836107e-01,1.212406158447265625e-02
1.152884711528847084e-01,1.551087832450866699e+01
4.119014739990234375e-01,1.671791076660156250e-03
1.127215714596431217e-01,4.033803939819335938e-03
1.350394472457167594e-01,4.002571105957031250e-03
8.575142485751424681e-01,3.481917381286621094e-01
8.612138786121388279e-01,1.207947731018066406e-02
6.778322167783221719e-01,1.563081622123718262e+01
8.684120178222656250e-01,1.597166061401367188e-03
8.143763903852005992e-01,4.043102264404296875e-03
8.925582452449694060e-01,3.982782363891601562e-03
3.886611338866113319e-01,3.505225181579589844e-01
3.950604939506049407e-01,1.204061508178710938e-02
5.778422157784222080e-01,1.524863100051879883e+01
2.517223358154296875e-01,2.558469772338867188e-03
4.105737328293129207e-01,4.213333129882812500e-03
3.945603145702596404e-01,4.026651382446289062e-03
2.995700429957004474e-01,3.473024368286132812e-01
3.083691630836916109e-01,1.255774497985839844e-02
4.461553844615538389e-01,1.557418370246887207e+01
1.315879821777343750e-01,1.599073410034179688e-03
2.959194585837238156e-01,4.042387008666992188e-03
2.620260286583035447e-01,3.986835479736328125e-03
3.983601639836016339e-01,3.479454517364501953e-01
4.009599040095990219e-01,1.203131675720214844e-02
4.545545445455454470e-01,1.548360705375671387e+01
5.880985260009765625e-01,1.595973968505859375e-03
4.755102079666940762e-01,4.030942916870117188e-03
3.107591968876137756e-01,3.979206085205078125e-03
3.259674032596740489e-02,3.454940319061279297e-01
3.459654034596540417e-02,1.201963424682617188e-02
4.569543045695430294e-02,1.478877496719360352e+01
2.517223358154296875e-01,1.589775085449218750e-03
6.184612627927185691e-02,1.112055778503417969e-02
1.341698317787020853e-02,4.018545150756835938e-03
5.649435056494350738e-02,3.837752342224121094e-01
5.459454054594540390e-02,1.201128959655761719e-02
2.262773722627737238e-01,1.534715652465820312e+01
4.119014739990234375e-01,2.492427825927734375e-03
5.440554732870359067e-02,4.222393035888671875e-03
6.741612157544692174e-02,4.021167755126953125e-03
5.438456154384561092e-01,3.469927310943603516e-01
5.219478052194780338e-01,1.252841949462890625e-02
5.086491350864913441e-01,1.493063020706176758e+01
5.880985260009765625e-01,1.690626144409179688e-03
4.830991561377777077e-01,4.047870635986328125e-03
5.450955203546358208e-01,3.985881805419921875e-03
2.455754424557544113e-01,3.466815948486328125e-01
2.621737826217378498e-01,1.207351684570312500e-02
1.592840715928407203e-01,1.603019976615905762e+01
2.517223358154296875e-01,1.614093780517578125e-03
2.697847261170147615e-01,4.029035568237304688e-03
2.689562615407847801e-01,3.980875015258789062e-03
8.993100689931007308e-01,3.476057052612304688e-01
8.849115088491150694e-01,1.200962066650390625e-02
9.364063593640635785e-01,1.552865624427795410e+01
8.684120178222656250e-01,1.667022705078125000e-03
8.943851175408357168e-01,4.051923751831054688e-03
9.440186030527493166e-01,4.001140594482421875e-03
8.086191380861913469e-01,3.481805324554443359e-01
8.059194080591940423e-01,1.207256317138671875e-02
8.904109589041095951e-01,1.540407180786132812e+01
9.793052673339843750e-01,2.557992935180664062e-03
7.931137443155429345e-01,4.241228103637695312e-03
8.156653368020320150e-01,4.019498825073242188e-03
3.447655234476552089e-01,3.484990596771240234e-01
3.591640835916408148e-01,1.257395744323730469e-02
5.940405959404059244e-01,1.521336722373962402e+01
5.765914916992187500e-02,1.608848571777343750e-03
3.914688733553831623e-01,4.042148590087890625e-03
3.363095775016888833e-01,3.994226455688476562e-03
3.317668233176682135e-01,3.495585918426513672e-01
3.365663433656634340e-01,1.205444335937500000e-02
5.510448955104489954e-01,1.531533002853393555e+01
9.423408508300781250e-01,1.568555831909179688e-03
3.586070129203378087e-01,3.991127014160156250e-03
2.891311537625961270e-01,3.986358642578125000e-03
3.920607939206079418e-01,3.462984561920166016e-01
4.009599040095990219e-01,1.204109191894531250e-02
4.374562543745625365e-01,1.568742418289184570e+01
8.684120178222656250e-01,1.575469970703125000e-03
3.799910175656133760e-01,4.050016403198242188e-03
4.362990228089023703e-01,3.972053527832031250e-03
9.454054594540546308e-01,3.505325317382812500e-01
9.411058894110588824e-01,1.318097114562988281e-02
8.405159484051595298e-01,1.545911073684692383e+01
8.684120178222656250e-01,1.917839050292968750e-03
8.977340873928526532e-01,4.122257232666015625e-03
9.529243681317645098e-01,3.987789154052734375e-03
4.878512148785121294e-01,3.464565277099609375e-01
5.006499350064993470e-01,1.217079162597656250e-02
6.735326467353264235e-01,1.597076916694641113e+01
7.482776641845703125e-01,1.734256744384765625e-03
4.669614218094102487e-01,4.079341888427734375e-03
4.542770825464842455e-01,3.986597061157226562e-03
1.482851714828517242e-01,3.488934040069580078e-01
1.505849415058494178e-01,1.212048530578613281e-02
1.264873512648735099e-01,1.567373538017272949e+01
4.119014739990234375e-01,1.731157302856445312e-03
1.233707727914187258e-01,4.059791564941406250e-03
1.649318144640408712e-01,4.033565521240234375e-03
9.938006199380061689e-01,3.495829105377197266e-01
9.910008999100089477e-01,1.212501525878906250e-02
9.844015598440155612e-01,1.557055878639221191e+01
9.940910339355468750e-01,2.623081207275390625e-03
9.849099559912354307e-01,4.255294799804687500e-03
9.881310322978008598e-01,4.024982452392578125e-03
9.532046795320467947e-01,3.473386764526367188e-01
9.483051694830516576e-01,1.255273818969726562e-02
8.046195380461953484e-01,1.616221690177917480e+01
8.684120178222656250e-01,1.709222793579101562e-03
8.962562191534968470e-01,4.053354263305664062e-03
9.679106932829967258e-01,4.013299942016601562e-03
3.046695330466953067e-01,3.469259738922119141e-01
3.078692130786921388e-01,1.213335990905761719e-02
5.015498450154984855e-01,1.484262013435363770e+01
4.119014739990234375e-01,1.604795455932617188e-03
4.032996909331330593e-01,4.008531570434570312e-03
2.653041455282108552e-01,3.962278366088867188e-03
9.704029597040295663e-01,3.479292392730712891e-01
9.694030596940306221e-01,1.200389862060546875e-02
9.189081091890810571e-01,1.569010424613952637e+01
2.517223358154296875e-01,1.607656478881835938e-03
9.433367030552719523e-01,1.203227043151855469e-02
9.828803427140736515e-01,4.000425338745117188e-03
2.484751524847515214e-01,3.568837642669677734e-01
2.752724727527247062e-01,1.199722290039062500e-02
2.364763523647635257e-01,1.584172511100769043e+01
5.908966064453125000e-03,2.459049224853515625e-03
2.289374699121748957e-01,4.183292388916015625e-03
2.655726387912419884e-01,4.007577896118164062e-03
2.562743725627437130e-01,3.466882705688476562e-01
2.567743225677432406e-01,1.253223419189453125e-02
3.969603039696030233e-01,1.614917016029357910e+01
5.908966064453125000e-03,1.705408096313476562e-03
1.978437745542513393e-01,4.050731658935546875e-03
2.190367225014732133e-01,4.004240036010742188e-03
7.069293070692930225e-01,3.483698368072509766e-01
7.009299070092990247e-01,1.209568977355957031e-02
8.341165883411658655e-01,1.552503776550292969e+01
1.315879821777343750e-01,1.619100570678710938e-03
6.157433203877712424e-01,4.045486450195312500e-03
7.189474590879086913e-01,3.962993621826171875e-03
6.888311168883112234e-01,3.505308628082275391e-01
6.796320367963203379e-01,1.204323768615722656e-02
7.311268873112688471e-01,1.539790868759155273e+01
4.119014739990234375e-01,1.664161682128906250e-03
5.607909685939249655e-01,4.024028778076171875e-03
7.115827190912904499e-01,3.978967666625976562e-03
8.439156084391561397e-01,3.467404842376708984e-01
8.553144685531446356e-01,1.204442977905273438e-02
8.055194480551944869e-01,1.530326461791992188e+01
5.765914916992187500e-02,2.460718154907226562e-03
8.018440444465979589e-01,4.204511642456054688e-03
8.566359033002957091e-01,3.991842269897460938e-03
1.428857114288571151e-01,3.473374843597412109e-01
1.621837816218378026e-01,1.251268386840820312e-02
3.053694630536946120e-01,1.536229586601257324e+01
2.517223358154296875e-01,1.674890518188476562e-03
2.403097299346769189e-01,4.058599472045898438e-03
1.611129669781846130e-01,3.986597061157226562e-03
4.629537046295370550e-01,3.471052646636962891e-01
4.562543745625437519e-01,1.207113265991210938e-02
4.058594140585941590e-01,1.516034173965454102e+01
4.119014739990234375e-01,1.600027084350585938e-03
4.314867465881152553e-01,4.040241241455078125e-03
4.547595845850766483e-01,3.965854644775390625e-03
2.838716128387161475e-01,3.470292091369628906e-01
2.911708829117088393e-01,1.202249526977539062e-02
3.899610038996100259e-01,1.532837057113647461e+01
7.482776641845703125e-01,1.585721969604492188e-03
4.086702379487807124e-01,4.007101058959960938e-03
2.727509226839932577e-01,3.964662551879882812e-03
8.622137786221377720e-01,3.473558425903320312e-01
8.523147685231476922e-01,1.202011108398437500e-02
8.477152284771523050e-01,1.541986823081970215e+01
4.119014739990234375e-01,2.569913864135742188e-03
8.294038563908034956e-01,4.223346710205078125e-03
8.207445676327926876e-01,4.019260406494140625e-03
2.326767323267673326e-01,3.479385375976562500e-01
2.293770622937706116e-01,1.257014274597167969e-02
2.910708929107089227e-01,1.555464172363281250e+01
5.880985260009765625e-01,1.615762710571289062e-03
3.366446050580384486e-01,4.028320312500000000e-03
2.463150197495000970e-01,3.991603851318359375e-03
4.109589041095890183e-02,3.459079265594482422e-01
4.619538046195380276e-02,1.207304000854492188e-02
8.999100089991000223e-03,1.540644812583923340e+01
2.517223358154296875e-01,1.585960388183593750e-03
3.687454583674754788e-02,4.001617431640625000e-03
4.021859582374333331e-02,3.957271575927734375e-03
7.795220477952204963e-01,3.445992469787597656e-01
7.844215578442156334e-01,1.203799247741699219e-02
8.803119688031196821e-01,1.540986204147338867e+01
4.119014739990234375e-01,1.638174057006835938e-03
7.150425794877895980e-01,4.021167755126953125e-03
7.866758098370866259e-01,4.009962081909179688e-03
9.439056094390561036e-01,3.456254005432128906e-01
9.427057294270573262e-01,1.204824447631835938e-02
8.899110088991101231e-01,1.541359186172485352e+01
9.940910339355468750e-01,2.519369125366210938e-03
8.648601968979556798e-01,4.222154617309570312e-03
9.366581433189978823e-01,4.020690917968750000e-03
5.929407059294070637e-01,3.486959934234619141e-01
5.919408059194080085e-01,1.254105567932128906e-02
5.436456354364563870e-01,1.581120800971984863e+01
4.119014739990234375e-01,1.727819442749023438e-03
5.168038037541010654e-01,4.080772399902343750e-03
6.207827637701212042e-01,4.002571105957031250e-03
7.014298570142986078e-01,3.461997509002685547e-01
6.979302069793020813e-01,1.212906837463378906e-02
7.639236076392360575e-01,1.549839401245117188e+01
8.684120178222656250e-01,9.625196456909179688e-03
6.470606124138490456e-01,4.078149795532226562e-03
6.958856564512511111e-01,1.197624206542968750e-02
3.908609139086091644e-01,7.068998813629150391e-01
3.798620137986201128e-01,2.007818222045898438e-02
2.999700029997000028e-01,1.573543620109558105e+01
4.119014739990234375e-01,1.721858978271484375e-03
4.569385387546484045e-01,4.075527191162109375e-03
3.625658683892017953e-01,3.980875015258789062e-03
7.067293270672933003e-01,3.464665412902832031e-01
7.101289871012899102e-01,1.209425926208496094e-02
7.349265073492651235e-01,1.625593185424804688e+01
5.880985260009765625e-01,2.607583999633789062e-03
5.723372178250180076e-01,4.233121871948242188e-03
7.905825303684989036e-01,4.019498825073242188e-03
2.481751824817518270e-01,3.481073379516601562e-01
2.671732826717328479e-01,1.257061958312988281e-02
3.172682731726827465e-01,1.532743763923645020e+01
4.119014739990234375e-01,1.606464385986328125e-03
2.496386308409069277e-01,4.018068313598632812e-03
2.394004301075998709e-01,3.990650177001953125e-03
9.103089691030896713e-01,3.469378948211669922e-01
9.011098890110988968e-01,1.204729080200195312e-02
9.244075592440755829e-01,1.537695908546447754e+01
9.423408508300781250e-01,1.679897308349609375e-03
9.086478211135602390e-01,4.030704498291015625e-03
9.462107332598334031e-01,3.986597061157226562e-03
9.723027697230276489e-01,3.468506336212158203e-01
9.686031396860314002e-01,1.211595535278320312e-02
9.923007699230077527e-01,1.544929289817810059e+01
5.880985260009765625e-01,1.591444015502929688e-03
6.298223690110349438e-01,4.012346267700195312e-03
9.893832099361244969e-01,3.987789154052734375e-03
6.969303069693030817e-02,3.463349342346191406e-01
7.419258074192580654e-02,1.200318336486816406e-02
1.454854514548545030e-01,1.518500137329101562e+01
9.423408508300781250e-01,2.587080001831054688e-03
1.701962908451121192e-01,4.196405410766601562e-03
4.370965262569170839e-02,4.014730453491210938e-03
7.570242975702429211e-01,3.470432758331298828e-01
7.553244675532446717e-01,1.254129409790039062e-02
7.805219478052194404e-01,1.526953506469726562e+01
9.423408508300781250e-01,1.612424850463867188e-03
6.771020490184100904e-01,3.981828689575195312e-03
8.162317118997659549e-01,3.957986831665039062e-03
6.053394660533946148e-01,3.458781242370605469e-01
6.092390760923908077e-01,1.204323768615722656e-02
8.225177482251775363e-01,1.470193290710449219e+01
9.423408508300781250e-01,1.583814620971679688e-03
5.815052849436729288e-01,4.018783569335937500e-03
6.643955180899184798e-01,3.971338272094726562e-03
8.208179182081791758e-01,3.488726615905761719e-01
8.144185581441856225e-01,1.200151443481445312e-02
9.412058794120587990e-01,1.552892327308654785e+01
7.482776641845703125e-01,1.574039459228515625e-03
6.417476394231764747e-01,4.024505615234375000e-03
8.370125111465502865e-01,3.977537155151367188e-03
5.989401059894010337e-02,3.468368053436279297e-01
6.369363063693631033e-02,1.208424568176269531e-02
7.029297070292971072e-02,1.543446302413940430e+01
2.517223358154296875e-01,2.564430236816406250e-03
1.398298943916572723e-01,4.231214523315429688e-03
6.718092135013832567e-02,4.012107849121093750e-03
2.884711528847115347e-01,3.487558364868164062e-01
2.735726427357264012e-01,1.253342628479003906e-02
3.433656634336566538e-01,1.544596362113952637e+01
4.119014739990234375e-01,1.572370529174804688e-03
3.305089973345720633e-01,4.050731658935546875e-03
3.425711750801715971e-01,3.991842269897460938e-03
8.071192880711929307e-01,3.460261821746826172e-01
7.952204779522047406e-01,1.202893257141113281e-02
7.456254374562544252e-01,1.541480350494384766e+01
5.880985260009765625e-01,1.675128936767578125e-03
7.763327651783397121e-01,4.061222076416015625e-03
8.317025267658313403e-01,4.002809524536132812e-03
8.840115988401160418e-01,3.490989208221435547e-01
8.844115588441155973e-01,1.208519935607910156e-02
8.594140585941405508e-01,1.568606066703796387e+01
2.517223358154296875e-01,2.561569213867187500e-03
5.356547995503317949e-01,4.207849502563476562e-03
9.171292022485892925e-01,4.035234451293945312e-03
3.978602139786021619e-01,3.466091156005859375e-01
4.031596840315968544e-01,1.256537437438964844e-02
6.121387861213878345e-01,1.457037043571472168e+01
2.517223358154296875e-01,1.595973968505859375e-03
3.729920757875504478e-01,4.039287567138671875e-03
3.615906727480926453e-01,3.983497619628906250e-03
7.118288171182881596e-01,3.475275039672851562e-01
7.066293370662933837e-01,1.206660270690917969e-02
7.632236776322367522e-01,1.465096449851989746e+01
7.482776641845703125e-01,1.582145690917968750e-03
6.477630956759510283e-01,4.020690917968750000e-03
7.381947012070382286e-01,3.978729248046875000e-03
5.492450754924507184e-01,3.475651741027832031e-01
5.706429357064293217e-01,1.200103759765625000e-02
3.309669033096690471e-01,1.568261337280273438e+01
2.517223358154296875e-01,1.600027084350585938e-03
5.260392584917241710e-01,4.047393798828125000e-03
5.366811229082428802e-01,3.990173339843750000e-03
1.008899110088991163e-01,3.470773696899414062e-01
1.015898410158984078e-01,1.201081275939941406e-02
7.709229077092290272e-02,1.573769545555114746e+01
2.069473266601562500e-02,2.668619155883789062e-03
1.829725218159510280e-01,4.288434982299804688e-03
6.527173664088456451e-02,4.019975662231445312e-03
3.842615738426157224e-01,4.450461864471435547e-01
3.812618738126187234e-01,2.877545356750488281e-02
4.859514048595140467e-01,1.584030866622924805e+01
7.482776641845703125e-01,1.721143722534179688e-03
3.626919968712924991e-01,4.082202911376953125e-03
3.559679661990345911e-01,1.203846931457519531e-02
5.783421657834216800e-01,4.840183258056640625e-01
5.868413158684131492e-01,1.215767860412597656e-02
6.112388761123888070e-01,1.492763257026672363e+01
4.119014739990234375e-01,1.709938049316406250e-03
5.607507357024890116e-01,4.074811935424804688e-03
5.279634528956891337e-01,3.988027572631835938e-03
4.195580441955804596e-01,3.481030464172363281e-01
4.135586441355864618e-01,1.212430000305175781e-02
3.371662833716628227e-01,1.526616525650024414e+01
4.119014739990234375e-01,1.679658889770507812e-03
4.587210358060186399e-01,4.064798355102539062e-03
3.953265810179558137e-01,3.977298736572265625e-03
5.986401359864013116e-01,3.803801536560058594e-01
6.046395360463953095e-01,1.225233078002929688e-02
4.646535346465353600e-01,1.596181917190551758e+01
2.069473266601562500e-02,2.553224563598632812e-03
6.243637043110958906e-01,4.217863082885742188e-03
5.787120710105913002e-01,4.029750823974609375e-03
8.696130386961303804e-01,3.488659858703613281e-01
8.681131886811318532e-01,1.254987716674804688e-02
7.477252274772522300e-01,1.546254348754882812e+01
7.482776641845703125e-01,1.587390899658203125e-03
8.194604035597123914e-01,4.031658172607421875e-03
8.644173380433700649e-01,3.981351852416992188e-03
9.630036996300369578e-01,3.467209339141845703e-01
9.604039596040395699e-01,1.202654838562011719e-02
9.048095190480951455e-01,1.564450526237487793e+01
8.684120178222656250e-01,1.576185226440429688e-03
8.613786162449776906e-01,4.019737243652343750e-03
9.774830596197028321e-01,3.968000411987304688e-03
9.502049795020497402e-01,3.494184017181396484e-01
9.488051194880512407e-01,1.199793815612792969e-02
8.875112488751124573e-01,1.623549246788024902e+01
7.482776641845703125e-01,1.588582992553710938e-03
8.664411263821421016e-01,4.030942916870117188e-03
9.400743827602421332e-01,1.196432113647460938e-02
3.235676432356764387e-01,4.244918823242187500e-01
3.338666133386661294e-01,1.222252845764160156e-02
4.894510548945105732e-01,1.540527415275573730e+01
5.880985260009765625e-01,2.556085586547851562e-03
3.912116569989384507e-01,4.242181777954101562e-03
3.701976970347802265e-01,4.000186920166015625e-03
6.101389861013898352e-01,3.493359088897705078e-01
6.136386361363863617e-01,1.254749298095703125e-02
5.018498150184981244e-01,1.602731037139892578e+01
7.482776641845703125e-01,1.591920852661132812e-03
5.205813397068346227e-01,4.013538360595703125e-03
5.670278623654931849e-01,3.994226455688476562e-03
5.379462053794620280e-02,3.926169872283935547e-01
5.839416058394160391e-02,1.202964782714843750e-02
5.189481051894810626e-02,1.557798647880554199e+01
2.517223358154296875e-01,1.653432846069335938e-03
1.064458233090555539e-01,4.074096679687500000e-03
4.355356262663986205e-02,4.000186920166015625e-03
8.689131086891310751e-02,3.482820987701416016e-01
8.439156084391560841e-02,1.206851005554199219e-02
1.123887611238876122e-01,1.547461080551147461e+01
4.119014739990234375e-01,1.662015914916992188e-03
2.373034153103179000e-01,4.071474075317382812e-03
7.224926335128581401e-02,3.992319107055664062e-03
5.738426157384262094e-01,3.482809066772460938e-01
6.024397560243975880e-01,1.207280158996582031e-02
3.469653034696530414e-01,1.601138162612915039e+01
1.315879821777343750e-01,2.493619918823242188e-03
5.998003815682741990e-01,4.189968109130859375e-03
5.950467196516231461e-01,4.005908966064453125e-03
1.841815818418158224e-01,3.477702140808105469e-01
1.923807619238076250e-01,1.250910758972167969e-02
8.719128087191280185e-02,1.574906897544860840e+01
7.482776641845703125e-01,1.639127731323242188e-03
2.797636758607755514e-01,4.043579101562500000e-03
1.179461572226147559e-01,4.019498825073242188e-03
3.339666033396660461e-01,3.482854366302490234e-01
3.489651034896510406e-01,1.204633712768554688e-02
3.195680431956804401e-01,1.558297991752624512e+01
8.684120178222656250e-01,1.579761505126953125e-03
3.897576160999570716e-01,3.998517990112304688e-03
3.107876574125406632e-01,3.969430923461914062e-03
9.355064493550644400e-01,3.445100784301757812e-01
9.334066593340666351e-01,1.200842857360839844e-02
9.102089791020897547e-01,1.554509520530700684e+01
4.119014739990234375e-01,1.650094985961914062e-03
9.070971883589385998e-01,4.045486450195312500e-03
9.360664107989138394e-01,3.992557525634765625e-03
2.706729327067293189e-01,3.477222919464111328e-01
2.791720827917208436e-01,1.205372810363769531e-02
3.238676132386761330e-01,1.557381153106689453e+01
4.119014739990234375e-01,2.492904663085937500e-03
3.740537702924947583e-01,4.198074340820312500e-03
2.592661473040265285e-01,4.029512405395507812e-03
4.666533346665333593e-01,3.488392829895019531e-01
4.786521347865213549e-01,1.251554489135742188e-02
3.022697730226977519e-01,1.557230448722839355e+01
4.119014739990234375e-01,1.591205596923828125e-03
5.115114957989667088e-01,4.012346267700195312e-03
4.973813125678293035e-01,3.969430923461914062e-03
6.196380361963803596e-01,3.495278358459472656e-01
6.126387361263873066e-01,1.203513145446777344e-02
6.647335266473353155e-01,1.572440266609191895e+01
8.684120178222656250e-01,1.698017120361328125e-03
5.914709278080878541e-01,4.050254821777343750e-03
5.965187384685473049e-01,3.980159759521484375e-03
6.639336066393360103e-02,3.470745086669921875e-01
7.919208079192080474e-02,1.205492019653320312e-02
1.011898810118988107e-01,1.581222343444824219e+01
5.765914916992187500e-02,1.733064651489257812e-03
1.117079881982341871e-01,4.082441329956054688e-03
1.055559359714786094e-01,3.998041152954101562e-03
1.094890510948905160e-01,4.909989833831787109e-01
1.162883711628837080e-01,1.210594177246093750e-02
1.039896010398960041e-01,1.541158986091613770e+01
5.765914916992187500e-02,2.629518508911132812e-03
9.645623384494428354e-02,4.244804382324218750e-03
1.198104392940570473e-01,4.163980484008789062e-03
1.295870412958704254e-01,3.473050594329833984e-01
1.327867213278672021e-01,1.262235641479492188e-02
1.614838516148385250e-01,1.595647573471069336e+01
4.119014739990234375e-01,1.727581024169921875e-03
2.235809799221415983e-01,4.069805145263671875e-03
1.300104154844366477e-01,3.994226455688476562e-03
8.222177782221777864e-01,3.690440654754638672e-01
8.138186181381862339e-01,1.250481605529785156e-02
9.072092790720928113e-01,1.564254641532897949e+01
9.423408508300781250e-01,1.688718795776367188e-03
7.839213124720246784e-01,4.047870635986328125e-03
8.482206091189252728e-01,3.994464874267578125e-03
8.789121087891210715e-01,3.486745357513427734e-01
8.676132386761323811e-01,1.231837272644042969e-02
8.476152384761523884e-01,1.618503999710083008e+01
8.684120178222656250e-01,1.676321029663085938e-03
9.099467188817860208e-01,4.060029983520507812e-03
8.489956710544360741e-01,3.994703292846679688e-03
8.154184581541845667e-01,4.043512344360351562e-01
8.007199280071992664e-01,1.205563545227050781e-02
8.555144485551444689e-01,1.670434832572937012e+01
7.482776641845703125e-01,2.488851547241210938e-03
7.570034843573156813e-01,4.233598709106445312e-03
7.825668970409719316e-01,4.007339477539062500e-03
3.044695530446955289e-01,3.492844104766845703e-01
3.048695130486951399e-01,1.252460479736328125e-02
3.254674532546745214e-01,1.545230722427368164e+01
1.315879821777343750e-01,1.654386520385742188e-03
3.564583377291058452e-01,4.015684127807617188e-03
2.713505389638692367e-01,3.967523574829101562e-03
3.389661033896610581e-02,4.381020069122314453e-01
4.009599040095990219e-02,2.802586555480957031e-02
3.089691030896910343e-02,1.573427891731262207e+01
5.908966064453125000e-03,1.722097396850585938e-03
7.381052792307533916e-02,4.065990447998046875e-03
3.471768257117204687e-02,3.984689712524414062e-03
2.298770122987701114e-01,3.473377227783203125e-01
2.303769623037696113e-01,1.209831237792968750e-02
2.832716728327167033e-01,1.553655028343200684e+01
2.517223358154296875e-01,1.599550247192382812e-03
2.312716372898283579e-01,4.015445709228515625e-03
1.985956665223749806e-01,3.998756408691406250e-03
4.535546445355464473e-01,3.474895954132080078e-01
4.684531546845315253e-01,1.205611228942871094e-02
5.682431756824317670e-01,1.552704930305480957e+01
4.119014739990234375e-01,2.501249313354492188e-03
3.897562699393128938e-01,4.213094711303710938e-03
5.259469433942732808e-01,4.015684127807617188e-03
4.099590040995900429e-03,4.030997753143310547e-01
2.799720027997200378e-03,1.247859001159667969e-02
6.509349065093490705e-02,1.680755209922790527e+01
2.069473266601562500e-02,1.624107360839843750e-03
2.351306697979729105e-02,4.053831100463867188e-03
2.771640578962253701e-03,4.027366638183593750e-03
9.294070592940706366e-01,4.126441478729248047e-01
9.271072892710728874e-01,1.203942298889160156e-02
8.794120587941205436e-01,1.521246123313903809e+01
7.482776641845703125e-01,1.705646514892578125e-03
8.432664888389390656e-01,4.040956497192382812e-03
9.365428056830531478e-01,4.018068313598632812e-03
1.827817218278172118e-01,4.045073986053466797e-01
2.000799920007999277e-01,1.226639747619628906e-02
2.922707729227077555e-01,1.576715660095214844e+01
1.315879821777343750e-01,1.628875732421875000e-03
2.659215805299144364e-01,4.040718078613281250e-03
1.487709835114445767e-01,3.985166549682617188e-03
9.848015198480152277e-01,4.102892875671386719e-01
9.825017498250174786e-01,1.205062866210937500e-02
9.863013698630136439e-01,1.574508762359619141e+01
9.793052673339843750e-01,2.465963363647460938e-03
9.344256240449289042e-01,4.219770431518554688e-03
9.902779489611948094e-01,4.009723663330078125e-03
6.294370562943705227e-01,3.543093204498291016e-01
6.450354964503549615e-01,1.253104209899902344e-02
5.832416758324167061e-01,1.558769392967224121e+01
2.517223358154296875e-01,1.708984375000000000e-03
6.292141383181358849e-01,4.087448120117187500e-03
6.476399387163828125e-01,3.983497619628906250e-03
8.136186381361864006e-01,3.794279098510742188e-01
8.092190780921907356e-01,1.230287551879882812e-02
8.261173882611738684e-01,1.550652456283569336e+01
9.793052673339843750e-01,1.687288284301757812e-03
7.229187845605022922e-01,4.041433334350585938e-03
8.202476557739621921e-01,3.997325897216796875e-03
8.951104889511048990e-01,3.487954139709472656e-01
9.009099090090990636e-01,1.224541664123535156e-02
8.079192080791920416e-01,1.579257750511169434e+01
8.684120178222656250e-01,1.616239547729492188e-03
8.326360462494569736e-01,4.029512405395507812e-03
8.855265385333825900e-01,3.998994827270507812e-03
6.001399860013998389e-01,6.778874397277832031e-01
6.154384561543845278e-01,2.002453804016113281e-02
6.974302569743026092e-01,1.520812511444091797e+01
5.880985260009765625e-01,2.485513687133789062e-03
5.918176169728908143e-01,4.215478897094726562e-03
5.671182134223520244e-01,4.031181335449218750e-03
2.906709329067093117e-01,3.483786582946777344e-01
2.963703629637036152e-01,1.252031326293945312e-02
4.414558544145585350e-01,1.583303642272949219e+01
4.119014739990234375e-01,1.691102981567382812e-03
3.495926953416817473e-01,4.043579101562500000e-03
2.954841421633368492e-01,3.998994827270507812e-03
7.380261973802619835e-01,3.528113365173339844e-01
7.302269773022698196e-01,1.211738586425781250e-02
6.907309269073093061e-01,1.553944659233093262e+01
7.482776641845703125e-01,1.710891723632812500e-03
7.013082788799545053e-01,4.045724868774414062e-03
7.454376617227813639e-01,4.003763198852539062e-03
5.516448355164483841e-01,3.468296527862548828e-01
5.571442855714429099e-01,1.213407516479492188e-02
4.408559144085591464e-01,1.567348098754882812e+01
5.880985260009765625e-01,1.680135726928710938e-03
5.059182698833674108e-01,4.069805145263671875e-03
4.789694452679839065e-01,4.004240036010742188e-03
3.367663233676632117e-01,4.472863674163818359e-01
3.497650234976502626e-01,1.207327842712402344e-02
3.695630436956304221e-01,1.559079933166503906e+01
1.315879821777343750e-01,2.647638320922851562e-03
3.361106236051576435e-01,4.257202148437500000e-03
2.837713601601687952e-01,4.023313522338867188e-03
2.172782721727827271e-01,3.470172882080078125e-01
2.279772022797720288e-01,1.257133483886718750e-02
5.309469053094690444e-02,1.537964034080505371e+01
7.482776641845703125e-01,1.602172851562500000e-03
3.905920285287631799e-01,4.046678543090820312e-03
2.341721506208554460e-01,4.010200500488281250e-03
6.079392060793921138e-01,3.478326797485351562e-01
5.916408359164083697e-01,1.206827163696289062e-02
4.042595740425957151e-01,1.545461869239807129e+01
4.119014739990234375e-01,1.605749130249023438e-03
6.312606472104955735e-01,4.036664962768554688e-03
6.431555068662446750e-01,4.021406173706054688e-03
9.750024997500249535e-01,3.513925075531005859e-01
9.739026097390260928e-01,1.233768463134765625e-02
9.840015998400160058e-01,1.544014477729797363e+01
9.793052673339843750e-01,1.607418060302734375e-03
9.870299889799494242e-01,4.027843475341796875e-03
9.831602038661183540e-01,3.995418548583984375e-03
7.233276672332766832e-01,4.693329334259033203e-01
7.249275072492751271e-01,1.203179359436035156e-02
7.455254474552545085e-01,1.566201066970825195e+01
8.684120178222656250e-01,2.501487731933593750e-03
6.947467781446149404e-01,4.200458526611328125e-03
7.420897687775174223e-01,4.021883010864257812e-03
2.056794320567943146e-01,3.780944347381591797e-01
2.201779822017798094e-01,1.251912117004394531e-02
2.609739026097390169e-01,1.536739468574523926e+01
4.119014739990234375e-01,1.719474792480468750e-03
2.468725324556074185e-01,4.067659378051757812e-03
2.401523974949405504e-01,3.994941711425781250e-03
2.093790620937906188e-01,3.480839729309082031e-01
2.169783021697830327e-01,1.211071014404296875e-02
1.261873812618738155e-01,1.543909478187561035e+01
4.119014739990234375e-01,1.615047454833984375e-03
3.517201457049677904e-01,4.038810729980468750e-03
1.937239017530453800e-01,4.046440124511718750e-03
8.748125187481251563e-01,4.035751819610595703e-01
8.786121387861214327e-01,1.202440261840820312e-02
9.589041095890410427e-01,1.607255625724792480e+01
5.880985260009765625e-01,1.615762710571289062e-03
8.779674461632483995e-01,4.014492034912109375e-03
9.141111756643375275e-01,4.018306732177734375e-03
3.330666933306669075e-01,3.493013381958007812e-01
3.582641735826417317e-01,1.200056076049804688e-02
2.901709829017098397e-01,1.548892831802368164e+01
1.315879821777343750e-01,2.552509307861328125e-03
3.689351352599177236e-01,4.235982894897460938e-03
3.728066258839000668e-01,4.034519195556640625e-03
4.768523147685231334e-01,3.485229015350341797e-01
4.916508349165083502e-01,1.255440711975097656e-02
5.550444955504449940e-01,1.529684233665466309e+01
4.119014739990234375e-01,1.700401306152343750e-03
4.880616300303403654e-01,4.040956497192382812e-03
4.397659984371576347e-01,3.999471664428710938e-03
6.065393460653935032e-01,3.466558456420898438e-01
6.155384461553844444e-01,1.212620735168457031e-02
7.187281271872812960e-01,1.469934773445129395e+01
7.482776641845703125e-01,1.631498336791992188e-03
6.509097867801154624e-01,4.019260406494140625e-03
5.720952871631220793e-01,3.986835479736328125e-03
3.626637336266373413e-01,3.563032150268554688e-01
3.546645335466453441e-01,1.203227043151855469e-02
5.632436756324367133e-01,1.480072712898254395e+01
7.482776641845703125e-01,1.580953598022460938e-03
3.786090814187917375e-01,4.016399383544921875e-03
3.924298800622161854e-01,3.973484039306640625e-03
6.459354064593541001e-01,3.509132862091064453e-01
6.368363163683631312e-01,1.201057434082031250e-02
5.420457954204579432e-01,1.475445771217346191e+01
7.482776641845703125e-01,2.464056015014648438e-03
6.592151260304448535e-01,4.192590713500976562e-03
6.304202993141325706e-01,3.999471664428710938e-03
3.810618938106189457e-01,3.805327415466308594e-01
3.895610438956104149e-01,1.251363754272460938e-02
2.561743825617438519e-01,1.457810044288635254e+01
5.765914916992187500e-02,1.610994338989257812e-03
3.870921765100554524e-01,4.033803939819335938e-03
3.833448468674251486e-01,3.969430923461914062e-03
3.757624237576242532e-01,3.487036228179931641e-01
3.754624537546245588e-01,1.200747489929199219e-02
2.852714728527147026e-01,1.589125013351440430e+01
5.880985260009765625e-01,1.601219177246093750e-03
4.135772736394016103e-01,1.204347610473632812e-02
3.302654180558092234e-01,3.978013992309570312e-03
5.603439656034396865e-01,5.321173667907714844e-01
5.563443655634436880e-01,1.202392578125000000e-02
5.249475052494750882e-01,1.508142161369323730e+01
7.482776641845703125e-01,1.610040664672851562e-03
5.603146030148207224e-01,4.019498825073242188e-03
5.688639855695460934e-01,4.001379013061523438e-03
6.792320767923207825e-01,3.477725982666015625e-01
6.700329967003300080e-01,1.208758354187011719e-02
7.149285071492850197e-01,1.582653307914733887e+01
7.482776641845703125e-01,2.610683441162109375e-03
6.926983115566585081e-01,4.256963729858398438e-03
6.855940424156288238e-01,4.051923751831054688e-03
1.484851514848515019e-01,3.456218242645263672e-01
1.473852614738526134e-01,1.255726814270019531e-02
9.469053094690531303e-02,1.545395970344543457e+01
2.517223358154296875e-01,1.739978790283203125e-03
1.869546273998186625e-01,4.068851470947265625e-03
1.727297473941338257e-01,4.000663757324218750e-03
5.501449855014498569e-01,3.542766571044921875e-01
5.772422757724227083e-01,1.211094856262207031e-02
6.450354964503549615e-01,1.416726160049438477e+01
4.119014739990234375e-01,1.626968383789062500e-03
5.065587053607756296e-01,4.319429397583007812e-03
5.850544528647281250e-01,4.806280136108398438e-03
7.028297170282972184e-01,3.540890216827392578e-01
7.021297870212979131e-01,1.218008995056152344e-02
5.271472852714728097e-01,1.448258328437805176e+01
5.880985260009765625e-01,1.705646514892578125e-03
5.887232111997992012e-01,4.048585891723632812e-03
6.687918841014521831e-01,4.013538360595703125e-03
1.048895110488951149e-01,3.476843833923339844e-01
1.089891010898910162e-01,1.207232475280761719e-02
7.369263073692630672e-02,1.504088926315307617e+01
4.119014739990234375e-01,2.520561218261718750e-03
1.010564677794818511e-01,4.183292388916015625e-03
1.163274818787584652e-01,4.017353057861328125e-03
1.799820017998200045e-02,3.650920391082763672e-01
1.999800019998000319e-02,1.257395744323730469e-02
1.659834016598340026e-02,1.577186799049377441e+01
5.765914916992187500e-02,1.615285873413085938e-03
2.904837100076083228e-02,4.051208496093750000e-03
1.731680233896326984e-02,4.011869430541992188e-03
8.589141085891410787e-02,3.465685844421386719e-01
8.659134086591341317e-02,1.207017898559570312e-02
9.599040095990401047e-03,1.531906986236572266e+01
1.315879821777343750e-01,9.485006332397460938e-03
1.090578186579986286e-01,4.004001617431640625e-03
6.455311070788945227e-02,1.198935508728027344e-02
7.536246375362464223e-01,3.471503257751464844e-01
7.506249375062493678e-01,1.198387145996093750e-02
6.999300069993000806e-01,1.546845674514770508e+01
9.793052673339843750e-01,1.655578613281250000e-03
6.200853101195354933e-01,4.024744033813476562e-03
7.181941270057345950e-01,3.998041152954101562e-03
9.678032196780321783e-01,3.488955497741699219e-01
9.655034496550345402e-01,1.206421852111816406e-02
9.425057494250574930e-01,1.572072315216064453e+01
9.793052673339843750e-01,2.577543258666992188e-03
9.507270240593114208e-01,4.255771636962890625e-03
9.805793202485801885e-01,4.037857055664062500e-03
7.630236976302370300e-01,3.480286598205566406e-01
7.630236976302370300e-01,1.256203651428222656e-02
8.382161783821617806e-01,1.516886615753173828e+01
7.482776641845703125e-01,1.610994338989257812e-03
7.629518014166333240e-01,4.045963287353515625e-03
7.747847165481488441e-01,3.953456878662109375e-03
6.050394960503949759e-01,3.970677852630615234e-01
6.095390460953904466e-01,2.005457878112792969e-02
8.283171682831717009e-01,1.557088565826416016e+01
7.482776641845703125e-01,1.582860946655273438e-03
6.003204230400815966e-01,4.037380218505859375e-03
6.154471298732409057e-01,4.007101058959960938e-03
2.713728627137286242e-01,3.466422557830810547e-01
2.855714428557144524e-01,1.200199127197265625e-02
3.325667433256674355e-01,1.544982647895812988e+01
5.880985260009765625e-01,1.605987548828125000e-03
3.331115447192580237e-01,4.034519195556640625e-03
2.915184586778207798e-01,3.995656967163085938e-03
2.614738526147385445e-01,3.498985767364501953e-01
2.742725727427257065e-01,1.322841644287109375e-02
2.266773322667733348e-01,1.503956747055053711e+01
5.765914916992187500e-02,1.815319061279296875e-03
2.867805309335492714e-01,4.122257232666015625e-03
2.894307693739391896e-01,3.964185714721679688e-03
1.779822017798220191e-02,3.473460674285888672e-01
2.099790020997900283e-02,1.215362548828125000e-02
2.329767023297670339e-02,1.545264029502868652e+01
5.908966064453125000e-03,1.602649688720703125e-03
1.882335620216145713e-02,3.991603851318359375e-03
1.939489034617030913e-02,3.960371017456054688e-03
5.132486751324867313e-01,3.472647666931152344e-01
5.255474452554744769e-01,1.203560829162597656e-02
3.777622237776222525e-01,1.516184139251708984e+01
5.765914916992187500e-02,1.569509506225585938e-03
5.233888820842012013e-01,4.004955291748046875e-03
4.912093372661598956e-01,3.998279571533203125e-03
9.082091790820917554e-01,3.475239276885986328e-01
9.194080591940806402e-01,1.197052001953125000e-02
9.141085891410858366e-01,1.570663094520568848e+01
5.880985260009765625e-01,2.570390701293945312e-03
8.721340131401582596e-01,4.228353500366210938e-03
8.901319251230686014e-01,4.039764404296875000e-03
6.857314268573142524e-01,3.491816520690917969e-01
6.870312968703129464e-01,1.255178451538085938e-02
7.158284171582841582e-01,1.573362421989440918e+01
2.517223358154296875e-01,1.687526702880859375e-03
7.126097217230005221e-01,4.071712493896484375e-03
6.504583742951376424e-01,4.022121429443359375e-03
3.863613638636136383e-01,3.884127140045166016e-01
3.797620237976202517e-01,1.228857040405273438e-02
4.623537646235376664e-01,1.502176427841186523e+01
2.517223358154296875e-01,1.609563827514648438e-03
3.508662667259989654e-01,4.030227661132812500e-03
3.748331378124840629e-01,3.976821899414062500e-03
7.413258674132586767e-01,4.617738723754882812e-01
7.417258274172582322e-01,2.811288833618164062e-02
5.180481951804819518e-01,1.603190612792968750e+01
5.765914916992187500e-02,1.621961593627929688e-03
7.410277420401962800e-01,4.048347473144531250e-03
6.814811427663320931e-01,3.979682922363281250e-03
8.992100789921008142e-01,3.507597446441650391e-01
8.908109189081091506e-01,1.201128959655761719e-02
8.431156884311569177e-01,1.688957953453063965e+01
8.684120178222656250e-01,2.565860748291015625e-03
7.639205786141967103e-01,4.218339920043945312e-03
8.916709204651553922e-01,4.017829895019531250e-03
4.116588341165883236e-01,3.491001129150390625e-01
4.086591340865913247e-01,1.254534721374511719e-02
3.185681431856814405e-01,1.672522878646850586e+01
7.482776641845703125e-01,1.760005950927734375e-03
4.739575007253067351e-01,4.089832305908203125e-03
3.991756930019603189e-01,3.983736038208007812e-03
8.562143785621437742e-01,3.463764190673828125e-01
8.498150184981502209e-01,1.211833953857421875e-02
7.508249175082492011e-01,1.554594993591308594e+01
5.880985260009765625e-01,1.843214035034179688e-03
8.190587818069303694e-01,4.147291183471679688e-03
8.128000345134014371e-01,7.942914962768554688e-03
7.786221377862213577e-01,4.569458961486816406e-01
7.629237076292371134e-01,2.016282081604003906e-02
7.194280571942806013e-01,1.482470726966857910e+01
7.482776641845703125e-01,1.726865768432617188e-03
7.569111686935897643e-01,4.033327102661132812e-03
7.628296698050776037e-01,3.995180130004882812e-03
5.747425257474252369e-01,3.468677997589111328e-01
5.633436656334366299e-01,1.206707954406738281e-02
5.595440455954404646e-01,1.513948512077331543e+01
8.684120178222656250e-01,2.479314804077148438e-03
5.159680807811141134e-01,4.209041595458984375e-03
5.974169526827567411e-01,4.041194915771484375e-03
7.570242975702429211e-01,3.477730751037597656e-01
7.489251074892511184e-01,1.253533363342285156e-02
7.391260873912608442e-01,1.547691535949707031e+01
4.119014739990234375e-01,2.472400665283203125e-03
6.948234112621146652e-01,4.197359085083007812e-03
7.612476143962164654e-01,4.029273986816406250e-03
9.379062093790621057e-01,3.491356372833251953e-01
9.360063993600640231e-01,1.248931884765625000e-02
8.793120687931207380e-01,1.539413642883300781e+01
4.119014739990234375e-01,2.458095550537109375e-03
8.676114760142696891e-01,4.195928573608398438e-03
9.565116851164309208e-01,3.984212875366210938e-03
6.902309769023097230e-01,3.469915390014648438e-01
6.904309569043095562e-01,1.250028610229492188e-02
6.747325267473253119e-01,1.564582610130310059e+01
1.315879821777343750e-01,1.612424850463867188e-03
6.336858006264650678e-01,4.036188125610351562e-03
7.051057317753389730e-01,3.999233245849609375e-03
9.269073092690730542e-01,3.463740348815917969e-01
9.365063493650634951e-01,1.209926605224609375e-02
9.600039996000400144e-01,1.510878205299377441e+01
7.482776641845703125e-01,2.558469772338867188e-03
8.536606570000638827e-01,4.234313964843750000e-03
9.566479408996928502e-01,4.017829895019531250e-03
7.554244575542445883e-01,3.509442806243896484e-01
7.394260573942605941e-01,1.256227493286132812e-02
6.109389061093890572e-01,1.568637514114379883e+01
9.423408508300781250e-01,1.613140106201171875e-03
6.466406241431916779e-01,4.024028778076171875e-03
7.860193154342197674e-01,3.976345062255859375e-03
2.755724427557244005e-01,3.480074405670166016e-01
2.896710328967103121e-01,1.205873489379882812e-02
3.495650434956504293e-01,1.614332818984985352e+01
1.315879821777343750e-01,1.618862152099609375e-03
2.944949158971888470e-01,1.203322410583496094e-02
2.095924563577604149e-01,3.980875015258789062e-03
6.658334166583341762e-01,4.810225963592529297e-01
6.728327167283271182e-01,1.203083992004394531e-02
6.042395760423957540e-01,1.566468214988708496e+01
1.315879821777343750e-01,1.704216003417968750e-03
6.625519908303836303e-01,4.065036773681640625e-03
7.077915460631218902e-01,4.014015197753906250e-03
1.054894510548945175e-01,3.477234840393066406e-01
1.246875312468753161e-01,1.206827163696289062e-02
3.210678932106789119e-01,1.540697121620178223e+01
2.069473266601562500e-02,2.556562423706054688e-03
1.335213091672702301e-01,4.231214523315429688e-03
1.683916729059151129e-01,4.021644592285156250e-03
7.307269273072692917e-01,3.474302291870117188e-01
7.351264873512648457e-01,1.253914833068847656e-02
5.960403959604039237e-01,1.559745335578918457e+01
7.482776641845703125e-01,1.638650894165039062e-03
7.019336213316900164e-01,4.029273986816406250e-03
7.475383883577979560e-01,3.962993621826171875e-03
3.745625437456254203e-01,3.477702140808105469e-01
3.751624837516248645e-01,1.206183433532714844e-02
5.376462353764623892e-01,1.572678589820861816e+01
5.880985260009765625e-01,1.615524291992187500e-03
4.020489906538585734e-01,1.205706596374511719e-02
3.959583757165142659e-01,3.967523574829101562e-03
8.789121087891210715e-01,4.869079589843750000e-01
8.729127087291270737e-01,2.000880241394042969e-02
9.745025497450254814e-01,1.570400953292846680e+01
5.880985260009765625e-01,1.705884933471679688e-03
8.112148562299408283e-01,1.205968856811523438e-02
9.084608085470285976e-01,4.006624221801757812e-03
7.349265073492651235e-01,6.135773658752441406e-01
7.330266973302669298e-01,1.208448410034179688e-02
7.066293370662933837e-01,1.624184894561767578e+01
9.423408508300781250e-01,2.535820007324218750e-03
5.252349906630852105e-01,4.203557968139648438e-03
7.758409440564435489e-01,4.028081893920898438e-03
2.239776022397760302e-02,3.794727325439453125e-01
2.449755024497550157e-02,1.253890991210937500e-02
3.409659034096590435e-02,1.471024918556213379e+01
5.765914916992187500e-02,1.617431640625000000e-03
4.389080497237752426e-02,4.041671752929687500e-03
3.821905160273961904e-02,4.014968872070312500e-03
5.264473552644735044e-01,3.474371433258056641e-01
5.288471152884711701e-01,1.204800605773925781e-02
5.414458554144585545e-01,1.568021869659423828e+01
8.684120178222656250e-01,1.684904098510742188e-03
5.177359302456948642e-01,4.043817520141601562e-03
5.099995848498966033e-01,3.972291946411132812e-03
1.390860913908609220e-01,3.458385467529296875e-01
1.473852614738526134e-01,1.209783554077148438e-02
2.050794920507949259e-01,1.543220520019531250e+01
5.765914916992187500e-02,1.752614974975585938e-03
2.423318378307208754e-01,4.066467285156250000e-03
1.230812394423789202e-01,3.984689712524414062e-03
9.895010498950105315e-01,3.518941402435302734e-01
9.852014798520147831e-01,1.210999488830566406e-02
9.844015598440155612e-01,1.523694086074829102e+01
5.880985260009765625e-01,2.548217773437500000e-03
9.945981510599902764e-01,4.212379455566406250e-03
9.839365088397511450e-01,4.020452499389648438e-03
6.004399560043995887e-01,3.468854427337646484e-01
6.175382461753824437e-01,1.255178451538085938e-02
6.236376362363763581e-01,1.593334341049194336e+01
1.315879821777343750e-01,1.740932464599609375e-03
6.228664088109704400e-01,4.085540771484375000e-03
6.123244964943457269e-01,3.995895385742187500e-03
1.866813318668133215e-01,3.472099304199218750e-01
2.059794020597940090e-01,1.212382316589355469e-02
4.036596340365963265e-01,1.544193410873413086e+01
4.119014739990234375e-01,1.620769500732421875e-03
1.726582496817775092e-01,4.008054733276367188e-03
1.555000521858195262e-01,4.018306732177734375e-03
3.348665133486651291e-01,3.463759422302246094e-01
3.346665333466653514e-01,1.206278800964355469e-02
2.831716828317168422e-01,1.552796030044555664e+01
2.517223358154296875e-01,1.693010330200195312e-03
3.542637407246461700e-01,4.049062728881835938e-03
2.836555558488403905e-01,4.000186920166015625e-03
3.380661933806619612e-01,3.720486164093017578e-01
3.448655134486551255e-01,1.207065582275390625e-02
4.379562043795620641e-01,1.476765727996826172e+01
5.880985260009765625e-01,2.468347549438476562e-03
3.851160088158703254e-01,4.200220108032226562e-03
3.047369617140992526e-01,4.008054733276367188e-03
9.054094590540946452e-01,3.688812255859375000e-01
9.034096590340965349e-01,1.276111602783203125e-02
9.001099890010998417e-01,1.463410592079162598e+01
4.119014739990234375e-01,1.605749130249023438e-03
8.468849256755478505e-01,4.021406173706054688e-03
9.216582346063519893e-01,3.986120223999023438e-03
8.982101789821017590e-01,3.473739624023437500e-01
8.934106589341065385e-01,1.204466819763183594e-02
8.808119188081191542e-01,1.560070157051086426e+01
9.423408508300781250e-01,1.696109771728515625e-03
8.929822811016983053e-01,4.062175750732421875e-03
8.703300364781556553e-01,4.024505615234375000e-03
9.835016498350165337e-01,3.482391834259033203e-01
9.840015998400160058e-01,1.209521293640136719e-02
9.641035896410359296e-01,1.567831563949584961e+01
8.684120178222656250e-01,1.688003540039062500e-03
7.882104525904409797e-01,4.054546356201171875e-03
9.823446910502662277e-01,3.989458084106445312e-03
9.255074492550744436e-01,3.580162525177001953e-01
9.259074092590741101e-01,1.204371452331542969e-02
9.585041495850414872e-01,1.451652169227600098e+01
5.880985260009765625e-01,2.494096755981445312e-03
8.990081366453741563e-01,4.206895828247070312e-03
9.290676939061387474e-01,4.031419754028320312e-03
8.959104089591041209e-01,3.490102291107177734e-01
8.976102389761023703e-01,1.254677772521972656e-02
9.308069193080692472e-01,1.545565891265869141e+01
9.423408508300781250e-01,1.646518707275390625e-03
8.521671062219322579e-01,4.053831100463867188e-03
8.792992144971129020e-01,4.003286361694335938e-03
3.899610038996100675e-02,3.474223613739013672e-01
3.609639036096390363e-02,1.205611228942871094e-02
5.389461053894610554e-02,1.499005055427551270e+01
1.315879821777343750e-01,1.598358154296875000e-03
8.904139374336067503e-02,4.019021987915039062e-03
3.778849881339105959e-02,3.971576690673828125e-03
9.169083091690830578e-01,3.476934432983398438e-01
9.057094290570942841e-01,1.206064224243164062e-02
8.961103889611038431e-01,1.604762721061706543e+01
5.880985260009765625e-01,1.603603363037109375e-03
9.285820869427007240e-01,4.026174545288085938e-03
8.747197642108852644e-01,3.983259201049804688e-03
9.565043495650434879e-01,3.475408554077148438e-01
9.472052794720527968e-01,1.195144653320312500e-02
9.430056994300569650e-01,1.534684991836547852e+01
9.793052673339843750e-01,2.480030059814453125e-03
6.881450564532520797e-01,4.189014434814453125e-03
9.439024277466455670e-01,4.017829895019531250e-03
9.899010098990100592e-03,3.476147651672363281e-01
1.269873012698730097e-02,1.248216629028320312e-02
7.619238076192380582e-02,1.508624172210693359e+01
1.315879821777343750e-01,1.612901687622070312e-03
1.531409942540393199e-01,4.008293151855468750e-03
9.975352703025835294e-03,3.983974456787109375e-03
6.599340065993400395e-03,3.848407268524169922e-01
6.599340065993400395e-03,1.226162910461425781e-02
3.119688031196880471e-02,1.553683471679687500e+01
1.288414001464843750e-03,1.711606979370117188e-03
2.055020048534444629e-02,4.043102264404296875e-03
5.224895897061351650e-03,3.976583480834960938e-03
1.784821517848215189e-01,4.111249446868896484e-01
1.781821817818218245e-01,1.212835311889648438e-02
2.923707629237076167e-01,1.557485365867614746e+01
5.880985260009765625e-01,1.599550247192382812e-03
2.528528699269688151e-01,4.030704498291015625e-03
1.629312383733071412e-01,4.003286361694335938e-03
3.510648935106489565e-01,3.490931987762451172e-01
3.511648835116488176e-01,1.202297210693359375e-02
4.063593640635936310e-01,1.525154161453247070e+01
2.517223358154296875e-01,2.509355545043945312e-03
3.666156463867507598e-01,4.207134246826171875e-03
3.686002088173457869e-01,4.009962081909179688e-03
4.580541945805419735e-01,3.493638038635253906e-01
4.545545445455454470e-01,1.254248619079589844e-02
4.653534646535346653e-01,1.607607984542846680e+01
7.482776641845703125e-01,1.597166061401367188e-03
4.635235344461271501e-01,4.013061523437500000e-03
4.556393407342260726e-01,3.969430923461914062e-03
6.681331866813318143e-01,3.470704555511474609e-01
6.788321167883211160e-01,1.204013824462890625e-02
7.919208079192080474e-01,1.534185695648193359e+01
4.119014739990234375e-01,1.736402511596679688e-03
6.381590685532391172e-01,4.077911376953125000e-03
6.872977546146217254e-01,4.014968872070312500e-03
8.612138786121388279e-01,3.478000164031982422e-01
8.556144385561443855e-01,1.228332519531250000e-02
8.021197880211978770e-01,1.570323348045349121e+01
1.315879821777343750e-01,1.752853393554687500e-03
8.190452174448437095e-01,4.066467285156250000e-03
9.034372495867146746e-01,4.065990447998046875e-03
7.557244275572442271e-01,3.484413623809814453e-01
7.515248475152485064e-01,1.210570335388183594e-02
7.051294870512948565e-01,1.565370321273803711e+01
8.684120178222656250e-01,2.639532089233398438e-03
6.869669732392230665e-01,4.260540008544921875e-03
7.219210454722337911e-01,4.017114639282226562e-03
9.650034996500349571e-01,3.493981361389160156e-01
9.600039996000400144e-01,1.259636878967285156e-02
9.479052094790521021e-01,1.584398150444030762e+01
5.880985260009765625e-01,1.713991165161132812e-03
8.781136233936841506e-01,4.045724868774414062e-03
9.743441481519118375e-01,4.089355468750000000e-03
1.369863013698630061e-02,3.485167026519775391e-01
1.379862013798620161e-02,1.213026046752929688e-02
1.368863113688631172e-01,1.585472488403320312e+01
2.517223358154296875e-01,1.674413681030273438e-03
1.214932816181709674e-01,4.033088684082031250e-03
4.797640088553933001e-03,3.963470458984375000e-03
3.639636036396360491e-02,3.461265563964843750e-01
4.749525047495250368e-02,1.208209991455078125e-02
3.429657034296570289e-02,1.508264708518981934e+01
1.315879821777343750e-01,1.606941223144531250e-03
9.173107150368703389e-02,4.029035568237304688e-03
4.419666121726494729e-02,3.987789154052734375e-03
5.103489651034897046e-01,3.464276790618896484e-01
5.267473252674732542e-01,1.200652122497558594e-02
7.431256874312568428e-01,1.541894197463989258e+01
4.119014739990234375e-01,2.515077590942382812e-03
4.397248557697036042e-01,4.212379455566406250e-03
4.851552356480194894e-01,4.026651382446289062e-03
8.039196080391960986e-02,3.486843109130859375e-01
9.069093090690931447e-02,1.251173019409179688e-02
2.669733026697330147e-01,1.508350133895874023e+01
1.315879821777343750e-01,1.588582992553710938e-03
8.192472910881204440e-02,4.021644592285156250e-03
5.989644449702746787e-02,3.990888595581054688e-03
5.263473652634736988e-01,3.488347530364990234e-01
5.170482951704828967e-01,1.206588745117187500e-02
6.352364763523647984e-01,1.676701712608337402e+01
8.684120178222656250e-01,1.668691635131835938e-03
5.310168746654976291e-01,4.032850265502929688e-03
5.111363653294274112e-01,3.998517990112304688e-03
4.935506449355064329e-01,4.248237609863281250e-01
4.854514548545145747e-01,1.229047775268554688e-02
4.650534946505349709e-01,1.589579820632934570e+01
4.119014739990234375e-01,1.626491546630859375e-03
4.651266180123052041e-01,4.055500030517578125e-03
5.613966873523447143e-01,3.984212875366210938e-03
3.511648835116488176e-01,3.471512794494628906e-01
3.628637136286371190e-01,1.201796531677246094e-02
5.379462053794620280e-01,1.557674717903137207e+01
7.482776641845703125e-01,2.484321594238281250e-03
3.940010022363030773e-01,4.208564758300781250e-03
4.183468982088487387e-01,4.020929336547851562e-03
6.832316768323167810e-01,3.493010997772216797e-01
6.769323067693230334e-01,1.250267028808593750e-02
7.424257574242575375e-01,1.521201801300048828e+01
5.880985260009765625e-01,1.726388931274414062e-03
6.523613974500769297e-01,4.067420959472656250e-03
6.632479525311337776e-01,4.000186920166015625e-03
3.733626637336266429e-01,3.466355800628662109e-01
3.765623437656234196e-01,1.214265823364257812e-02
3.303669633036696585e-01,1.558295822143554688e+01
4.119014739990234375e-01,1.609086990356445312e-03
3.613151136214503012e-01,4.021644592285156250e-03
3.911373356380395405e-01,3.966569900512695312e-03
3.400659934006599605e-01,3.480901718139648438e-01
3.221677832216778281e-01,1.205515861511230469e-02
3.031696830316968350e-01,1.545680975914001465e+01
7.482776641845703125e-01,1.612663269042968750e-03
3.759102191071300725e-01,4.022359848022460938e-03
2.921675913841296768e-01,3.952741622924804688e-03
2.933706629337066163e-01,3.569877147674560547e-01
3.166683331666833578e-01,2.801775932312011719e-02
3.725627437256274210e-01,1.548686146736145020e+01
4.119014739990234375e-01,2.476692199707031250e-03
4.735612919674809795e-01,4.215478897094726562e-03
2.276201239549683342e-01,3.996849060058593750e-03
5.289471052894710590e-02,3.469462394714355469e-01
5.019498050194980826e-02,1.250338554382324219e-02
7.269273072692730708e-02,1.586349582672119141e+01
1.315879821777343750e-01,1.697063446044921875e-03
1.382139100959445810e-01,4.055023193359375000e-03
6.077797533371169514e-02,4.008054733276367188e-03
8.644135586441356045e-01,3.479368686676025391e-01
8.554144585541445522e-01,1.210284233093261719e-02
8.229177082291770917e-01,1.550858092308044434e+01
7.482776641845703125e-01,1.614332199096679688e-03
8.426452386477994994e-01,4.052400588989257812e-03
8.586524894652586282e-01,3.985881805419921875e-03
4.469553044695530331e-02,3.463649749755859375e-01
4.889511048895110734e-02,1.206636428833007812e-02
8.099190080991901242e-02,1.504974150657653809e+01
1.315879821777343750e-01,1.586914062500000000e-03
1.434617311938624074e-01,4.022598266601562500e-03
3.847043102621960226e-02,3.994226455688476562e-03
4.331566843315668436e-01,3.471350669860839844e-01
4.142585741425857671e-01,1.200270652770996094e-02
2.212778722127787256e-01,1.511010789871215820e+01
5.880985260009765625e-01,2.615451812744140625e-03
4.133885984118698120e-01,4.230260848999023438e-03
4.936838868928988822e-01,4.026651382446289062e-03
5.215478452154784783e-01,3.470745086669921875e-01
5.292470752924707256e-01,1.259708404541015625e-02
6.113388661133886126e-01,1.571593523025512695e+01
8.684120178222656250e-01,1.729011535644531250e-03
5.156776273583515424e-01,4.055738449096679688e-03
5.070472381629937964e-01,4.001617431640625000e-03
5.410458954104589990e-01,3.485653400421142578e-01
5.471452854714528025e-01,1.212859153747558594e-02
5.240475952404759497e-01,1.537968468666076660e+01
7.482776641845703125e-01,1.683712005615234375e-03
5.342726715656015424e-01,4.050970077514648438e-03
5.228140075071693316e-01,3.969669342041015625e-03
4.071592840715928530e-01,3.477787971496582031e-01
3.989601039896010226e-01,1.212358474731445312e-02
3.660633936606339511e-01,1.648667001724243164e+01
4.119014739990234375e-01,1.751184463500976562e-03
4.312203065909321342e-01,4.080057144165039062e-03
3.156845609967655619e-01,4.028320312500000000e-03
5.249475052494750882e-01,3.781111240386962891e-01
5.242475752424757829e-01,2.005648612976074219e-02
6.978302169783021647e-01,1.557533836364746094e+01
4.119014739990234375e-01,2.523183822631835938e-03
5.232896405123582673e-01,4.214525222778320312e-03
5.965103670727586183e-01,4.005670547485351562e-03
4.910508949105089616e-01,5.051853656768798828e-01
4.972502749725027371e-01,2.858567237854003906e-02
5.807419258074192348e-01,1.662561750411987305e+01
4.119014739990234375e-01,1.632452011108398438e-03
5.219885685567433597e-01,4.024267196655273438e-03
5.020667252349158005e-01,3.978729248046875000e-03
7.523247675232477283e-01,3.480083942413330078e-01
7.443255674432556201e-01,1.205301284790039062e-02
6.609339066093390391e-01,1.550913023948669434e+01
9.423408508300781250e-01,1.630306243896484375e-03
6.856168921048797493e-01,4.026889801025390625e-03
7.300794250950869424e-01,3.987312316894531250e-03
9.873012698730126990e-01,3.463976383209228516e-01
9.878012198780121711e-01,1.204180717468261719e-02
9.901009899010099202e-01,1.586824893951416016e+01
7.482776641845703125e-01,1.600980758666992188e-03
9.220993124262375495e-01,4.012107849121093750e-03
9.918115385466517164e-01,3.957748413085937500e-03
4.853514648535146581e-01,3.474597930908203125e-01
4.962503749625037375e-01,1.200199127197265625e-02
5.961403859614038403e-01,1.523766636848449707e+01
4.119014739990234375e-01,2.631425857543945312e-03
5.163384200279242942e-01,4.271745681762695312e-03
5.414050947479523979e-01,4.043579101562500000e-03
9.674032596740326229e-01,3.470485210418701172e-01
9.717028297170282602e-01,1.263260841369628906e-02
9.416058394160583545e-01,1.555777335166931152e+01
8.684120178222656250e-01,1.627206802368164062e-03
9.306784392359302993e-01,1.192474365234375000e-02
9.578084080980732162e-01,3.970623016357421875e-03
9.438056194380561870e-01,3.567738533020019531e-01
9.383061693830616612e-01,1.209568977355957031e-02
9.313068693130687192e-01,1.515811562538146973e+01
9.793052673339843750e-01,1.605987548828125000e-03
9.116518320931749075e-01,4.036664962768554688e-03
9.484318699170918299e-01,3.988027572631835938e-03
7.099290070992900215e-02,3.474843502044677734e-01
7.279272072792720982e-02,1.207232475280761719e-02
8.729127087291270459e-02,1.605479454994201660e+01
2.517223358154296875e-01,1.612424850463867188e-03
1.406498747448134967e-01,3.998041152954101562e-03
6.558723058844005693e-02,3.963232040405273438e-03
3.839616038396160419e-02,3.462643623352050781e-01
3.959604039596040237e-02,1.198601722717285156e-02
6.949305069493050269e-02,1.582839751243591309e+01
5.880985260009765625e-01,2.471923828125000000e-03
1.979882954163069142e-01,4.216909408569335938e-03
2.215816597194772419e-02,3.987550735473632812e-03
9.739026097390260372e-02,3.464176654815673828e-01
1.076892310768923083e-01,1.248931884765625000e-02
9.479052094790521577e-02,1.605713152885437012e+01
5.880985260009765625e-01,1.614332199096679688e-03
1.431832714606712798e-01,3.996849060058593750e-03
7.858954168152186559e-02,3.947734832763671875e-03
3.995600439956004668e-01,3.491439819335937500e-01
4.092590740925907133e-01,1.203942298889160156e-02
3.362663733626637397e-01,1.497872018814086914e+01
4.119014739990234375e-01,1.599550247192382812e-03
4.465622772563192511e-01,4.015922546386718750e-03
4.098329972826619816e-01,3.982782363891601562e-03
5.462453754624537750e-01,3.483078479766845703e-01
5.341465853414658627e-01,1.205706596374511719e-02
6.526347365263474032e-01,1.555563664436340332e+01
5.880985260009765625e-01,1.638412475585937500e-03
5.280117175454582812e-01,4.029989242553710938e-03
5.664845388031584106e-01,3.972530364990234375e-03
6.045395460453955039e-01,3.461806774139404297e-01
6.042395760423957540e-01,1.207327842712402344e-02
6.954304569543046100e-01,1.485445117950439453e+01
4.119014739990234375e-01,2.599239349365234375e-03
5.668863014599142547e-01,4.221439361572265625e-03
5.894363868727739986e-01,3.999471664428710938e-03
4.228577142285771528e-01,3.487269878387451172e-01
4.182581741825817656e-01,1.260924339294433594e-02
5.630436956304369911e-01,1.532823824882507324e+01
5.880985260009765625e-01,1.634359359741210938e-03
4.143693042102055135e-01,4.048824310302734375e-03
4.621605454708165306e-01,3.977298736572265625e-03
4.360563943605639259e-01,3.483638763427734375e-01
4.239576042395760691e-01,1.207613945007324219e-02
2.223777622237776141e-01,1.524097275733947754e+01
5.880985260009765625e-01,1.601457595825195312e-03
4.368046847617647610e-01,4.035949707031250000e-03
4.372419496357382029e-01,3.984212875366210938e-03
1.201879812018798177e-01,4.778828620910644531e-01
1.268873112688731208e-01,1.207756996154785156e-02
8.899110088991100953e-02,1.570988321304321289e+01
1.315879821777343750e-01,1.590967178344726562e-03
1.560278417632084413e-01,4.015922546386718750e-03
1.094442762725688634e-01,3.970861434936523438e-03
5.768423157684231528e-01,3.485803604125976562e-01
5.833416658334166227e-01,1.200652122497558594e-02
4.722527747225277461e-01,1.600263285636901855e+01
8.684120178222656250e-01,2.616405487060546875e-03
5.278359028584527213e-01,4.248619079589843750e-03
5.085071124023224920e-01,4.009723663330078125e-03
4.368563143685631478e-01,3.473627567291259766e-01
4.246575342465753189e-01,1.261091232299804688e-02
2.490750924907509378e-01,1.549277091026306152e+01
5.880985260009765625e-01,1.683235168457031250e-03
4.358361641424887689e-01,4.043579101562500000e-03
3.460803712957333245e-01,3.981113433837890625e-03
1.896810318968103204e-01,3.567876815795898438e-01
2.032796720327967321e-01,1.209688186645507812e-02
2.310768923107689166e-01,1.544818902015686035e+01
5.880985260009765625e-01,1.737833023071289062e-03
1.841529009491008062e-01,4.086971282958984375e-03
1.432055581768401642e-01,3.999471664428710938e-03
7.569243075692431155e-01,3.484930992126464844e-01
7.443255674432556201e-01,1.214981079101562500e-02
7.474252574742525912e-01,1.562412595748901367e+01
7.482776641845703125e-01,1.698255538940429688e-03
7.472912205133885877e-01,4.070520401000976562e-03
7.387755671618277953e-01,3.995418548583984375e-03
1.919808019198080209e-02,3.451499938964843750e-01
2.169783021697830119e-02,1.208686828613281250e-02
1.529847015298470107e-02,1.525226092338562012e+01
2.069473266601562500e-02,2.573251724243164062e-03
2.892341236177782549e-02,4.237651824951171875e-03
1.407261715655840593e-02,4.013061523437500000e-03
9.603039696030396533e-01,3.474378585815429688e-01
9.610038996100389586e-01,1.261448860168457031e-02
9.716028397160283436e-01,1.599578523635864258e+01
7.482776641845703125e-01,1.627206802368164062e-03
8.066388572887852604e-01,4.037380218505859375e-03
9.395759159133552085e-01,3.983736038208007812e-03
7.427257274272572873e-01,3.484358787536621094e-01
7.345265473452654570e-01,1.206803321838378906e-02
6.113388661133886126e-01,1.519946861267089844e+01
7.482776641845703125e-01,1.606464385986328125e-03
7.123020279721596903e-01,4.053592681884765625e-03
8.223784445682517097e-01,3.997564315795898438e-03
6.120387961203879179e-01,3.472859859466552734e-01
6.276372362763723567e-01,1.202201843261718750e-02
7.753224677532246645e-01,1.531039643287658691e+01
8.684120178222656250e-01,1.689434051513671875e-03
5.659431422068894602e-01,4.049539566040039062e-03
5.228736297417722056e-01,3.955841064453125000e-03
6.499350064993500431e-02,3.473465442657470703e-01
7.139286071392861310e-02,1.208353042602539062e-02
1.529847015298470107e-02,1.518768167495727539e+01
4.119014739990234375e-01,2.513170242309570312e-03
1.231983073562679665e-01,4.198312759399414062e-03
5.630103435090050290e-02,4.022836685180664062e-03
6.166383361663834162e-01,3.460168838500976562e-01
6.245375462453754967e-01,1.254248619079589844e-02
5.156484351564843971e-01,1.535668182373046875e+01
8.684120178222656250e-01,1.615285873413085938e-03
5.731364343477413081e-01,4.026174545288085938e-03
5.368061204478158377e-01,4.013776779174804688e-03
1.972802719728027065e-01,3.473911285400390625e-01
2.105789421057894240e-01,1.205205917358398438e-02
3.452654734526547364e-01,1.502017283439636230e+01
5.880985260009765625e-01,1.584291458129882812e-03
1.954247803364556058e-01,4.007339477539062500e-03
1.793321492580159937e-01,3.967285156250000000e-03
9.094090590940906438e-01,3.476793766021728516e-01
9.011098890110988968e-01,1.202058792114257812e-02
9.558044195580441826e-01,1.542410326004028320e+01
9.793052673339843750e-01,1.717090606689453125e-03
8.749518912256531999e-01,4.069328308105468750e-03
9.236277983047942453e-01,4.000425338745117188e-03
5.459454054594540251e-01,3.485364913940429688e-01
5.586441355864413261e-01,1.207065582275390625e-02
4.470552944705529219e-01,1.574919891357421875e+01
7.482776641845703125e-01,2.512693405151367188e-03
5.642915870212634744e-01,4.204034805297851562e-03
6.041920903197152137e-01,3.981590270996093750e-03
2.611738826117388501e-01,3.497757911682128906e-01
2.567743225677432406e-01,1.255941390991210938e-02
2.340765923407659155e-01,1.570902681350708008e+01
5.765914916992187500e-02,1.617431640625000000e-03
2.225269115626927197e-01,4.034519195556640625e-03
2.617055109090611897e-01,4.001617431640625000e-03
9.880011998800120043e-01,3.480656147003173828e-01
9.856014398560144496e-01,1.206588745117187500e-02
9.913008699130086976e-01,1.613505053520202637e+01
9.940910339355468750e-01,1.570940017700195312e-03
9.376152167029568885e-01,4.024028778076171875e-03
9.895309982875709620e-01,3.951311111450195312e-03
3.470652934706529580e-01,3.478288650512695312e-01
3.462653734626537361e-01,1.203775405883789062e-02
2.975702429757024481e-01,1.546701216697692871e+01
2.517223358154296875e-01,1.597166061401367188e-03
4.417492086206959989e-01,4.023551940917968750e-03
3.074389550832853368e-01,3.952264785766601562e-03
2.377762223777622197e-01,3.498194217681884766e-01
2.653734626537346264e-01,1.323676109313964844e-02
4.390560943905609248e-01,1.578793931007385254e+01
1.315879821777343750e-01,1.733303070068359375e-03
4.198086958080408659e-01,4.086256027221679688e-03
2.698887630793331827e-01,3.989696502685546875e-03
7.614238576142385861e-01,3.499484062194824219e-01
7.598240175982401423e-01,1.209759712219238281e-02
7.645235476452354462e-01,1.519316768646240234e+01
9.423408508300781250e-01,1.605987548828125000e-03
6.911719880078084355e-01,4.059314727783203125e-03
7.592674914923402962e-01,4.008769989013671875e-03
8.919108089191081501e-02,3.477990627288818359e-01
9.539046095390460445e-02,1.204347610473632812e-02
7.109289071092890488e-02,1.572966480255126953e+01
5.880985260009765625e-01,1.675844192504882812e-03
2.534045054996058033e-01,4.068613052368164062e-03
7.914659251632655268e-02,3.995418548583984375e-03
6.699330066993300532e-03,3.482499122619628906e-01
5.399460053994600481e-03,1.204872131347656250e-02
6.499350064993500257e-03,1.576581478118896484e+01
2.069473266601562500e-02,2.613544464111328125e-03
9.832715075898624743e-03,4.246473312377929688e-03
3.130955344615073827e-03,4.021167755126953125e-03
7.201279872012799066e-01,3.490850925445556641e-01
6.964303569643035541e-01,1.259183883666992188e-02
7.091290870912908550e-01,1.506997036933898926e+01
7.482776641845703125e-01,1.659870147705078125e-03
6.719096685544263536e-01,4.067182540893554688e-03
7.126989184195005045e-01,3.977298736572265625e-03
2.110788921107889238e-01,3.468322753906250000e-01
2.187781221877812265e-01,1.210761070251464844e-02
2.438756124387561341e-01,1.589723896980285645e+01
4.119014739990234375e-01,1.715898513793945312e-03
3.698367345276165619e-01,4.082202911376953125e-03
2.006991151414080354e-01,3.990888595581054688e-03
3.967603239676032456e-01,3.482260704040527344e-01
4.004599540045995498e-01,1.211047172546386719e-02
4.796520347965203546e-01,1.551916575431823730e+01
9.423408508300781250e-01,1.611709594726562500e-03
4.378187421977280391e-01,4.027605056762695312e-03
3.912541889483044932e-01,3.953933715820312500e-03
8.147185281471852614e-01,3.482460975646972656e-01
7.964203579642036290e-01,1.206564903259277344e-02
6.610338966103389557e-01,1.533532667160034180e+01
9.423408508300781250e-01,2.452611923217773438e-03
8.117555146629764629e-01,4.201650619506835938e-03
8.043867556938470997e-01,4.010200500488281250e-03
2.979702029797020452e-02,3.466773033142089844e-01
3.279672032796720343e-02,1.250314712524414062e-02
9.259074092590741101e-02,1.491878581047058105e+01
1.315879821777343750e-01,1.605033874511718750e-03
3.392326175946935168e-02,4.087686538696289062e-03
2.700739796575136326e-02,3.969430923461914062e-03
9.079092090790920333e-02,3.463070392608642578e-01
9.239076092390760553e-02,1.205968856811523438e-02
1.648835116488351071e-01,1.560703396797180176e+01
1.315879821777343750e-01,1.580715179443359375e-03
9.683856738103729933e-02,4.040241241455078125e-03
1.095611720832727620e-01,3.989934921264648438e-03
2.496750324967503265e-01,3.482398986816406250e-01
2.601739826017398505e-01,1.202750205993652344e-02
9.609039096090390975e-02,1.521434760093688965e+01
5.880985260009765625e-01,1.699447631835937500e-03
2.862488852549249785e-01,4.031658172607421875e-03
2.034179603883262133e-01,3.990411758422851562e-03
5.212478752124787285e-01,3.460400104522705078e-01
5.145485451454854253e-01,1.207995414733886719e-02
4.775522447755224387e-01,1.508500695228576660e+01
5.880985260009765625e-01,2.474546432495117188e-03
5.122507285754149819e-01,4.188060760498046875e-03
4.762595721275161287e-01,3.995418548583984375e-03
1.346865313468653125e-01,3.463208675384521484e-01
1.340865913408659238e-01,1.252079010009765625e-02
1.252874712528747048e-01,1.563559126853942871e+01
4.119014739990234375e-01,1.616477966308593750e-03
2.011368457577275004e-01,4.058361053466796875e-03
1.358945759200074210e-01,3.993988037109375000e-03
6.948305169483052213e-01,3.486821651458740234e-01
6.772322767723227832e-01,1.205992698669433594e-02
6.698330166983301748e-01,1.497066998481750488e+01
4.119014739990234375e-01,1.590490341186523438e-03
6.958791489571977129e-01,4.056930541992187500e-03
7.056567324045239786e-01,3.995180130004882812e-03
3.532646735326467335e-01,3.503935337066650391e-01
3.545645435456454275e-01,1.203703880310058594e-02
1.685831416858314113e-01,1.572271299362182617e+01
7.482776641845703125e-01,1.609802246093750000e-03
4.826546796549054941e-01,4.051923751831054688e-03
3.171670999499902055e-01,4.010677337646484375e-03
6.311368863113688832e-01,3.472666740417480469e-01
6.264373562643735793e-01,1.195979118347167969e-02
4.218578142185781532e-01,1.627626562118530273e+01
4.119014739990234375e-01,2.462863922119140625e-03
5.894391068163696845e-01,4.191160202026367188e-03
6.569826623531397347e-01,4.007339477539062500e-03
6.235376462353764415e-01,4.469127655029296875e-01
6.408359164083591297e-01,1.253628730773925781e-02
5.385461453854614167e-01,1.530083155632019043e+01
2.517223358154296875e-01,1.605510711669921875e-03
5.929025219652998002e-01,1.203465461730957031e-02
6.265927973678606655e-01,3.975629806518554688e-03
2.395760423957604135e-01,4.651679992675781250e-01
2.565743425657434074e-01,2.004241943359375000e-02
2.711728827117288465e-01,1.569259238243103027e+01
1.315879821777343750e-01,1.701831817626953125e-03
2.401432166368306920e-01,4.031658172607421875e-03
2.873293507547570735e-01,3.987550735473632812e-03
4.777522247775222719e-01,3.482427597045898438e-01
4.570542945705429183e-01,1.208233833312988281e-02
7.305269473052694584e-01,1.539231872558593750e+01
5.880985260009765625e-01,1.673698425292968750e-03
4.792842878423386743e-01,4.035234451293945312e-03
5.006101893505411349e-01,3.977537155151367188e-03
2.577742225777422402e-01,3.881413936614990234e-01
2.635736426357364048e-01,1.206874847412109375e-02
2.183781621837816156e-01,1.623756194114685059e+01
4.119014739990234375e-01,2.491950988769531250e-03
2.908464000716980413e-01,4.226207733154296875e-03
2.152963558377469222e-01,1.190948486328125000e-02
9.048095190480951455e-01,5.634384155273437500e-01
8.981101889811018424e-01,2.058529853820800781e-02
9.709029097090291494e-01,1.663654065132141113e+01
9.423408508300781250e-01,1.613855361938476562e-03
8.862052659111511188e-01,4.050016403198242188e-03
9.009831919971991177e-01,3.998756408691406250e-03
1.602839716028397199e-01,3.471539020538330078e-01
1.589841015898410259e-01,1.207423210144042969e-02
1.492850714928507239e-01,1.540114974975585938e+01
5.765914916992187500e-02,1.581668853759765625e-03
1.688489395703409723e-01,4.037618637084960938e-03
1.107340016034484842e-01,3.972291946411132812e-03
8.945105489451055103e-01,3.468403816223144531e-01
8.970102989701029816e-01,1.212263107299804688e-02
8.300169983001699503e-01,1.551955628395080566e+01
7.482776641845703125e-01,1.729726791381835938e-03
8.689656995162943209e-01,4.074811935424804688e-03
8.972257831199317302e-01,3.993511199951171875e-03
9.642035796420358462e-01,3.467621803283691406e-01
9.592040795920407925e-01,1.210165023803710938e-02
9.284071592840715814e-01,1.550026130676269531e+01
9.793052673339843750e-01,2.583980560302734375e-03
7.293356902521772600e-01,4.227638244628906250e-03
9.400760677930724007e-01,4.000902175903320312e-03
1.713828617138286048e-01,3.468599319458007812e-01
1.797820217978202129e-01,1.256966590881347656e-02
6.969303069693030817e-02,1.550984311103820801e+01
7.482776641845703125e-01,1.746416091918945312e-03
3.025035643389172857e-01,4.059791564941406250e-03
1.668273223218189605e-01,3.985643386840820312e-03
6.479352064793520993e-01,3.460915088653564453e-01
6.298370162983701892e-01,1.216459274291992188e-02
6.820317968203180037e-01,1.554267716407775879e+01
8.684120178222656250e-01,1.703023910522460938e-03
6.646941536498883751e-01,4.060029983520507812e-03
5.963911313545493531e-01,3.980636596679687500e-03
1.487851214878512240e-01,3.479552268981933594e-01
1.629837016298370245e-01,1.207447052001953125e-02
1.397860213978602273e-01,1.549560904502868652e+01
2.069473266601562500e-02,1.601457595825195312e-03
1.771148540711560693e-01,4.002809524536132812e-03
1.331971895859813682e-01,3.974676132202148438e-03
8.622137786221377720e-01,3.484404087066650391e-01
8.726127387261274349e-01,1.201534271240234375e-02
8.166183381661833440e-01,1.550839018821716309e+01
4.119014739990234375e-01,2.482891082763671875e-03
8.529970788641380031e-01,4.192113876342773438e-03
8.952458945666396106e-01,3.990650177001953125e-03
3.362663733626637397e-01,3.464999198913574219e-01
3.450654934506549587e-01,1.252508163452148438e-02
4.023597640235976325e-01,1.550993895530700684e+01
7.482776641845703125e-01,1.607656478881835938e-03
3.375718596088135293e-01,4.024028778076171875e-03
3.152432827570758045e-01,3.949165344238281250e-03
2.003799620037996221e-01,3.471229076385498047e-01
2.050794920507949259e-01,1.203823089599609375e-02
2.409759024097590241e-01,1.577969765663146973e+01
4.119014739990234375e-01,1.672744750976562500e-03
2.650349394180443463e-01,4.031658172607421875e-03
1.485181912961201500e-01,3.990888595581054688e-03
6.813318668133186984e-01,3.473322391510009766e-01
6.869313068693130298e-01,1.207876205444335938e-02
7.863213678632137160e-01,1.549298739433288574e+01
5.880985260009765625e-01,1.566410064697265625e-03
5.517219127659594990e-01,3.999233245849609375e-03
6.664168907349905524e-01,3.970861434936523438e-03
7.840215978402159669e-01,3.489248752593994141e-01
7.821217878212178842e-01,1.198577880859375000e-02
6.665333466653334815e-01,1.553853464126586914e+01
9.940910339355468750e-01,2.492427825927734375e-03
7.321620790288576597e-01,4.205226898193359375e-03
8.289659836820053584e-01,4.025936126708984375e-03
2.359764023597640259e-01,3.488156795501708984e-01
2.379762023797620252e-01,1.249408721923828125e-02
3.378662133786621280e-01,1.565053629875183105e+01
2.517223358154296875e-01,1.690626144409179688e-03
3.298017110059511259e-01,4.049539566040039062e-03
2.651500813059197159e-01,4.021406173706054688e-03
4.762523747625237447e-01,3.513782024383544922e-01
5.058494150584941229e-01,1.208448410034179688e-02
5.433456654334566371e-01,1.613490247726440430e+01
5.880985260009765625e-01,1.698493957519531250e-03
4.999626978204151362e-01,4.049062728881835938e-03
4.440335860275479440e-01,3.983259201049804688e-03
9.868013198680132270e-01,3.477127552032470703e-01
9.900009999000100036e-01,1.209282875061035156e-02
8.370162983701630033e-01,1.574688005447387695e+01
8.684120178222656250e-01,1.605510711669921875e-03
8.613044595260183067e-01,4.061937332153320312e-03
9.863313537438814782e-01,3.986120223999023438e-03
7.780221977802219691e-01,3.483984470367431641e-01
7.926207379262073527e-01,1.205635070800781250e-02
7.808219178082191902e-01,1.650022292137145996e+01
8.684120178222656250e-01,2.476692199707031250e-03
6.814220669318853396e-01,4.187345504760742188e-03
8.208913558760182472e-01,4.020929336547851562e-03
9.556044395560443494e-01,3.484642505645751953e-01
9.544045595440455720e-01,1.247930526733398438e-02
9.609039096090390419e-01,1.509276580810546875e+01
9.793052673339843750e-01,1.642465591430664062e-03
8.651072756815620934e-01,4.032611846923828125e-03
9.741794801204385346e-01,3.999471664428710938e-03
7.213278672132786840e-01,3.473424911499023438e-01
7.048295170482952177e-01,1.207566261291503906e-02
7.811218878112188291e-01,1.615595769882202148e+01
4.119014739990234375e-01,1.611232757568359375e-03
6.376084898685701052e-01,4.062414169311523438e-03
7.343579834114470906e-01,3.986358642578125000e-03
1.355864413558644233e-01,5.090234279632568359e-01
1.389861013898610054e-01,1.204490661621093750e-02
1.469853014698530025e-01,1.588815951347351074e+01
2.517223358154296875e-01,1.618385314941406250e-03
2.080721523112764593e-01,4.024505615234375000e-03
1.177997871012183007e-01,3.971338272094726562e-03
6.941305869413059160e-01,3.472697734832763672e-01
7.083291670832916331e-01,1.200985908508300781e-02
7.043295670432956346e-01,1.662654900550842285e+01
8.684120178222656250e-01,2.485752105712890625e-03
5.055570988295975399e-01,4.205703735351562500e-03
7.488728945167462125e-01,4.025936126708984375e-03
8.702129787021297691e-01,3.469605445861816406e-01
8.669133086691330758e-01,1.248192787170410156e-02
8.789121087891210715e-01,1.515708136558532715e+01
9.793052673339843750e-01,1.732110977172851562e-03
7.669073932139044425e-01,4.100561141967773438e-03
9.202179687218485782e-01,3.993511199951171875e-03
7.618238176182381416e-01,3.741700649261474609e-01
7.473252674732526746e-01,1.212668418884277344e-02
7.367263273672632895e-01,1.553146314620971680e+01
7.482776641845703125e-01,1.703739166259765625e-03
6.413332637120051638e-01,4.061698913574218750e-03
7.348032762286929032e-01,3.977537155151367188e-03
8.349165083491651151e-02,3.473041057586669922e-01
8.729127087291270459e-02,1.210165023803710938e-02
5.949405059494050629e-02,1.529012656211853027e+01
5.765914916992187500e-02,2.610921859741210938e-03
1.237563801154695220e-01,4.278421401977539062e-03
8.606506224979343367e-02,4.028797149658203125e-03
2.589741025897410176e-02,3.851513862609863281e-01
3.239676032396760635e-02,1.262545585632324219e-02
5.499450054994500792e-02,1.380880165100097656e+01
1.315879821777343750e-01,1.614093780517578125e-03
9.871896947981106951e-02,4.019975662231445312e-03
4.254264865862486533e-02,3.985404968261718750e-03
9.868013198680132270e-01,3.488731384277343750e-01
9.871012898710128658e-01,1.209926605224609375e-02
9.879012098790120877e-01,1.453424406051635742e+01
7.482776641845703125e-01,1.600265502929687500e-03
9.688809351484192200e-01,4.052877426147460938e-03
9.930731156545453686e-01,3.990888595581054688e-03
7.597240275972402257e-01,3.468525409698486328e-01
7.469253074692531191e-01,1.202344894409179688e-02
7.595240475952405035e-01,1.532249450683593750e+01
8.684120178222656250e-01,1.605987548828125000e-03
7.458275119296836619e-01,4.029512405395507812e-03
7.718917487081426998e-01,3.985404968261718750e-03
2.981701829817018368e-01,3.502793312072753906e-01
3.046695330466953067e-01,1.200962066650390625e-02
5.558444155584441049e-01,1.518431448936462402e+01
2.517223358154296875e-01,2.470016479492187500e-03
3.555342499702165426e-01,4.218816757202148438e-03
2.793033709449720403e-01,4.020452499389648438e-03
3.421657834216578209e-01,3.492748737335205078e-01
3.559644035596440381e-01,1.250100135803222656e-02
3.225677432256774391e-01,1.474970221519470215e+01
5.880985260009765625e-01,1.696348190307617188e-03
4.414722447610004430e-01,4.036426544189453125e-03
3.825106859570014950e-01,3.977537155151367188e-03
4.056594340565943257e-01,3.463356494903564453e-01
4.140585941405859338e-01,1.208758354187011719e-02
4.589541045895410565e-01,1.534219121932983398e+01
1.315879821777343750e-01,1.607894897460937500e-03
4.970765175090912091e-01,4.045963287353515625e-03
4.520014818407248058e-01,4.004001617431640625e-03
1.043895610438956151e-01,3.468577861785888672e-01
1.069893010698930169e-01,1.206564903259277344e-02
9.939006099390060300e-02,1.523864603042602539e+01
4.119014739990234375e-01,1.593589782714843750e-03
4.179039872847225556e-01,4.007339477539062500e-03
6.116760033102143501e-02,4.014968872070312500e-03
3.220677932206779115e-01,3.480203151702880859e-01
3.286671332866713535e-01,1.205968856811523438e-02
2.166783321667833107e-01,1.507682085037231445e+01
2.517223358154296875e-01,2.463817596435546875e-03
3.055527236398717372e-01,4.225015640258789062e-03
3.116130547997546518e-01,4.164695739746093750e-03
3.095690430956904438e-01,3.493285179138183594e-01
3.338666133386661294e-01,1.250720024108886719e-02
3.797620237976202517e-01,1.558838963508605957e+01
1.315879821777343750e-01,1.608848571777343750e-03
3.346813584404451092e-01,4.036664962768554688e-03
2.868921778553206181e-01,4.024505615234375000e-03
1.109889011098890051e-02,3.470792770385742188e-01
1.109889011098890051e-02,1.202011108398437500e-02
5.519448055194480646e-02,1.578809571266174316e+01
5.908966064453125000e-03,1.633644104003906250e-03
1.107812872281402523e-02,4.045963287353515625e-03
1.689132219778404984e-02,4.001140594482421875e-03
1.148885111488851113e-01,3.475065231323242188e-01
1.178882111788821102e-01,1.205515861511230469e-02
2.467753224677532164e-01,1.544838953018188477e+01
2.069473266601562500e-02,1.618385314941406250e-03
1.112571273030699137e-01,4.036188125610351562e-03
8.564544345811275772e-02,4.289388656616210938e-03
1.029897010298970045e-01,3.528237342834472656e-01
1.022897710228977131e-01,1.209664344787597656e-02
1.412858714128587267e-01,1.725793170928955078e+01
5.880985260009765625e-01,2.479791641235351562e-03
1.187790270343445642e-01,1.221346855163574219e-02
1.159845089677464247e-01,3.997087478637695312e-03
1.026897310268973101e-01,6.537253856658935547e-01
9.999000099990000556e-02,2.054524421691894531e-02
1.879812018798120155e-01,1.564701533317565918e+01
5.880985260009765625e-01,1.738786697387695312e-03
2.821856626154004566e-01,4.073381423950195312e-03
9.017163533805550024e-02,4.011154174804687500e-03
3.838616138386161114e-01,3.484325408935546875e-01
3.904609539046095534e-01,1.210546493530273438e-02
2.514748525147485481e-01,1.593037843704223633e+01
2.517223358154296875e-01,1.619815826416015625e-03
4.292768015802315151e-01,4.021167755126953125e-03
3.610977792700202915e-01,3.979682922363281250e-03
8.205179482051795370e-01,3.467662334442138672e-01
8.290170982901710062e-01,1.206302642822265625e-02
8.502149785021497763e-01,1.418173623085021973e+01
2.517223358154296875e-01,1.590251922607421875e-03
6.830841969813700176e-01,3.993749618530273438e-03
8.455356593770618767e-01,3.983736038208007812e-03
9.889011098890111429e-01,3.481216430664062500e-01
9.880011998800120043e-01,1.201105117797851562e-02
9.818018198180181733e-01,1.453225564956665039e+01
4.119014739990234375e-01,2.472400665283203125e-03
9.736464617631649388e-01,4.201889038085937500e-03
9.957494249591425373e-01,4.034280776977539062e-03
8.638136186381362158e-01,3.475058078765869141e-01
8.596140385961403840e-01,1.248836517333984375e-02
9.809019098090191457e-01,1.502054452896118164e+01
8.684120178222656250e-01,1.678466796875000000e-03
7.635768102585219763e-01,4.094362258911132812e-03
8.993344311303835825e-01,4.002094268798828125e-03
4.266573342665733182e-01,3.479156494140625000e-01
4.124587541245875455e-01,1.220679283142089844e-02
3.634636536346365632e-01,1.564061117172241211e+01
7.482776641845703125e-01,1.725196838378906250e-03
4.235350257044135924e-01,4.073143005371093750e-03
3.993955077721267344e-01,3.966331481933593750e-03
1.429857014298570039e-01,3.483297824859619141e-01
1.399860013998600050e-01,1.210498809814453125e-02
2.476752324767523272e-01,1.542764544486999512e+01
5.880985260009765625e-01,1.661300659179687500e-03
1.902106871509094410e-01,4.037380218505859375e-03
1.535815531044264493e-01,3.988742828369140625e-03
5.408459154084591658e-01,3.511734008789062500e-01
5.426457354264573318e-01,1.208710670471191406e-02
5.932406759324068135e-01,1.501198911666870117e+01
7.482776641845703125e-01,2.595424652099609375e-03
4.614072283576177713e-01,4.225969314575195312e-03
4.777458413977930807e-01,4.012823104858398438e-03
2.966703329667033096e-01,3.478746414184570312e-01
2.858714128587141468e-01,1.255273818969726562e-02
3.542645735426457332e-01,1.552213549613952637e+01
7.482776641845703125e-01,1.723051071166992188e-03
3.639553220236868558e-01,4.081487655639648438e-03
3.101131697867925419e-01,3.989696502685546875e-03
9.337066293370662740e-01,3.460838794708251953e-01
9.304069593040695807e-01,1.211237907409667969e-02
9.446055394460554089e-01,1.508867025375366211e+01
7.482776641845703125e-01,1.606941223144531250e-03
8.944138994288488576e-01,4.068374633789062500e-03
9.288020836104647904e-01,3.979921340942382812e-03
5.979402059794020757e-02,3.477191925048828125e-01
5.489451054894510518e-02,1.205325126647949219e-02
4.299570042995700531e-02,1.592182230949401855e+01
5.765914916992187500e-02,1.613378524780273438e-03
1.061140570719613097e-01,4.036903381347656250e-03
9.887638766366196874e-02,1.198387145996093750e-02
3.242675732426757440e-01,4.937469959259033203e-01
3.167683231676832190e-01,1.202034950256347656e-02
1.469853014698530025e-01,1.639232492446899414e+01
7.482776641845703125e-01,2.497673034667968750e-03
4.445703628908131422e-01,4.207611083984375000e-03
3.022933642150202327e-01,4.011154174804687500e-03
8.877112288771122905e-01,3.493134975433349609e-01
8.854114588541145414e-01,1.251816749572753906e-02
9.712028797120287882e-01,1.622739815711975098e+01
7.482776641845703125e-01,1.684188842773437500e-03
5.803880950867259525e-01,4.061937332153320312e-03
9.068450745279701408e-01,1.200127601623535156e-02
9.485051494850514908e-01,3.633725643157958984e-01
9.419058094190581043e-01,1.209330558776855469e-02
9.456054394560543530e-01,1.554544162750244141e+01
9.940910339355468750e-01,1.594305038452148438e-03
7.523557569002385925e-01,1.203227043151855469e-02
9.402989982002696312e-01,3.979682922363281250e-03
1.467853214678532248e-01,3.576600551605224609e-01
1.468853114688531136e-01,1.202869415283203125e-02
1.838816118388161280e-01,1.545937204360961914e+01
1.315879821777343750e-01,1.618146896362304688e-03
1.718038859801190865e-01,4.042387008666992188e-03
1.402133666794838640e-01,3.974199295043945312e-03
9.659034096590340956e-01,3.483300209045410156e-01
9.658034196580341790e-01,1.203274726867675781e-02
9.144085591440855865e-01,1.576900696754455566e+01
7.482776641845703125e-01,2.574682235717773438e-03
9.735376493443597123e-01,4.238605499267578125e-03
9.751638840089412730e-01,4.024267196655273438e-03
3.309669033096690471e-02,3.477783203125000000e-01
3.769623037696230583e-02,1.259422302246093750e-02
3.069693030696930142e-02,1.518537688255310059e+01
1.288414001464843750e-03,1.686334609985351562e-03
7.051020475194222370e-02,4.077911376953125000e-03
3.853600521252851380e-02,3.999471664428710938e-03
2.515748425157484092e-01,3.488636016845703125e-01
2.638736126387360992e-01,1.206660270690917969e-02
4.170582941705829327e-01,1.585379552841186523e+01
4.119014739990234375e-01,1.604557037353515625e-03
3.427181888412557664e-01,4.001617431640625000e-03
2.364458566028241338e-01,3.972530364990234375e-03
6.085391460853915024e-01,3.481757640838623047e-01
5.958404159584042015e-01,1.201772689819335938e-02
7.090290970902909384e-01,1.598774051666259766e+01
7.482776641845703125e-01,1.604795455932617188e-03
5.754954377411860555e-01,4.017829895019531250e-03
6.086435561095321356e-01,3.979921340942382812e-03
7.006299370062993859e-01,3.481240272521972656e-01
7.018298170182981632e-01,1.202368736267089844e-02
7.734226577342265818e-01,1.564893603324890137e+01
8.684120178222656250e-01,2.597332000732421875e-03
6.624608749026853483e-01,4.247903823852539062e-03
7.195562313068571969e-01,4.035472869873046875e-03
9.523047695230476561e-01,3.505506515502929688e-01
9.552044795520447940e-01,1.256251335144042969e-02
9.691030896910308723e-01,1.527782034873962402e+01
8.684120178222656250e-01,1.618623733520507812e-03
6.531461062666137352e-01,4.021167755126953125e-03
9.742482596017602026e-01,3.989696502685546875e-03
6.237376262373762748e-01,3.494420051574707031e-01
6.310368963103689666e-01,1.205730438232421875e-02
6.949305069493050269e-01,1.522923207283020020e+01
4.119014739990234375e-01,1.599073410034179688e-03
5.691708655448174392e-01,3.993749618530273438e-03
6.213034530392130828e-01,3.999710083007812500e-03
8.722127787221277684e-01,3.466038703918457031e-01
8.677132286771322978e-01,1.205158233642578125e-02
9.662033796620338455e-01,1.572366762161254883e+01
8.684120178222656250e-01,1.575469970703125000e-03
5.638756295660706241e-01,3.982305526733398438e-03
7.727742379701784126e-01,3.968477249145507812e-03
1.367863213678632006e-01,3.491568565368652344e-01
1.394860513948605052e-01,1.200151443481445312e-02
8.749125087491251007e-02,1.568595576286315918e+01
4.119014739990234375e-01,2.663850784301757812e-03
2.128148646749230544e-01,4.271268844604492188e-03
1.177302628713518540e-01,4.002809524536132812e-03
5.689431056894310723e-01,3.504076004028320312e-01
5.557444255574442993e-01,1.264834403991699219e-02
4.569543045695430572e-01,1.478736662864685059e+01
8.684120178222656250e-01,1.710653305053710938e-03
5.304305802365780753e-01,4.061698913574218750e-03
5.067250651898260738e-01,3.969669342041015625e-03
4.345565443455654542e-01,3.470494747161865234e-01
4.449555044495550615e-01,1.211810111999511719e-02
4.769523047695230500e-01,1.548248767852783203e+01
5.880985260009765625e-01,1.747608184814453125e-03
4.613277884434993092e-01,4.060268402099609375e-03
4.925033566130314067e-01,3.982067108154296875e-03
7.234276572342765999e-01,3.489382266998291016e-01
7.185281471852814628e-01,1.211857795715332031e-02
8.139186081391860395e-01,1.593236875534057617e+01
5.880985260009765625e-01,1.619100570678710938e-03
7.044877511367455547e-01,4.024744033813476562e-03
6.915448599605085178e-01,4.003047943115234375e-03
1.868813118688131270e-01,3.493571281433105469e-01
1.965803419658034290e-01,1.206088066101074219e-02
1.831816818318168227e-01,1.733422040939331055e+01
5.765914916992187500e-02,2.517461776733398438e-03
3.514571946611940723e-01,4.234313964843750000e-03
2.303675514907131960e-01,4.024267196655273438e-03
4.774522547745225221e-01,3.637499809265136719e-01
4.717528247175282741e-01,1.256918907165527344e-02
3.392660733926607386e-01,1.566070079803466797e+01
4.119014739990234375e-01,1.628398895263671875e-03
4.091171740602170814e-01,4.054307937622070312e-03
4.939228996357472590e-01,3.976821899414062500e-03
5.832416758324167061e-01,3.478477001190185547e-01
5.891410858914108983e-01,1.203536987304687500e-02
5.952404759524048128e-01,1.536134004592895508e+01
4.119014739990234375e-01,1.601219177246093750e-03
6.044957176109497787e-01,4.028320312500000000e-03
6.009756311119167638e-01,3.983020782470703125e-03
4.836516348365163531e-01,3.481395244598388672e-01
4.785521447855214383e-01,1.201176643371582031e-02
6.544345565443455692e-01,1.622527289390563965e+01
4.119014739990234375e-01,1.664876937866210938e-03
4.950343363790797313e-01,4.029035568237304688e-03
4.694012998431016936e-01,3.978252410888671875e-03
9.927007299270073082e-01,3.470752239227294922e-01
9.900009999000100036e-01,1.206898689270019531e-02
9.853014698530146998e-01,1.647403097152709961e+01
9.997987747192382812e-01,2.502679824829101562e-03
9.727958598110405530e-01,4.218339920043945312e-03
9.968393259336206791e-01,4.018306732177734375e-03
7.905209479052094368e-01,3.477804660797119141e-01
7.786221377862213577e-01,1.249670982360839844e-02
8.217178282171783144e-01,1.557012295722961426e+01
9.793052673339843750e-01,1.619815826416015625e-03
7.081866632302079578e-01,4.054069519042968750e-03
7.875241062429703121e-01,3.995418548583984375e-03
1.518848115188481118e-01,3.466055393218994141e-01
1.564843515648435268e-01,1.206231117248535156e-02
2.133786621337866174e-01,1.637559580802917480e+01
1.315879821777343750e-01,1.593351364135742188e-03
2.215367090353393409e-01,4.030942916870117188e-03
1.231447321355851332e-01,3.981351852416992188e-03
5.186481351864813405e-01,3.463099002838134766e-01
5.199480051994800345e-01,1.204729080200195312e-02
9.095090490950904494e-01,1.548622250556945801e+01
5.880985260009765625e-01,1.705408096313476562e-03
4.646598851705551758e-01,4.061937332153320312e-03
5.313773736810289972e-01,3.985404968261718750e-03
5.627437256274372412e-01,3.596529960632324219e-01
5.710428957104289882e-01,1.206564903259277344e-02
4.526547345265473643e-01,1.561224150657653809e+01
5.880985260009765625e-01,2.502918243408203125e-03
5.447633462321356257e-01,4.209280014038085938e-03
5.772072745015159878e-01,4.002809524536132812e-03
6.541345865413458194e-01,3.874387741088867188e-01
6.523347665233476533e-01,1.255440711975097656e-02
7.506249375062493678e-01,1.643806695938110352e+01
2.517223358154296875e-01,1.631736755371093750e-03
5.532282839084085024e-01,4.040002822875976562e-03
6.762718955900112183e-01,3.984212875366210938e-03
9.641035896410359296e-01,3.474783897399902344e-01
9.624037596240375692e-01,1.205492019653320312e-02
7.861213878612138828e-01,1.707868480682373047e+01
4.119014739990234375e-01,1.649379730224609375e-03
7.966867792808367543e-01,4.041671752929687500e-03
9.718375865393036328e-01,3.988027572631835938e-03
6.738326167383261733e-01,3.599286079406738281e-01
6.702329767023297302e-01,1.205515861511230469e-02
7.518248175182481452e-01,1.583529615402221680e+01
1.315879821777343750e-01,1.702070236206054688e-03
6.097966920993206363e-01,4.059314727783203125e-03
6.223438723959223706e-01,3.998517990112304688e-03
6.076392360763923639e-01,3.464975357055664062e-01
5.868413158684131492e-01,1.209044456481933594e-02
5.283471652834716981e-01,1.592496180534362793e+01
7.482776641845703125e-01,2.502679824829101562e-03
5.579462134991710620e-01,4.195690155029296875e-03
5.746263106232877282e-01,4.004240036010742188e-03
6.758324167583241726e-01,4.760298728942871094e-01
6.512348765123487926e-01,1.255559921264648438e-02
6.300369963003699114e-01,1.587715911865234375e+01
7.482776641845703125e-01,1.622915267944335938e-03
6.548247039047720985e-01,4.030942916870117188e-03
7.041728241407534394e-01,3.999948501586914062e-03
1.293870612938706199e-01,3.454349040985107422e-01
1.402859714028597271e-01,1.206636428833007812e-02
1.159884011598840137e-01,1.593112659454345703e+01
5.880985260009765625e-01,1.700401306152343750e-03
2.016279598899665126e-01,4.042148590087890625e-03
1.253158512897191157e-01,3.982305526733398438e-03
3.240675932406759108e-01,3.468627929687500000e-01
3.284671532846715203e-01,1.211023330688476562e-02
3.983601639836016339e-01,1.561261653900146484e+01
5.880985260009765625e-01,2.594470977783203125e-03
4.570336194203270530e-01,4.248380661010742188e-03
2.674216052572672142e-01,4.042387008666992188e-03
7.003299670032996360e-01,3.480787277221679688e-01
6.807319268073193097e-01,2.858281135559082031e-02
7.654234576542345847e-01,1.552149558067321777e+01
5.880985260009765625e-01,1.664400100708007812e-03
6.431864003101794847e-01,4.079818725585937500e-03
6.138624259056220112e-01,3.957748413085937500e-03
4.954504549545045711e-01,3.500645160675048828e-01
4.875512448755124351e-01,1.214933395385742188e-02
4.270572942705729291e-01,1.541845798492431641e+01
9.423408508300781250e-01,1.717567443847656250e-03
4.885454829629763962e-01,4.061937332153320312e-03
5.321847537548685114e-01,4.009485244750976562e-03
2.749725027497250396e-02,3.460485935211181641e-01
2.969703029697030178e-02,1.209378242492675781e-02
4.509549045095490732e-02,1.574490213394165039e+01
2.517223358154296875e-01,1.649856567382812500e-03
4.635886229189077612e-02,4.051446914672851562e-03
2.319475531866424176e-02,3.999471664428710938e-03
9.874012598740126156e-01,3.473882675170898438e-01
9.825017498250174786e-01,1.205420494079589844e-02
9.748025197480252313e-01,1.474221944808959961e+01
8.684120178222656250e-01,2.487182617187500000e-03
9.726021756350899938e-01,4.204273223876953125e-03
9.843320255125579399e-01,4.038810729980468750e-03
1.299870012998700051e-02,3.487429618835449219e-01
1.579842015798420263e-02,1.252245903015136719e-02
4.539546045395460167e-02,1.538780140876770020e+01
5.908966064453125000e-03,1.608848571777343750e-03
2.148214303260817526e-02,4.036426544189453125e-03
2.094197199366664222e-02,3.998517990112304688e-03
8.159184081591841498e-02,3.485350608825683594e-01
7.949205079492051296e-02,1.202511787414550781e-02
1.048895110488951149e-01,1.528402996063232422e+01
4.119014739990234375e-01,1.601219177246093750e-03
1.295187621072393935e-01,4.031181335449218750e-03
1.014314065784665542e-01,4.000902175903320312e-03
4.699530046995300386e-02,3.466620445251464844e-01
5.389461053894610554e-02,1.198983192443847656e-02
6.159384061593840831e-02,1.519264793395996094e+01
1.315879821777343750e-01,1.669645309448242188e-03
6.794254494440232772e-02,4.076957702636718750e-03
5.893643349481059862e-02,4.011154174804687500e-03
1.772822717728227138e-01,3.474149703979492188e-01
1.880811918808119321e-01,1.208972930908203125e-02
6.809319068093190597e-02,1.512331581115722656e+01
4.119014739990234375e-01,2.472639083862304688e-03
1.850833398473828995e-01,4.175424575805664062e-03
2.009252449572854204e-01,4.018068313598632812e-03
8.659134086591341317e-01,3.886833190917968750e-01
8.532146785321468307e-01,1.251339912414550781e-02
7.611238876112388363e-01,1.515654659271240234e+01
4.119014739990234375e-01,1.597404479980468750e-03
7.847334967166168518e-01,4.004478454589843750e-03
8.581171694084446244e-01,3.962278366088867188e-03
1.929807019298070137e-01,3.482544422149658203e-01
1.903809619038096257e-01,1.203274726867675781e-02
6.520347965203480145e-01,1.531462883949279785e+01
5.880985260009765625e-01,1.564979553222656250e-03
2.713171024776812601e-01,3.983020782470703125e-03
2.570610414575544289e-01,3.998279571533203125e-03
3.318668133186681302e-01,3.921315670013427734e-01
3.451654834516548198e-01,1.223731040954589844e-02
4.291570842915708450e-01,1.542283844947814941e+01
7.482776641845703125e-01,1.705408096313476562e-03
3.350540052758722576e-01,4.057645797729492188e-03
2.612863306596830970e-01,4.014015197753906250e-03
9.554044595540446272e-01,3.508577346801757812e-01
9.573042695730427099e-01,1.207399368286132812e-02
9.065093490650935060e-01,1.549589085578918457e+01
8.684120178222656250e-01,2.482891082763671875e-03
9.219857848878784123e-01,4.189968109130859375e-03
9.494739540690982915e-01,4.024505615234375000e-03
8.048195180481951816e-01,3.495764732360839844e-01
7.965203479652034346e-01,1.251029968261718750e-02
8.468153184681531664e-01,1.542508196830749512e+01
2.517223358154296875e-01,1.588344573974609375e-03
6.661671883702613428e-01,4.015445709228515625e-03
7.968092390780021628e-01,3.973484039306640625e-03
2.765723427657234001e-01,3.454854488372802734e-01
2.730726927307269292e-01,1.204085350036621094e-02
3.581641835816418151e-01,1.505478453636169434e+01
7.482776641845703125e-01,1.580238342285156250e-03
2.924116940961604127e-01,4.033803939819335938e-03
3.308573067251332489e-01,3.960132598876953125e-03
3.062693730626937505e-01,3.659393787384033203e-01
3.155684431556844416e-01,1.217842102050781250e-02
3.560643935606439547e-01,1.550427913665771484e+01
2.517223358154296875e-01,1.662254333496093750e-03
4.333048035320143376e-01,4.060506820678710938e-03
3.069534174012500394e-01,3.983974456787109375e-03
9.174082591740826409e-01,3.486981391906738281e-01
9.030096990300969795e-01,1.206064224243164062e-02
9.763023697630236475e-01,1.546797084808349609e+01
8.684120178222656250e-01,2.457380294799804688e-03
7.780348710144735502e-01,4.227161407470703125e-03
9.348470912426484203e-01,4.018306732177734375e-03
6.717328267173282574e-01,3.548774719238281250e-01
6.731326867313268680e-01,1.249504089355468750e-02
4.539546045395460583e-01,1.539977741241455078e+01
7.482776641845703125e-01,1.597166061401367188e-03
5.900844593754502876e-01,4.014015197753906250e-03
6.557155534476877268e-01,3.990650177001953125e-03
8.894110588941105400e-01,3.480644226074218750e-01
8.859114088591141245e-01,1.203489303588867188e-02
9.484051594840515742e-01,1.552042889595031738e+01
9.423408508300781250e-01,1.712799072265625000e-03
6.894450623865561179e-01,4.071474075317382812e-03
8.313618359408705416e-01,1.577115058898925781e-02
6.787321267873213104e-01,4.595048427581787109e-01
6.884311568843115570e-01,1.212525367736816406e-02
5.695430456954304610e-01,1.548995566368103027e+01
5.880985260009765625e-01,1.708030700683593750e-03
6.641442894160172195e-01,4.064798355102539062e-03
6.604441178697881831e-01,4.017591476440429688e-03
6.682331766823317309e-01,3.473417758941650391e-01
6.685331466853314808e-01,1.207828521728515625e-02
7.940205979402059633e-01,1.471992635726928711e+01
2.517223358154296875e-01,2.592325210571289062e-03
5.531537075342423115e-01,4.236936569213867188e-03
5.905964566035891705e-01,4.033327102661132812e-03
7.499250074992500625e-01,3.508486747741699219e-01
7.764223577642235252e-01,1.254606246948242188e-02
3.828617138286171118e-01,1.575874996185302734e+01
4.119014739990234375e-01,1.734256744384765625e-03
6.812858870622442442e-01,4.084587097167968750e-03
7.276481093740273520e-01,3.986835479736328125e-03
5.742425757424257649e-01,3.465106487274169922e-01
5.936406359364063690e-01,1.211190223693847656e-02
6.420357964203580181e-01,1.478596472740173340e+01
5.765914916992187500e-02,1.582384109497070312e-03
5.729482612175628153e-01,4.014015197753906250e-03
5.211226539592855866e-01,3.968000411987304688e-03
5.574442555744425487e-01,3.485152721405029297e-01
5.740425957404259316e-01,1.205515861511230469e-02
5.865413458654135104e-01,1.530097961425781250e+01
4.119014739990234375e-01,1.594066619873046875e-03
5.511650585897802657e-01,4.039049148559570312e-03
6.003049937016098347e-01,3.986358642578125000e-03
1.520847915208479173e-01,3.473153114318847656e-01
1.614838516148385250e-01,1.200318336486816406e-02
2.699730026997300136e-01,1.530746245384216309e+01
2.517223358154296875e-01,2.467155456542968750e-03
1.745275872684406981e-01,4.204988479614257812e-03
1.445035518488709814e-01,4.015684127807617188e-03
2.006799320067993164e-01,3.510575294494628906e-01
1.985801419858014283e-01,1.251673698425292969e-02
1.511848815118488065e-01,1.539821696281433105e+01
1.315879821777343750e-01,1.600027084350585938e-03
2.628006012952140424e-01,4.013538360595703125e-03
1.988590636581559767e-01,3.973960876464843750e-03
5.596440355964403812e-01,3.485028743743896484e-01
5.652434756524347126e-01,1.203393936157226562e-02
3.823617638236176397e-01,1.555688190460205078e+01
4.119014739990234375e-01,1.721382141113281250e-03
6.014800376866299425e-01,4.047632217407226562e-03
4.775340236927924642e-01,3.987312316894531250e-03
2.167783221677832273e-01,3.609998226165771484e-01
2.348765123487651096e-01,1.233553886413574219e-02
3.136686331366863589e-01,1.583649373054504395e+01
5.765914916992187500e-02,1.616239547729492188e-03
2.393301441792271556e-01,4.030466079711914062e-03
2.611280888674710754e-01,3.992319107055664062e-03
4.194580541945805430e-01,3.470788002014160156e-01
4.191580841915808486e-01,1.203274726867675781e-02
5.680431956804319338e-01,1.565278244018554688e+01
2.517223358154296875e-01,2.478599548339843750e-03
4.265265040322038237e-01,4.205942153930664062e-03
4.121585832610433764e-01,4.042625427246093750e-03
5.889411058894110651e-01,3.478865623474121094e-01
5.760423957604239309e-01,1.253652572631835938e-02
5.052494750524947342e-01,1.558618116378784180e+01
7.482776641845703125e-01,1.612901687622070312e-03
5.378312504317309672e-01,4.043579101562500000e-03
6.140730555216471487e-01,3.981590270996093750e-03
4.581541845815418346e-01,3.464744091033935547e-01
4.646535346465353600e-01,1.203799247741699219e-02
3.827617238276172507e-01,1.644426488876342773e+01
7.482776641845703125e-01,1.708030700683593750e-03
5.058412884204541715e-01,4.057407379150390625e-03
5.009033750868452373e-01,3.982543945312500000e-03
1.383861613838616167e-01,3.487966060638427734e-01
1.521847815218478062e-01,1.210999488830566406e-02
4.049595040495950621e-02,1.599733233451843262e+01
2.069473266601562500e-02,1.627922058105468750e-03
1.856387335446375020e-01,4.035949707031250000e-03
9.200683202496356961e-02,4.012346267700195312e-03
5.613438656134386306e-01,3.479776382446289062e-01
5.620437956204379359e-01,1.201581954956054688e-02
5.379462053794620280e-01,1.548607707023620605e+01
4.119014739990234375e-01,2.481222152709960938e-03
5.318398519917281186e-01,4.179239273071289062e-03
5.605271788496225538e-01,4.034757614135742188e-03
1.055894410558944063e-01,3.489074707031250000e-01
1.097890210978902104e-01,1.250505447387695312e-02
1.637836216378362186e-01,1.593362259864807129e+01
5.765914916992187500e-02,1.704454421997070312e-03
3.011980692164505369e-01,4.067659378051757812e-03
1.014091677837544170e-01,4.008293151855468750e-03
8.153184681531846500e-01,3.947920799255371094e-01
8.319168083191680330e-01,1.210355758666992188e-02
7.177282271772822408e-01,1.525378537178039551e+01
5.765914916992187500e-02,1.689910888671875000e-03
8.359122456369112442e-01,4.081726074218750000e-03
7.695074978381559738e-01,4.005193710327148438e-03
3.524647535246475116e-01,3.506383895874023438e-01
3.434656534346565149e-01,1.207733154296875000e-02
1.081891810818918082e-01,1.560077357292175293e+01
5.880985260009765625e-01,1.587390899658203125e-03
3.889725559987464720e-01,4.031896591186523438e-03
3.979190693692889469e-01,3.986597061157226562e-03
7.380261973802619835e-01,3.482208251953125000e-01
7.416258374162584266e-01,1.200294494628906250e-02
6.133386661333866119e-01,1.531027245521545410e+01
1.315879821777343750e-01,2.404689788818359375e-03
7.101479576778315650e-01,4.195451736450195312e-03
7.380508353447478020e-01,3.976583480834960938e-03
9.091090890910908939e-01,4.291629791259765625e-01
8.964103589641035930e-01,1.250767707824707031e-02
8.968103189681031484e-01,1.545224499702453613e+01
9.793052673339843750e-01,1.742601394653320312e-03
7.516265927121782431e-01,4.110336303710937500e-03
9.066044982443730582e-01,4.001617431640625000e-03
8.380161983801619474e-01,3.479752540588378906e-01
8.338166183381662266e-01,1.215791702270507812e-02
7.910208979102090199e-01,1.535834455490112305e+01
5.880985260009765625e-01,1.724243164062500000e-03
8.100681332974990490e-01,4.065036773681640625e-03
8.189206483148716575e-01,3.998994827270507812e-03
3.042695730426957512e-01,3.479962348937988281e-01
2.953704629537046156e-01,1.211476325988769531e-02
4.745525447455254398e-01,1.519672369956970215e+01
2.517223358154296875e-01,1.713037490844726562e-03
3.364650263082831216e-01,1.206779479980468750e-02
2.760641243891978069e-01,3.994226455688476562e-03
2.002799720027997332e-01,3.969192504882812500e-01
2.229777022297770306e-01,1.208543777465820312e-02
5.639436056394360464e-02,1.498998546600341797e+01
1.315879821777343750e-01,2.638339996337890625e-03
2.518791477916884625e-01,1.219844818115234375e-02
2.167875196955203476e-01,4.055738449096679688e-03
7.559244075592440604e-01,4.321503639221191406e-01
7.586241375862413650e-01,1.290321350097656250e-02
7.240275972402759885e-01,1.463824629783630371e+01
5.880985260009765625e-01,1.734733581542968750e-03
6.906993625317870977e-01,4.061698913574218750e-03
6.737328359499559216e-01,3.975868225097656250e-03
4.426557344265573679e-01,3.480491638183593750e-01
4.276572342765723178e-01,1.211476325988769531e-02
3.065693430656934448e-01,1.525975418090820312e+01
7.482776641845703125e-01,1.622438430786132812e-03
4.921675898265934213e-01,4.034519195556640625e-03
4.157232345140117191e-01,4.002332687377929688e-03
2.222777722227777253e-01,3.481066226959228516e-01
2.267773222677732237e-01,1.206278800964355469e-02
4.546545345465453636e-01,1.494820833206176758e+01
5.765914916992187500e-02,1.610517501831054688e-03
2.824603050076242017e-01,4.047870635986328125e-03
2.300525905104163216e-01,3.969192504882812500e-03
4.069593040695930197e-01,3.473713397979736328e-01
4.133586641335866285e-01,1.201939582824707031e-02
2.337766223377662211e-01,1.530705976486206055e+01
2.517223358154296875e-01,2.478837966918945312e-03
4.281650445163274754e-01,4.231929779052734375e-03
3.795876528967163654e-01,4.007339477539062500e-03
8.429157084291570845e-01,3.469800949096679688e-01
8.301169883011698669e-01,1.247763633728027344e-02
6.104389561043895851e-01,1.533957433700561523e+01
7.482776641845703125e-01,1.614332199096679688e-03
6.046650060939123827e-01,4.016876220703125000e-03
8.274156122311924211e-01,3.976821899414062500e-03
4.231576842315768472e-01,5.542392730712890625e-01
4.220577942205779309e-01,1.208496093750000000e-02
6.079392060793920721e-02,1.490274715423583984e+01
5.765914916992187500e-02,1.648902893066406250e-03
4.644420701189697076e-01,4.043340682983398438e-03
4.854069966466989516e-01,4.009962081909179688e-03
3.131686831316868314e-01,5.357465744018554688e-01
3.119688031196880540e-01,1.204347610473632812e-02
1.260873912608738989e-01,1.517169880867004395e+01
4.119014739990234375e-01,2.454042434692382812e-03
3.294994335274723518e-01,4.198074340820312500e-03
2.784544620192110909e-01,4.010915756225585938e-03
2.731726827317268458e-01,3.467643260955810547e-01
2.683731626837316253e-01,1.251864433288574219e-02
3.428657134286571262e-01,1.567466878890991211e+01
2.517223358154296875e-01,1.615047454833984375e-03
2.907372660761502470e-01,4.034042358398437500e-03
3.032469029478176425e-01,3.974914550781250000e-03
2.373762623737626365e-01,3.470344543457031250e-01
2.482751724827517159e-01,1.203465461730957031e-02
5.328467153284671687e-01,1.513648629188537598e+01
5.765914916992187500e-02,1.713752746582031250e-03
2.830339290860480750e-01,4.097700119018554688e-03
2.428961323669971972e-01,3.997564315795898438e-03
5.862413758624137605e-01,3.471221923828125000e-01
5.839416058394160114e-01,1.208162307739257812e-02
4.460553944605539223e-01,1.545595479011535645e+01
4.119014739990234375e-01,1.603126525878906250e-03
5.376319543546581592e-01,4.029273986816406250e-03
6.520308157621272915e-01,4.010438919067382812e-03
3.576642335766423431e-01,3.618366718292236328e-01
3.595640435956404257e-01,1.201629638671875000e-02
7.161283871612839080e-01,1.634789395332336426e+01
5.765914916992187500e-02,1.620292663574218750e-03
3.897481582333205408e-01,4.052400588989257812e-03
3.296980751539045906e-01,4.012584686279296875e-03
5.553444655534446328e-01,4.159557819366455078e-01
5.450454954504549976e-01,1.323485374450683594e-02
9.097090290970902826e-01,1.519217586517333984e+01
4.119014739990234375e-01,1.761436462402343750e-03
5.376088031036982962e-01,4.074096679687500000e-03
5.252659287755847561e-01,4.006862640380859375e-03
2.056794320567943146e-01,3.466069698333740234e-01
2.067793220677932309e-01,1.203870773315429688e-02
3.757624237576242532e-01,1.612051677703857422e+01
4.119014739990234375e-01,1.664638519287109375e-03
2.895643348409134843e-01,4.056692123413085938e-03
2.043076637749533520e-01,3.979921340942382812e-03
1.039896010398960041e-01,3.472595214843750000e-01
1.050894910508949065e-01,1.204872131347656250e-02
9.829017098290171450e-02,1.661736726760864258e+01
1.288414001464843750e-03,1.619100570678710938e-03
1.041577396641248376e-01,4.065752029418945312e-03
9.570471241388223138e-02,3.982067108154296875e-03
7.009299070092990525e-02,3.481280803680419922e-01
7.659234076592340290e-02,1.204586029052734375e-02
9.029097090290970351e-02,1.512386775016784668e+01
2.069473266601562500e-02,1.596927642822265625e-03
1.100523152286982387e-01,4.022121429443359375e-03
9.174578652992126937e-02,3.984928131103515625e-03
3.009699030096990233e-02,3.957369327545166016e-01
3.279672032796720343e-02,1.200580596923828125e-02
3.299670032996700197e-03,1.476582860946655273e+01
1.288414001464843750e-03,2.637624740600585938e-03
4.599796643678862734e-02,4.241943359375000000e-03
2.731645080356533486e-02,4.045248031616210938e-03
6.098390160983901964e-01,4.662489891052246094e-01
6.201379862013798316e-01,2.061462402343750000e-02
6.950304969503049435e-01,1.634469151496887207e+01
4.119014739990234375e-01,1.731872558593750000e-03
5.506485577705612089e-01,4.083633422851562500e-03
5.597086106310876774e-01,4.010200500488281250e-03
6.561343865613438187e-01,3.622412681579589844e-01
6.787321267873213104e-01,1.233172416687011719e-02
6.427357264273572124e-01,1.553916096687316895e+01
2.517223358154296875e-01,1.686334609985351562e-03
6.555718658304682256e-01,4.197835922241210938e-03
5.811644307019963041e-01,4.009008407592773438e-03
7.841215878412158835e-01,3.472988605499267578e-01
7.879212078792120488e-01,1.209235191345214844e-02
8.343165683431656987e-01,1.509074211120605469e+01
2.517223358154296875e-01,1.713275909423828125e-03
6.742863381901469388e-01,4.103183746337890625e-03
7.523784572536973414e-01,3.981113433837890625e-03
2.552744725527447134e-01,3.497533798217773438e-01
2.590740925907409342e-01,1.207470893859863281e-02
3.662633736626337289e-01,1.512432146072387695e+01
1.315879821777343750e-01,2.590417861938476562e-03
3.848370848505581199e-01,4.245519638061523438e-03
2.550574089074082451e-01,4.020690917968750000e-03
9.360063993600640231e-01,3.488481044769287109e-01
9.391060893910608831e-01,1.257801055908203125e-02
8.724127587241276016e-01,1.602917170524597168e+01
2.517223358154296875e-01,1.651287078857421875e-03
9.387695116769758652e-01,4.065752029418945312e-03
9.490904344812479687e-01,3.998041152954101562e-03
3.165683431656834412e-01,3.497164249420166016e-01
3.088691130886911385e-01,1.206874847412109375e-02
3.726627337266273376e-01,1.517519378662109375e+01
4.119014739990234375e-01,1.607656478881835938e-03
3.994564975296626130e-01,4.018306732177734375e-03
3.070078548607697577e-01,3.990650177001953125e-03
3.637636236376362575e-01,5.244104862213134766e-01
3.640635936406359519e-01,2.800035476684570312e-02
3.372662733726627393e-01,1.594647836685180664e+01
2.069473266601562500e-02,1.605510711669921875e-03
3.416756500464858126e-01,4.040241241455078125e-03
4.328527964086391622e-01,3.989458084106445312e-03
6.335366463353664379e-01,3.483471870422363281e-01
6.238376162383761914e-01,1.203751564025878906e-02
5.354464553544645566e-01,1.507938766479492188e+01
9.423408508300781250e-01,2.605915069580078125e-03
6.086309325295218287e-01,4.245042800903320312e-03
6.244428194621072237e-01,4.024505615234375000e-03
9.421057894210579375e-01,3.487648963928222656e-01
9.442055794420557424e-01,1.255011558532714844e-02
8.501149885011498597e-01,1.596737718582153320e+01
5.880985260009765625e-01,1.618146896362304688e-03
9.182711441737739788e-01,4.056692123413085938e-03
9.465158133645635852e-01,3.988981246948242188e-03
6.009399060093990608e-01,4.432878494262695312e-01
6.128387161283871398e-01,1.206874847412109375e-02
4.974502549745025703e-01,1.526862430572509766e+01
4.119014739990234375e-01,1.584291458129882812e-03
5.624783363901356692e-01,4.035234451293945312e-03
6.222319642534759332e-01,3.983497619628906250e-03
6.421357864213578237e-01,3.486235141754150391e-01
6.463353664633536555e-01,1.201891899108886719e-02
8.479152084791521382e-01,1.466722679138183594e+01
5.880985260009765625e-01,1.573801040649414062e-03
6.101966467238114644e-01,4.024267196655273438e-03
5.602150032252652956e-01,3.999948501586914062e-03
7.275272472752725150e-01,3.505494594573974609e-01
7.229277072292771278e-01,1.321005821228027344e-02
8.091190880911909300e-01,1.594162678718566895e+01
4.119014739990234375e-01,1.877784729003906250e-03
6.874120236271765716e-01,4.147052764892578125e-03
7.118517777865229768e-01,3.997087478637695312e-03
9.932006799320067802e-01,3.480257987976074219e-01
9.930006999300069470e-01,1.211953163146972656e-02
9.788021197880212299e-01,1.512661623954772949e+01
5.880985260009765625e-01,1.608610153198242188e-03
9.873674904097288207e-01,4.030942916870117188e-03
9.938242125381361314e-01,3.986120223999023438e-03
9.715028497150285380e-01,6.835501194000244141e-01
9.695030496950305388e-01,1.207876205444335938e-02
9.782021797820218412e-01,1.527747964859008789e+01
9.793052673339843750e-01,1.605033874511718750e-03
8.990061476048656353e-01,4.024505615234375000e-03
9.732525544980918930e-01,4.016160964965820312e-03
6.778322167783221719e-01,3.477985858917236328e-01
6.860313968603140022e-01,1.201438903808593750e-02
7.086291370862913830e-01,1.600113391876220703e+01
5.880985260009765625e-01,1.692533493041992188e-03
6.081834506574415045e-01,4.064798355102539062e-03
6.348228644455563563e-01,3.989219665527343750e-03
2.740725927407259288e-01,3.501965999603271484e-01
2.873712628737126185e-01,1.337361335754394531e-02
3.233676632336766055e-01,1.640280294418334961e+01
1.288414001464843750e-03,1.790046691894531250e-03
2.920483866879683976e-01,4.097938537597656250e-03
2.337630597858316173e-01,4.011869430541992188e-03
9.373062693730627171e-01,3.474342823028564453e-01
9.360063993600640231e-01,1.210570335388183594e-02
9.361063893610639397e-01,1.559864974021911621e+01
2.517223358154296875e-01,1.600742340087890625e-03
8.038046575786950143e-01,4.045009613037109375e-03
9.125275006150141976e-01,4.003047943115234375e-03
1.060893910608939061e-01,4.644763469696044922e-01
9.489051094890510463e-02,1.209568977355957031e-02
6.149385061493850557e-02,1.633585739135742188e+01
2.517223358154296875e-01,1.582860946655273438e-03
2.124978267156694134e-01,4.031658172607421875e-03
1.200186797989714060e-01,1.199054718017578125e-02
8.422157784221577792e-01,4.850142002105712891e-01
8.396160383961603912e-01,1.200246810913085938e-02
8.667133286671332426e-01,1.556588983535766602e+01
8.684120178222656250e-01,2.679586410522460938e-03
7.606859081020267421e-01,4.281282424926757812e-03
8.771066239429591294e-01,4.050493240356445312e-03
2.450754924507549115e-01,3.513820171356201172e-01
2.683731626837316253e-01,1.269102096557617188e-02
2.443755624437556340e-01,1.527729058265686035e+01
5.880985260009765625e-01,1.722335815429687500e-03
3.408810837758191048e-01,4.071950912475585938e-03
2.136411321547598829e-01,3.992319107055664062e-03
2.730726927307269292e-01,3.482434749603271484e-01
2.816718328167183150e-01,1.213073730468750000e-02
2.763723627637236224e-01,1.585774660110473633e+01
4.119014739990234375e-01,1.744747161865234375e-03
3.843753017505657787e-01,4.093408584594726562e-03
2.115093886556959069e-01,4.004240036010742188e-03
6.548345165483451247e-01,3.484039306640625000e-01
6.426357364263574068e-01,1.210570335388183594e-02
6.842315768423157252e-01,1.507084703445434570e+01
5.880985260009765625e-01,1.641511917114257812e-03
5.699347491240170926e-01,1.204538345336914062e-02
6.280846737211523978e-01,3.983497619628906250e-03
3.913608639136086365e-01,3.552274703979492188e-01
3.965603439656034124e-01,1.201987266540527344e-02
2.621737826217378498e-01,1.471472048759460449e+01
7.482776641845703125e-01,2.526044845581054688e-03
4.512117212387524168e-01,4.217386245727539062e-03
4.294365457970598099e-01,3.995180130004882812e-03
4.775522447755224387e-01,3.498814105987548828e-01
4.545545445455454470e-01,1.254487037658691406e-02
6.030396960303969767e-01,1.561146402359008789e+01
4.119014739990234375e-01,1.623153686523437500e-03
5.095293296996247223e-01,4.026651382446289062e-03
4.096080319481722465e-01,4.024028778076171875e-03
1.689831016898310154e-02,3.478085994720458984e-01
1.479852014798520125e-02,1.205372810363769531e-02
1.269873012698730097e-02,1.544128704071044922e+01
5.908966064453125000e-03,1.615285873413085938e-03
2.856539813780827053e-02,4.053831100463867188e-03
1.477686925230106696e-02,3.968238830566406250e-03
5.539446055394460500e-02,3.459813594818115234e-01
5.769423057694230556e-02,1.201510429382324219e-02
3.409659034096590435e-02,1.538107299804687500e+01
2.517223358154296875e-01,1.598834991455078125e-03
1.740778545200783456e-01,4.025697708129882812e-03
5.325001419629445121e-02,3.992557525634765625e-03
1.403859614038596160e-01,3.466374874114990234e-01
1.414858514148585045e-01,1.198506355285644531e-02
1.984801519848015117e-01,1.508503961563110352e+01
2.517223358154296875e-01,2.499818801879882812e-03
4.397408108258438197e-01,4.224061965942382812e-03
1.868738852639019732e-01,3.992557525634765625e-03
2.054794520547945091e-01,3.461358547210693359e-01
2.039796020397960097e-01,1.248478889465332031e-02
8.949105089491050935e-02,1.521287584304809570e+01
8.684120178222656250e-01,1.597881317138671875e-03
4.224550393112760371e-01,4.044294357299804688e-03
1.998699065716458279e-01,3.974437713623046875e-03
6.297370262973702726e-01,3.485307693481445312e-01
6.320367963203679107e-01,1.201224327087402344e-02
6.712328767123287854e-01,1.402290081977844238e+01
9.423408508300781250e-01,1.591682434082031250e-03
5.332746075367069682e-01,4.045486450195312500e-03
6.457970236053585111e-01,3.970384597778320312e-03
7.119288071192880762e-01,3.467223644256591797e-01
7.039296070392960791e-01,1.201176643371582031e-02
5.928407159284071470e-01,1.557255744934082031e+01
1.315879821777343750e-01,1.588344573974609375e-03
6.092427004141122149e-01,4.032373428344726562e-03
7.086853431985086216e-01,3.994226455688476562e-03
5.571442855714429099e-01,3.472259044647216797e-01
5.510448955104489954e-01,1.199293136596679688e-02
4.828517148285171312e-01,1.553691792488098145e+01
8.684120178222656250e-01,2.568960189819335938e-03
5.012162493960801157e-01,4.238605499267578125e-03
4.880014239365580986e-01,3.987312316894531250e-03
6.714328567143286186e-01,3.466644287109375000e-01
6.533346665333467085e-01,1.255846023559570312e-02
7.006299370062993859e-01,1.550303506851196289e+01
5.880985260009765625e-01,1.629114151000976562e-03
6.188241330464812062e-01,4.036188125610351562e-03
6.552924324382842780e-01,3.966093063354492188e-03
4.064593540645935477e-01,3.480103015899658203e-01
4.016598340165983272e-01,1.202774047851562500e-02
6.651334866513348709e-01,1.551563596725463867e+01
4.119014739990234375e-01,1.577138900756835938e-03
4.847674447756146754e-01,4.018306732177734375e-03
4.282925595123204809e-01,3.968715667724609375e-03
7.947205279472052686e-01,3.478395938873291016e-01
7.716228377162284158e-01,1.201128959655761719e-02
7.711228877112288327e-01,1.557513475418090820e+01
9.423408508300781250e-01,1.654386520385742188e-03
6.784252252109600478e-01,4.044055938720703125e-03
7.639617645580337735e-01,3.998041152954101562e-03
9.211078892110788896e-01,3.480031490325927734e-01
9.142085791420857532e-01,1.205158233642578125e-02
9.526047395260474060e-01,1.524627947807312012e+01
7.482776641845703125e-01,2.492666244506835938e-03
8.919225802545218684e-01,4.219055175781250000e-03
8.859776167739206176e-01,3.987312316894531250e-03
3.704629537046295606e-01,3.486139774322509766e-01
3.677632236776322561e-01,1.252770423889160156e-02
4.327567243275672326e-01,1.558028078079223633e+01
1.315879821777343750e-01,1.622200012207031250e-03
3.937451506614563224e-01,4.026412963867187500e-03
3.228274730547491811e-01,3.986120223999023438e-03
7.879212078792120488e-01,3.463015556335449219e-01
7.948205179482051852e-01,1.206564903259277344e-02
8.430156984301570011e-01,1.508129382133483887e+01
5.880985260009765625e-01,1.602649688720703125e-03
5.925572112544904568e-01,4.055023193359375000e-03
8.225520973521929236e-01,3.973007202148437500e-03
3.120687931206879151e-01,3.466715812683105469e-01
3.157684231576842193e-01,1.202821731567382812e-02
4.005599440055994664e-01,1.462165975570678711e+01
1.315879821777343750e-01,1.714468002319335938e-03
3.725648974636435184e-01,4.050254821777343750e-03
3.626008088818254982e-01,3.982782363891601562e-03
6.880311968803120015e-01,4.042596817016601562e-01
6.902309769023097230e-01,1.210045814514160156e-02
6.792320767923207825e-01,1.526125216484069824e+01
5.880985260009765625e-01,2.623319625854492188e-03
6.570603355713535709e-01,4.246711730957031250e-03
6.200699382949390603e-01,4.033565521240234375e-03
9.073092690730927279e-01,3.506200313568115234e-01
9.003099690030996749e-01,1.260209083557128906e-02
9.176082391760823631e-01,1.560842299461364746e+01
8.684120178222656250e-01,1.716613769531250000e-03
8.362725786750649926e-01,4.046916961669921875e-03
9.121873569002914017e-01,4.019975662231445312e-03
5.419458054194580682e-02,3.464105129241943359e-01
5.559444055594440354e-02,1.211571693420410156e-02
6.189381061893810959e-02,1.590073418617248535e+01
4.119014739990234375e-01,1.737117767333984375e-03
1.239712994611671393e-01,4.050493240356445312e-03
3.266314051124462325e-02,3.985166549682617188e-03
6.820317968203180037e-01,3.475053310394287109e-01
6.767323267673233111e-01,1.211643218994140625e-02
7.950204979502050184e-01,1.526657724380493164e+01
5.880985260009765625e-01,1.697540283203125000e-03
5.677029295882072280e-01,4.043102264404296875e-03
6.953434541461323004e-01,3.968000411987304688e-03
8.703129687031296857e-01,3.485102653503417969e-01
8.698130186981302137e-01,1.204729080200195312e-02
9.254074592540746380e-01,1.474084329605102539e+01
7.482776641845703125e-01,2.491474151611328125e-03
7.808532295957788527e-01,4.196643829345703125e-03
8.456661624241255115e-01,4.012107849121093750e-03
1.279872012798720093e-01,3.468480110168457031e-01
1.414858514148585045e-01,1.253247261047363281e-02
1.516848315168483063e-01,1.583004474639892578e+01
1.315879821777343750e-01,1.618623733520507812e-03
3.435479821171174009e-01,3.995418548583984375e-03
1.302444397055116942e-01,3.964662551879882812e-03
4.761523847615238281e-01,3.621273040771484375e-01
4.595540445955404452e-01,1.208567619323730469e-02
5.415458454154584711e-01,1.582408308982849121e+01
4.119014739990234375e-01,1.696348190307617188e-03
5.224981586285447621e-01,4.079580307006835938e-03
4.142587765840174407e-01,4.008293151855468750e-03
7.356264373562644288e-01,3.470122814178466797e-01
7.428257174282572040e-01,1.204490661621093750e-02
6.594340565943405119e-01,1.566403841972351074e+01
5.765914916992187500e-02,1.711368560791015625e-03
7.287084021661598410e-01,4.066467285156250000e-03
7.782964947860807614e-01,3.990650177001953125e-03
4.721527847215278295e-01,3.494801521301269531e-01
4.840515948405159641e-01,2.811503410339355469e-02
5.672432756724327119e-01,1.511209583282470703e+01
5.765914916992187500e-02,2.501964569091796875e-03
4.716868814021498157e-01,4.234075546264648438e-03
4.056737862228380065e-01,4.014730453491210938e-03
1.179882011798820060e-02,4.032382965087890625e-01
1.329867013298670179e-02,1.250767707824707031e-02
1.969803019698030191e-02,1.546108150482177734e+01
2.517223358154296875e-01,1.636743545532226562e-03
7.622466616163377229e-02,4.020214080810546875e-03
1.301678708405633496e-02,3.984212875366210938e-03
3.059694030596940215e-02,3.594048023223876953e-01
3.539646035396460527e-02,1.206469535827636719e-02
3.209679032096790507e-02,1.514325213432312012e+01
2.012252807617187500e-04,1.599073410034179688e-03
3.539273951139500218e-02,4.049301147460937500e-03
3.300281868750062214e-02,3.977537155151367188e-03
2.776722327767223164e-01,3.463802337646484375e-01
2.819718028197180093e-01,1.203727722167968750e-02
2.759724027597240115e-01,1.555478668212890625e+01
4.119014739990234375e-01,1.615285873413085938e-03
2.590617880676349127e-01,4.050970077514648438e-03
3.183865430279017028e-01,3.971576690673828125e-03
4.219578042195780421e-02,3.455550670623779297e-01
4.369563043695630367e-02,1.195979118347167969e-02
6.899310068993100287e-02,1.577145147323608398e+01
2.012252807617187500e-04,2.472877502441406250e-03
8.484350516111488494e-02,4.211902618408203125e-03
7.873769565139698834e-02,4.034757614135742188e-03
3.223677632236776058e-01,3.491685390472412109e-01
3.194680531946805235e-01,1.250815391540527344e-02
3.297670232976702143e-01,1.522326493263244629e+01
1.315879821777343750e-01,1.601457595825195312e-03
3.716811235655550494e-01,4.009485244750976562e-03
3.241377569079672005e-01,3.966808319091796875e-03
4.608539146085391391e-01,3.467450141906738281e-01
4.492550744925507544e-01,1.203346252441406250e-02
4.606539346065393614e-01,1.547576165199279785e+01
5.880985260009765625e-01,1.715183258056640625e-03
4.374948007080058376e-01,4.091501235961914062e-03
4.660017162687490888e-01,3.981590270996093750e-03
1.439856014398560036e-01,3.693511486053466797e-01
1.530846915308469169e-01,1.210880279541015625e-02
1.659834016598340234e-01,1.512728142738342285e+01
5.765914916992187500e-02,1.641035079956054688e-03
3.205310350604148040e-01,4.030227661132812500e-03
1.323700044994176039e-01,3.971576690673828125e-03
5.133486651334866480e-01,3.475215435028076172e-01
5.149485051494850918e-01,1.203441619873046875e-02
5.074492550744925667e-01,1.543562126159667969e+01
7.482776641845703125e-01,2.474308013916015625e-03
4.997377591187973644e-01,4.223585128784179688e-03
4.499981300128300665e-01,1.195883750915527344e-02
7.883211678832117153e-01,3.976616859436035156e-01
7.910208979102090199e-01,1.250505447387695312e-02
8.521147885211478590e-01,1.602026748657226562e+01
9.423408508300781250e-01,1.598119735717773438e-03
7.880049748169191126e-01,4.017829895019531250e-03
8.251616264231556030e-01,3.970146179199218750e-03
7.909209079092090200e-02,4.300897121429443359e-01
8.769123087691231555e-02,2.005004882812500000e-02
7.359264073592640398e-02,1.556729316711425781e+01
5.765914916992187500e-02,1.704454421997070312e-03
1.066681317969671583e-01,4.083395004272460938e-03
8.332365721882312171e-02,3.984689712524414062e-03
8.458154184581542223e-01,3.487172126770019531e-01
8.369163083691630867e-01,1.212930679321289062e-02
8.958104189581042043e-01,1.557416200637817383e+01
8.684120178222656250e-01,1.726865768432617188e-03
8.317658362193927069e-01,4.056930541992187500e-03
8.378282360933362316e-01,3.984928131103515625e-03
6.291370862913708839e-01,3.922116756439208984e-01
6.279372062793721065e-01,1.206588745117187500e-02
6.532346765323467919e-01,1.572999954223632812e+01
7.482776641845703125e-01,2.667188644409179688e-03
5.755640505233526882e-01,4.238367080688476562e-03
6.211392836181417465e-01,4.018545150756835938e-03
2.774722527747225387e-01,3.484022617340087891e-01
2.508749125087491039e-01,1.257300376892089844e-02
2.585741425857414066e-01,1.519110465049743652e+01
8.684120178222656250e-01,1.625537872314453125e-03
3.445430266991102997e-01,4.017353057861328125e-03
2.306988083302266013e-01,3.968715667724609375e-03
3.120687931206879151e-01,3.494403362274169922e-01
3.116688331166883041e-01,1.211404800415039062e-02
4.327567243275672326e-01,1.578923797607421875e+01
4.119014739990234375e-01,1.717567443847656250e-03
4.136568747999138651e-01,4.051923751831054688e-03
2.550056780395077993e-01,3.993749618530273438e-03
9.099090090990901158e-01,3.472104072570800781e-01
9.107089291070893378e-01,1.213073730468750000e-02
9.547045295470453219e-01,1.591664385795593262e+01
5.880985260009765625e-01,1.642704010009765625e-03
9.297597635231416024e-01,4.039049148559570312e-03
9.198754206043667780e-01,3.971338272094726562e-03
4.571542845715428349e-01,3.516905307769775391e-01
4.512548745125487537e-01,1.203441619873046875e-02
5.956404359564043682e-01,1.523901653289794922e+01
2.517223358154296875e-01,2.493143081665039062e-03
4.821785763662577162e-01,4.214763641357421875e-03
3.723056927374464031e-01,4.010915756225585938e-03
3.973602639736026343e-01,3.479523658752441406e-01
3.999600039996000223e-01,1.254796981811523438e-02
4.378562143785621474e-01,1.553181385993957520e+01
5.880985260009765625e-01,1.603126525878906250e-03
3.728146975832571375e-01,4.061222076416015625e-03
3.621872995118909921e-01,3.988981246948242188e-03
5.549445055494450774e-01,3.500664234161376953e-01
5.600439956004399367e-01,1.203775405883789062e-02
6.088391160883911413e-01,1.598350763320922852e+01
5.880985260009765625e-01,1.665353775024414062e-03
4.945647744238755861e-01,4.046440124511718750e-03
5.303236000911593084e-01,3.968715667724609375e-03
5.966403359664033124e-01,3.535621166229248047e-01
5.947405259474052297e-01,1.209950447082519531e-02
6.629337066293370384e-01,1.565187382698059082e+01
4.119014739990234375e-01,1.578330993652343750e-03
6.349896616479445699e-01,4.019498825073242188e-03
6.272360308109348193e-01,3.974199295043945312e-03
4.689531046895310806e-02,3.545975685119628906e-01
5.629437056294370884e-02,1.203966140747070312e-02
5.529447055294470226e-02,1.515257859230041504e+01
2.517223358154296875e-01,2.488851547241210938e-03
4.163437827076231501e-02,4.201412200927734375e-03
3.691870187762789912e-02,4.004955291748046875e-03
4.973502649735026537e-01,3.472385406494140625e-01
5.089491050894910940e-01,1.251196861267089844e-02
5.116488351164883985e-01,1.554653859138488770e+01
2.517223358154296875e-01,1.596450805664062500e-03
4.632653972796293429e-01,4.005432128906250000e-03
5.235690180855586684e-01,3.981590270996093750e-03
7.596240375962404201e-01,3.560097217559814453e-01
7.612238776122387529e-01,1.211118698120117188e-02
7.297270272972702365e-01,1.577102756500244141e+01
1.315879821777343750e-01,1.627922058105468750e-03
7.560568734030396199e-01,4.077672958374023438e-03
7.560175848939930665e-01,3.977537155151367188e-03
5.933406659334066191e-01,3.555388450622558594e-01
6.094390560943905299e-01,1.204442977905273438e-02
5.988401159884011449e-01,1.572501230239868164e+01
1.315879821777343750e-01,1.600742340087890625e-03
5.549591041345870446e-01,4.039764404296875000e-03
5.990934900691538001e-01,3.976106643676757812e-03
4.622537746225377497e-01,3.469338417053222656e-01
4.858514148585141301e-01,1.203584671020507812e-02
6.792320767923207825e-01,1.513559389114379883e+01
2.517223358154296875e-01,2.481698989868164062e-03
4.767868756176448231e-01,4.203796386718750000e-03
4.292761661354480007e-01,4.015207290649414062e-03
3.351664833516648234e-01,3.469631671905517578e-01
3.430656934306569594e-01,1.253223419189453125e-02
3.312668733126687415e-01,1.535209107398986816e+01
1.315879821777343750e-01,1.653671264648437500e-03
3.629518527653313731e-01,4.036188125610351562e-03
3.570392025620041654e-01,4.000902175903320312e-03
5.328467153284671687e-01,3.476424217224121094e-01
5.406459354064593326e-01,1.205301284790039062e-02
5.313468653134686415e-01,1.518894934654235840e+01
2.517223358154296875e-01,1.600265502929687500e-03
4.598083005528084133e-01,4.012107849121093750e-03
5.513054986134693358e-01,3.964662551879882812e-03
8.079192080791920416e-01,3.475203514099121094e-01
8.047195280471952650e-01,1.204133033752441406e-02
7.729227077292271098e-01,1.545464825630187988e+01
7.482776641845703125e-01,1.575708389282226562e-03
7.642417921049877716e-01,4.026412963867187500e-03
8.390357477999104141e-01,4.008769989013671875e-03
2.710728927107289299e-01,3.466598987579345703e-01
2.674732526747325423e-01,1.201772689819335938e-02
2.614738526147385445e-01,1.548444628715515137e+01
4.119014739990234375e-01,2.486228942871093750e-03
3.238391692889945883e-01,4.204034805297851562e-03
2.759623581828766214e-01,4.008769989013671875e-03
8.617138286171382999e-01,3.479337692260742188e-01
8.529147085291470809e-01,1.250386238098144531e-02
7.312268773122687637e-01,1.522869277000427246e+01
8.684120178222656250e-01,1.700162887573242188e-03
8.230416821595045729e-01,4.078388214111328125e-03
8.488331415795165036e-01,3.994941711425781250e-03
1.649835016498350238e-01,3.496346473693847656e-01
1.745825417458254092e-01,1.210641860961914062e-02
1.920807919208079306e-01,1.558877515792846680e+01
1.315879821777343750e-01,1.721620559692382812e-03
2.415016444085377745e-01,4.084110260009765625e-03
1.886090095485396523e-01,3.998279571533203125e-03
7.705229477052294440e-01,3.718416690826416016e-01
7.736226377362264151e-01,1.230478286743164062e-02
7.714228577142285825e-01,1.501394677162170410e+01
4.119014739990234375e-01,2.542734146118164062e-03
6.076636078956447751e-01,4.207849502563476562e-03
7.414095862052688668e-01,3.992080688476562500e-03
6.583341665833416512e-01,3.485891819000244141e-01
6.536346365363463473e-01,1.258277893066406250e-02
6.620337966203380109e-01,1.549133920669555664e+01
8.684120178222656250e-01,1.732349395751953125e-03
6.560484803766274409e-01,4.056215286254882812e-03
6.594040325125114510e-01,3.996372222900390625e-03
7.173282671732826854e-01,3.509402275085449219e-01
7.292270772922707645e-01,1.212120056152343750e-02
7.402259774022598160e-01,1.544512438774108887e+01
4.119014739990234375e-01,1.660108566284179688e-03
6.666830258457719927e-01,4.038572311401367188e-03
6.892092403592497973e-01,3.990411758422851562e-03
2.217778222177782255e-01,3.551211357116699219e-01
2.278772122787721122e-01,1.209044456481933594e-02
2.163783621637836163e-01,1.541300845146179199e+01
5.880985260009765625e-01,1.587390899658203125e-03
2.321005341019216628e-01,4.042148590087890625e-03
2.461848720892230724e-01,3.956794738769531250e-03
7.952204779522047406e-01,3.477537631988525391e-01
7.986201379862013505e-01,1.203131675720214844e-02
7.857214278572143273e-01,1.649297904968261719e+01
4.119014739990234375e-01,2.501487731933593750e-03
7.437071499883363135e-01,4.204750061035156250e-03
8.224619348514619066e-01,4.006624221801757812e-03
4.814518548145185206e-01,3.523173332214355469e-01
4.862513748625137411e-01,1.254749298095703125e-02
4.344565543445655376e-01,1.631228232383728027e+01
8.684120178222656250e-01,1.620292663574218750e-03
5.118896588116941260e-01,4.069089889526367188e-03
4.884980675850981169e-01,3.988027572631835938e-03
3.399660033996600335e-03,3.465893268585205078e-01
4.199580041995800567e-03,1.205921173095703125e-02
2.199780021997800421e-03,1.656936073303222656e+01
5.908966064453125000e-03,1.705884933471679688e-03
3.181222523829496749e-03,4.049301147460937500e-03
1.261929646883870647e-03,3.985166549682617188e-03
7.032296770322967738e-01,3.498015403747558594e-01
7.086291370862913830e-01,1.206088066101074219e-02
6.162383761623837497e-01,1.499866175651550293e+01
5.880985260009765625e-01,1.579046249389648438e-03
6.069004556497720193e-01,3.993511199951171875e-03
7.318420588155545303e-01,3.976106643676757812e-03
2.667733226677332370e-01,4.800088405609130859e-01
2.624737526247375441e-01,1.201891899108886719e-02
2.944705529447055325e-01,1.555276489257812500e+01
9.423408508300781250e-01,2.477169036865234375e-03
3.407357929149943399e-01,4.190206527709960938e-03
3.443632783233235850e-01,3.988981246948242188e-03
6.689331066893310362e-01,3.489968776702880859e-01
6.447355264473552117e-01,1.250791549682617188e-02
6.907309269073093061e-01,1.598806357383728027e+01
5.880985260009765625e-01,1.716136932373046875e-03
6.963117528291529190e-01,4.083156585693359375e-03
6.443008445909549353e-01,4.007816314697265625e-03
6.826317368263173924e-01,3.476245403289794922e-01
6.658334166583341762e-01,1.209902763366699219e-02
6.921307869213079167e-01,1.637127447128295898e+01
7.482776641845703125e-01,1.626253128051757812e-03
6.162669024132847451e-01,4.037141799926757812e-03
7.055974907825007802e-01,3.993988037109375000e-03
5.091490850914908162e-01,3.488032817840576172e-01
5.043495650434955957e-01,1.206302642822265625e-02
5.097490250974902048e-01,1.565373611450195312e+01
7.482776641845703125e-01,1.614332199096679688e-03
4.590378316733914610e-01,4.032850265502929688e-03
5.308848039200839697e-01,3.973245620727539062e-03
6.662333766623337317e-01,3.468647003173828125e-01
6.423357664233576569e-01,1.202630996704101562e-02
7.232276772322767666e-01,1.505103468894958496e+01
8.684120178222656250e-01,2.479553222656250000e-03
6.263303396422561509e-01,4.195451736450195312e-03
6.810014592156944380e-01,3.991365432739257812e-03
8.249175082491750910e-01,3.464353084564208984e-01
8.178182181781822324e-01,1.251387596130371094e-02
9.520047995200480173e-01,1.558972978591918945e+01
5.880985260009765625e-01,1.729726791381835938e-03
8.037381315348116617e-01,4.100561141967773438e-03
8.125222582951794337e-01,3.991365432739257812e-03
6.592340765923407897e-01,4.023761749267578125e-01
6.568343165683431240e-01,1.212191581726074219e-02
5.425457454254574152e-01,1.541162729263305664e+01
4.119014739990234375e-01,1.592874526977539062e-03
5.886172787797321337e-01,4.019737243652343750e-03
6.586120420071612802e-01,3.979206085205078125e-03
1.125887411258874177e-01,3.481459617614746094e-01
1.274872512748725095e-01,1.207756996154785156e-02
1.495850414958504182e-01,1.571274352073669434e+01
5.908966064453125000e-03,1.605987548828125000e-03
1.155231846098521697e-01,4.053115844726562500e-03
9.298738046712634597e-02,3.975629806518554688e-03
1.934806519348065135e-01,3.489043712615966797e-01
1.923807619238076250e-01,1.202464103698730469e-02
1.175882411758824159e-01,1.566223311424255371e+01
4.119014739990234375e-01,2.478599548339843750e-03
3.627374795475621916e-01,4.182338714599609375e-03
1.402793253697524056e-01,4.010438919067382812e-03
9.459054094590541029e-01,4.129805564880371094e-01
9.426057394260574096e-01,2.050876617431640625e-02
9.744025597440255648e-01,1.574279356002807617e+01
8.684120178222656250e-01,1.718044281005859375e-03
9.214654967354380943e-01,4.060983657836914062e-03
9.547779475704228913e-01,3.997564315795898438e-03
6.078392160783921971e-01,3.488025665283203125e-01
5.869413058694130658e-01,1.210069656372070312e-02
4.860513948605139634e-01,1.583531188964843750e+01
5.880985260009765625e-01,1.667261123657226562e-03
5.654405691731132499e-01,4.072189331054687500e-03
6.027716654677786057e-01,3.982067108154296875e-03
8.596140385961403840e-01,3.466961383819580078e-01
8.646135386461354377e-01,1.206612586975097656e-02
8.664133586641336038e-01,1.557760858535766602e+01
7.482776641845703125e-01,1.716136932373046875e-03
8.729615555556223816e-01,4.061222076416015625e-03
8.956920754310668809e-01,3.985166549682617188e-03
1.448855114488551143e-01,3.558733463287353516e-01
1.547845215478452219e-01,1.209592819213867188e-02
1.497850214978502237e-01,1.564262938499450684e+01
4.119014739990234375e-01,2.444267272949218750e-03
2.901849087325917842e-01,4.212617874145507812e-03
1.221127392512310061e-01,4.024505615234375000e-03
8.260173982601739517e-01,3.496484756469726562e-01
8.174182581741825659e-01,1.252794265747070312e-02
8.689131086891310751e-01,1.559143018722534180e+01
7.482776641845703125e-01,1.689910888671875000e-03
8.075108796405208178e-01,4.041433334350585938e-03
7.759281761068359540e-01,3.992319107055664062e-03
3.999600039996000617e-04,4.516756534576416016e-01
5.999400059994000655e-04,2.417778968811035156e-02
3.699630036996300313e-03,1.550755023956298828e+01
1.288414001464843750e-03,1.617908477783203125e-03
1.612304976897650614e-03,4.041433334350585938e-03
6.521124171276437799e-04,4.016876220703125000e-03
5.522447755224477728e-01,3.460180759429931641e-01
5.601439856014398533e-01,1.203560829162597656e-02
4.403559644035596188e-01,1.547321629524230957e+01
4.119014739990234375e-01,1.577138900756835938e-03
4.605295327012688955e-01,4.029512405395507812e-03
5.299408162804543077e-01,3.968238830566406250e-03
1.023897610238976158e-01,3.461575508117675781e-01
1.063893610638936144e-01,1.200866699218750000e-02
9.169083091690831411e-02,1.567475557327270508e+01
4.119014739990234375e-01,2.601623535156250000e-03
3.072370055162313429e-01,4.230737686157226562e-03
8.548692454221029635e-02,4.045724868774414062e-03
4.177582241775822380e-01,3.480861186981201172e-01
4.398560143985601467e-01,1.257634162902832031e-02
5.558444155584441049e-01,1.528951263427734375e+01
1.315879821777343750e-01,1.582622528076171875e-03
3.834120503425774706e-01,4.055976867675781250e-03
3.895369154298685133e-01,4.002571105957031250e-03
6.528347165283471254e-01,3.477616310119628906e-01
6.466353364663534053e-01,1.206851005554199219e-02
6.481351864813518215e-01,1.518838882446289062e+01
8.684120178222656250e-01,1.604557037353515625e-03
6.772223690302969779e-01,4.043340682983398438e-03
6.967491815515373110e-01,3.972291946411132812e-03
6.466353364663534053e-01,3.499565124511718750e-01
6.464353564643535721e-01,1.200628280639648438e-02
5.974402559744025343e-01,1.532859802246093750e+01
1.315879821777343750e-01,1.587629318237304688e-03
6.444378998291910854e-01,4.016399383544921875e-03
6.191075078775379881e-01,3.994941711425781250e-03
9.276072392760723595e-01,3.471651077270507812e-01
9.255074492550744436e-01,1.201891899108886719e-02
8.223177682231777030e-01,1.525179958343505859e+01
7.482776641845703125e-01,2.646207809448242188e-03
9.177747444095365470e-01,4.234075546264648438e-03
9.136761516645943715e-01,4.020452499389648438e-03
1.839816018398160100e-02,3.456192016601562500e-01
1.999800019998000319e-02,1.258277893066406250e-02
1.107889211078892100e-01,1.582983827590942383e+01
4.119014739990234375e-01,1.618385314941406250e-03
4.939575426446297934e-02,4.039287567138671875e-03
1.682996536921940386e-02,4.003047943115234375e-03
9.626037396260374024e-01,3.492491245269775391e-01
9.655034496550345402e-01,1.205778121948242188e-02
9.749025097490251479e-01,1.545103597640991211e+01
2.517223358154296875e-01,1.643896102905273438e-03
8.346777844952923964e-01,4.047632217407226562e-03
9.764446228389387361e-01,3.972053527832031250e-03
6.531346865313468752e-01,3.764367103576660156e-01
6.588341165883411232e-01,2.002978324890136719e-02
6.204379562043795815e-01,1.560961890220642090e+01
7.482776641845703125e-01,1.587390899658203125e-03
6.381427148415557138e-01,4.024267196655273438e-03
6.694272647755340477e-01,3.987073898315429688e-03
8.639136086391360769e-02,3.486948013305664062e-01
8.079192080791920694e-02,1.200652122497558594e-02
1.341865813418658127e-01,1.540637469291687012e+01
5.880985260009765625e-01,2.566099166870117188e-03
1.107703367198006883e-01,4.221677780151367188e-03
8.139369407943286561e-02,4.008769989013671875e-03
9.536046395360463501e-01,3.472611904144287109e-01
9.453054694530547142e-01,1.253247261047363281e-02
4.958504149585041265e-01,1.538348698616027832e+01
7.482776641845703125e-01,1.625061035156250000e-03
9.352089518417540104e-01,4.046678543090820312e-03
9.493835763474151035e-01,3.987312316894531250e-03
7.579242075792420597e-01,3.483757972717285156e-01
7.510248975102489233e-01,1.203370094299316406e-02
7.449255074492551199e-01,1.556473135948181152e+01
9.423408508300781250e-01,1.585960388183593750e-03
6.876512976341290218e-01,4.031181335449218750e-03
7.800678955347083443e-01,3.985404968261718750e-03
4.749525047495250507e-01,3.486661911010742188e-01
4.727527247275272737e-01,1.202130317687988281e-02
5.298470152984701143e-01,1.533113527297973633e+01
7.482776641845703125e-01,1.609802246093750000e-03
5.195725517601584853e-01,4.053592681884765625e-03
4.384762022408820736e-01,3.977537155151367188e-03
2.507749225077492428e-01,3.545801639556884766e-01
2.576742325767423236e-01,1.219201087951660156e-02
2.794720527947205380e-01,1.551469469070434570e+01
1.315879821777343750e-01,2.676486968994140625e-03
2.676518783736314688e-01,4.245519638061523438e-03
2.402449047646970648e-01,4.038572311401367188e-03
7.368263173682632061e-01,3.551957607269287109e-01
7.559244075592440604e-01,1.263022422790527344e-02
7.223277672232776281e-01,1.555851268768310547e+01
4.119014739990234375e-01,1.645565032958984375e-03
6.561898237980067217e-01,4.107475280761718750e-03
7.211380473178541362e-01,3.954648971557617188e-03
5.361463853614638619e-01,3.552296161651611328e-01
5.509449055094490788e-01,1.218175888061523438e-02
5.371462853714628061e-01,1.576049184799194336e+01
1.315879821777343750e-01,1.734972000122070312e-03
5.355677181093190242e-01,4.064798355102539062e-03
5.804685374468898651e-01,4.010200500488281250e-03
3.479652034796520410e-01,3.473732471466064453e-01
3.629637036296370356e-01,1.211309432983398438e-02
2.028797120287971212e-01,1.574497222900390625e+01
5.765914916992187500e-02,1.681327819824218750e-03
3.870386216580502525e-01,4.040241241455078125e-03
3.406491036828188657e-01,3.951072692871093750e-03
6.225377462253774974e-01,3.717353343963623047e-01
6.259374062593741073e-01,2.006483078002929688e-02
7.265273472652734599e-01,1.540670680999755859e+01
5.880985260009765625e-01,2.511978149414062500e-03
5.488501233721916339e-01,4.208803176879882812e-03
5.645075235974090777e-01,4.032611846923828125e-03
5.449455054494550810e-02,3.483273983001708984e-01
5.949405059494050629e-02,1.254487037658691406e-02
4.389561043895610221e-02,1.574407291412353516e+01
2.069473266601562500e-02,9.527683258056640625e-03
9.283596918782888174e-02,4.023313522338867188e-03
5.132481412099894336e-02,1.199769973754882812e-02
8.382161783821617806e-01,4.776680469512939453e-01
8.339166083391660322e-01,1.206374168395996094e-02
7.329267073292671242e-01,1.630883955955505371e+01
7.482776641845703125e-01,1.584291458129882812e-03
8.182275482452263660e-01,4.021883010864257812e-03
7.724166853760743301e-01,3.990650177001953125e-03
6.683331666833316476e-01,3.493380546569824219e-01
6.588341165883411232e-01,1.203083992004394531e-02
6.694330566943306193e-01,1.515242695808410645e+01
5.880985260009765625e-01,1.724481582641601562e-03
6.492460025314303884e-01,4.061698913574218750e-03
6.331919078709378201e-01,4.008054733276367188e-03
4.402559744025597577e-01,3.503487110137939453e-01
4.397560243975602301e-01,1.329183578491210938e-02
4.526547345265473643e-01,1.595075750350952148e+01
5.880985260009765625e-01,1.765727996826171875e-03
5.037511613551720613e-01,4.107475280761718750e-03
4.141021889632109931e-01,3.984928131103515625e-03
6.510348965103489594e-01,4.142017364501953125e-01
6.289371062893710507e-01,1.230049133300781250e-02
6.552344765523447911e-01,1.519719600677490234e+01
8.684120178222656250e-01,1.600980758666992188e-03
5.867495504656856653e-01,4.028558731079101562e-03
6.585312227397853713e-01,3.982067108154296875e-03
4.902509749025097396e-01,3.467366695404052734e-01
4.888511148885111290e-01,1.202678680419921875e-02
3.948605139486051629e-01,1.559638977050781250e+01
8.684120178222656250e-01,1.576662063598632812e-03
4.821876133639072526e-01,4.002332687377929688e-03
4.150132939144439703e-01,3.983259201049804688e-03
5.092490750924907328e-01,3.481607437133789062e-01
5.050494950504949010e-01,1.202964782714843750e-02
7.239276072392760719e-01,1.536423230171203613e+01
5.765914916992187500e-02,2.480983734130859375e-03
5.855534012506593555e-01,4.203319549560546875e-03
5.292165828830173169e-01,4.015445709228515625e-03
1.299870012998700086e-01,4.340176582336425781e-01
1.447855214478552255e-01,2.056288719177246094e-02
1.027897210278972129e-01,1.470096755027770996e+01
1.315879821777343750e-01,1.585721969604492188e-03
2.404500757884542872e-01,3.981590270996093750e-03
1.702459145301372656e-01,3.984928131103515625e-03
4.739526047395260511e-01,3.484020233154296875e-01
4.603539646035396671e-01,1.202988624572753906e-02
5.187481251874812571e-01,1.579782271385192871e+01
1.315879821777343750e-01,1.594543457031250000e-03
5.346167411327042984e-01,4.021167755126953125e-03
4.582507693619138345e-01,3.999710083007812500e-03
7.849215078492151332e-02,3.606848716735839844e-01
8.439156084391560841e-02,1.204776763916015625e-02
1.120887911208879179e-01,1.654431104660034180e+01
4.119014739990234375e-01,1.577854156494140625e-03
9.305801619427117588e-02,4.014968872070312500e-03
6.460928376159401354e-02,4.019975662231445312e-03
8.604139586041396059e-01,3.479044437408447266e-01
8.696130386961303804e-01,1.199150085449218750e-02
8.361163883611638648e-01,1.507951068878173828e+01
1.315879821777343750e-01,2.587080001831054688e-03
5.558539939851174783e-01,4.244565963745117188e-03
8.923370651965756295e-01,4.077672958374023438e-03
1.485851414858514186e-01,3.475139141082763672e-01
1.511848815118488065e-01,1.257395744323730469e-02
2.229777022297770306e-01,1.583146905899047852e+01
1.315879821777343750e-01,1.596450805664062500e-03
2.569042986390212557e-01,4.025220870971679688e-03
1.314880479440299621e-01,1.198673248291015625e-02
3.874612538746125545e-01,3.472793102264404297e-01
3.944605539446055520e-01,1.206326484680175781e-02
3.683631636836316448e-01,1.565860080718994141e+01
9.423408508300781250e-01,1.610279083251953125e-03
4.481491178219653149e-01,4.029989242553710938e-03
4.128952133635923616e-01,3.976821899414062500e-03
5.199480051994800345e-01,3.473811149597167969e-01
5.200479952004799511e-01,1.202082633972167969e-02
4.466553344665533665e-01,1.561610889434814453e+01
4.119014739990234375e-01,1.672983169555664062e-03
4.973927087305918815e-01,4.052639007568359375e-03
5.077968559783641034e-01,4.000425338745117188e-03
4.107589241075892406e-01,3.476407527923583984e-01
3.944605539446055520e-01,1.203203201293945312e-02
4.062593740625937144e-01,1.545838665962219238e+01
5.880985260009765625e-01,2.589941024780273438e-03
3.855150049610931440e-01,4.240274429321289062e-03
3.920492086995470138e-01,4.039764404296875000e-03
4.583541645835416678e-01,3.499207496643066406e-01
5.102489751024897879e-01,1.260566711425781250e-02
4.486551344865513657e-01,1.555311727523803711e+01
5.880985260009765625e-01,1.660346984863281250e-03
5.000303378976316271e-01,4.030704498291015625e-03
3.824822646034735096e-01,3.994703292846679688e-03
6.380361963803619085e-01,3.457722663879394531e-01
6.207379262073792203e-01,1.205873489379882812e-02
4.364563543645635368e-01,1.508602881431579590e+01
8.684120178222656250e-01,1.696825027465820312e-03
5.772931161664797139e-01,4.058837890625000000e-03
6.261499856274636011e-01,3.993034362792968750e-03
9.451054894510548809e-01,3.465704917907714844e-01
9.369063093690630506e-01,1.211309432983398438e-02
9.176082391760823631e-01,1.547164130210876465e+01
8.684120178222656250e-01,1.608371734619140625e-03
7.261968868634146590e-01,4.027128219604492188e-03
9.489534770408232234e-01,3.988981246948242188e-03
7.468253174682532025e-01,3.813920021057128906e-01
7.276272372762723206e-01,1.203107833862304688e-02
4.806519348065193542e-01,1.476135563850402832e+01
8.684120178222656250e-01,2.520322799682617188e-03
6.591155229885410360e-01,4.259109497070312500e-03
7.535242846970879871e-01,4.022836685180664062e-03
3.236676332366763553e-01,3.475310802459716797e-01
3.399660033996600439e-01,1.256084442138671875e-02
3.035696430356964459e-01,1.638616061210632324e+01
2.517223358154296875e-01,1.624584197998046875e-03
4.916892603164897957e-01,4.042625427246093750e-03
3.656253952281943165e-01,3.975629806518554688e-03
8.035196480351964876e-01,3.964190483093261719e-01
7.943205679432057131e-01,1.206660270690917969e-02
8.452154784521548336e-01,1.647161006927490234e+01
9.423408508300781250e-01,1.614570617675781250e-03
7.476593072269130946e-01,4.042863845825195312e-03
8.999185231569073462e-01,3.979682922363281250e-03
1.420857914208579209e-01,4.189877510070800781e-01
1.583841615838416095e-01,1.202034950256347656e-02
1.150884911508849168e-01,1.485641002655029297e+01
1.315879821777343750e-01,1.609802246093750000e-03
1.805142341265687511e-01,4.006862640380859375e-03
1.131330501274518396e-01,3.984928131103515625e-03
3.686631336866313391e-01,3.484997749328613281e-01
3.748625137486251147e-01,1.201796531677246094e-02
4.684531546845315253e-01,1.615504145622253418e+01
2.517223358154296875e-01,2.480983734130859375e-03
3.787369389287191801e-01,4.198551177978515625e-03
3.769990255046770100e-01,4.000186920166015625e-03
5.791420857914209019e-01,3.475477695465087891e-01
5.733426657334266263e-01,1.250171661376953125e-02
5.107489251074892600e-01,1.526179957389831543e+01
4.119014739990234375e-01,1.609325408935546875e-03
5.749138533206201718e-01,4.013776779174804688e-03
5.813676711978260636e-01,3.992795944213867188e-03
7.174282571742826020e-01,3.483817577362060547e-01
7.187281271872812960e-01,1.203536987304687500e-02
7.320267973202679856e-01,1.500110316276550293e+01
5.880985260009765625e-01,1.565456390380859375e-03
6.871731236240317120e-01,4.039049148559570312e-03
7.114595884585440677e-01,4.001855850219726562e-03
5.880411958804119266e-01,3.480770587921142578e-01
5.798420157984202072e-01,1.201725006103515625e-02
6.160383961603839165e-01,1.553678226470947266e+01
5.880985260009765625e-01,1.710653305053710938e-03
5.822156664372529766e-01,4.048109054565429688e-03
4.967457691442859757e-01,3.985166549682617188e-03
3.129687031296870536e-01,3.484067916870117188e-01
3.256674332566743546e-01,1.206159591674804688e-02
1.847815218478152111e-01,1.557624721527099609e+01
4.119014739990234375e-01,2.519130706787109375e-03
4.723727069526144628e-01,4.215717315673828125e-03
3.131105488962645511e-01,4.017591476440429688e-03
4.765523447655234390e-01,3.631014823913574219e-01
4.693530646935306638e-01,1.251173019409179688e-02
5.823417658234176786e-01,1.483841490745544434e+01
8.684120178222656250e-01,1.612186431884765625e-03
4.509305553616256290e-01,4.041910171508789062e-03
4.290253663281405339e-01,4.006385803222656250e-03
5.012498750124987357e-01,3.468222618103027344e-01
5.118488151184881207e-01,1.204013824462890625e-02
4.610538946105389724e-01,1.576828503608703613e+01
2.517223358154296875e-01,1.578330993652343750e-03
4.868739832543774182e-01,4.029750823974609375e-03
5.225390784646599673e-01,4.055738449096679688e-03
8.803119688031196821e-01,3.464384078979492188e-01
8.766123387661234334e-01,1.202630996704101562e-02
8.625137486251375218e-01,1.616050934791564941e+01
7.482776641845703125e-01,1.687526702880859375e-03
8.426207825298499543e-01,4.060506820678710938e-03
8.903942119148660073e-01,4.010677337646484375e-03
7.409259074092591213e-01,3.474969863891601562e-01
7.609239076092391141e-01,1.206350326538085938e-02
6.848315168483151139e-01,1.589004111289978027e+01
4.119014739990234375e-01,2.489805221557617188e-03
6.786227924901827580e-01,4.224777221679687500e-03
7.742718914461693691e-01,4.019498825073242188e-03
9.819018098190181176e-02,3.937158584594726562e-01
1.050894910508949065e-01,1.253581047058105469e-02
1.069893010698930169e-01,1.576725602149963379e+01
2.069473266601562500e-02,1.581668853759765625e-03
1.558081661205887314e-01,4.012107849121093750e-03
8.468309034548682224e-02,3.988981246948242188e-03
3.597640235976402590e-01,3.487067222595214844e-01
3.621637836216378137e-01,1.204991340637207031e-02
3.178682131786821352e-01,1.608028268814086914e+01
4.119014739990234375e-01,1.593351364135742188e-03
3.619939927708919480e-01,4.022359848022460938e-03
3.864356552482176577e-01,3.981113433837890625e-03
1.086891310868913080e-01,3.474004268646240234e-01
1.181881811818818184e-01,1.202654838562011719e-02
7.919208079192080474e-02,1.572415304183959961e+01
2.517223358154296875e-01,1.736640930175781250e-03
1.509514799059433754e-01,4.046440124511718750e-03
1.091997201054437650e-01,3.994464874267578125e-03
7.235276472352765165e-01,3.479199409484863281e-01
7.233276672332766832e-01,1.211333274841308594e-02
7.326267373262673743e-01,1.558419108390808105e+01
5.880985260009765625e-01,2.627611160278320312e-03
6.460392038103696111e-01,4.251241683959960938e-03
7.383575906440620340e-01,4.016876220703125000e-03
6.596340365963403451e-01,3.490362167358398438e-01
6.704329567043295635e-01,1.257419586181640625e-02
7.040295970402959957e-01,1.591053485870361328e+01
4.119014739990234375e-01,1.734256744384765625e-03
7.052601774151564529e-01,4.089117050170898438e-03
6.735371431195662506e-01,4.015684127807617188e-03
7.540245975402459777e-01,3.490757942199707031e-01
7.604239576042395310e-01,1.214170455932617188e-02
7.307269273072692917e-01,1.543712949752807617e+01
7.482776641845703125e-01,1.614093780517578125e-03
6.852984801104484713e-01,4.021167755126953125e-03
7.452063850275972845e-01,3.998041152954101562e-03
7.356264373562644288e-01,3.471348285675048828e-01
7.410258974102589269e-01,1.202082633972167969e-02
7.740225977402259705e-01,1.648115515708923340e+01
8.684120178222656250e-01,1.592636108398437500e-03
6.911697677101740211e-01,4.024982452392578125e-03
6.975958056278774855e-01,3.969669342041015625e-03
5.934406559344065357e-01,3.458747863769531250e-01
6.108389161083891405e-01,1.201629638671875000e-02
5.545445455454454109e-01,1.490470933914184570e+01
2.517223358154296875e-01,2.462148666381835938e-03
5.661104320261372003e-01,4.197597503662109375e-03
5.769120847381983275e-01,4.002809524536132812e-03
6.522347765223477367e-01,3.472654819488525391e-01
6.418358164183581849e-01,1.252198219299316406e-02
7.120287971202879929e-01,1.545031952857971191e+01
5.880985260009765625e-01,1.576900482177734375e-03
6.150399796923641249e-01,4.015922546386718750e-03
6.303928035521200179e-01,3.958940505981445312e-03
9.804019598040195627e-01,3.611850738525390625e-01
9.806019398060193959e-01,1.219606399536132812e-02
9.536046395360463501e-01,1.550556087493896484e+01
9.423408508300781250e-01,1.628875732421875000e-03
9.714454009131096024e-01,4.022836685180664062e-03
9.704690162995344149e-01,3.964185714721679688e-03
5.970402959704029788e-01,3.471798896789550781e-01
5.863413658634136771e-01,1.203322410583496094e-02
3.614638536146385639e-01,1.531748104095458984e+01
2.517223358154296875e-01,1.574754714965820312e-03
5.798886264253105827e-01,4.011154174804687500e-03
6.047087234893659957e-01,4.003286361694335938e-03
3.949605039496050657e-02,3.485236167907714844e-01
5.049495050494950260e-02,1.197934150695800781e-02
6.329367063293671325e-02,1.465156149864196777e+01
2.069473266601562500e-02,2.464056015014648438e-03
8.103987546273544451e-02,4.183769226074218750e-03
5.536201021281936946e-02,3.996610641479492188e-03
7.229277072292771000e-02,3.466138839721679688e-01
7.269273072692730708e-02,1.248693466186523438e-02
2.771722827717228443e-01,1.549987936019897461e+01
5.765914916992187500e-02,1.590251922607421875e-03
6.398976908670848951e-02,4.010677337646484375e-03
8.505728416764940514e-02,4.001617431640625000e-03
4.209579042095790147e-01,3.463277816772460938e-01
4.212578742125787645e-01,1.203322410583496094e-02
3.353664633536646567e-01,1.502847766876220703e+01
5.880985260009765625e-01,1.677274703979492188e-03
4.636665628752565382e-01,4.041671752929687500e-03
4.111921086203897957e-01,4.013061523437500000e-03
8.368163183681631700e-01,4.125041961669921875e-01
8.354164583541645595e-01,1.227450370788574219e-02
9.409059094090590492e-01,1.515888428688049316e+01
9.423408508300781250e-01,1.578569412231445312e-03
8.112217584226546485e-01,4.001140594482421875e-03
8.411665008871411775e-01,3.990173339843750000e-03
4.015598440155984661e-01,3.479049205780029297e-01
3.871612838716128602e-01,1.199007034301757812e-02
4.816518348165183538e-01,1.543600702285766602e+01
4.119014739990234375e-01,2.475500106811523438e-03
4.204145294320705828e-01,4.216670989990234375e-03
3.592235967045974698e-01,4.018306732177734375e-03
2.095790420957904243e-01,3.472414016723632812e-01
2.243775622437756134e-01,1.248359680175781250e-02
2.573742625737426293e-01,1.534193205833435059e+01
5.765914916992187500e-02,1.661300659179687500e-03
2.067825104610973019e-01,4.050493240356445312e-03
1.468724188851461276e-01,3.963947296142578125e-03
5.995400459954004502e-01,3.476722240447998047e-01
5.931406859314068969e-01,1.204276084899902344e-02
6.164383561643835829e-01,1.581280660629272461e+01
8.684120178222656250e-01,1.663446426391601562e-03
5.880616627656506390e-01,4.071474075317382812e-03
6.370527624362827268e-01,3.972291946411132812e-03
3.660633936606339511e-01,3.473341464996337891e-01
3.690630936906309501e-01,1.209139823913574219e-02
3.449655034496550421e-01,1.548608541488647461e+01
4.119014739990234375e-01,1.768350601196289062e-03
3.318562106105353293e-01,4.117250442504882812e-03
2.816484298228411065e-01,4.971981048583984375e-03
6.307369263073692167e-01,4.068610668182373047e-01
6.265373462653734959e-01,1.322913169860839844e-02
3.905609439056094145e-01,1.766276216506958008e+01
5.880985260009765625e-01,2.456188201904296875e-03
5.140639750893943871e-01,4.212379455566406250e-03
6.324323005410920073e-01,4.022121429443359375e-03
2.421757824217578292e-01,3.467867374420166016e-01
2.408759124087591352e-01,1.246333122253417969e-02
1.643835616438356073e-01,1.526619744300842285e+01
2.517223358154296875e-01,2.652883529663085938e-03
2.413368853669506930e-01,4.221916198730468750e-03
2.739109610302924436e-01,4.010200500488281250e-03
3.792620737926207242e-01,3.475868701934814453e-01
3.668633136686331175e-01,1.263833045959472656e-02
1.731826817318268263e-01,1.508772611618041992e+01
2.517223358154296875e-01,2.551555633544921875e-03
3.924925760741652114e-01,1.223087310791015625e-02
3.748212302565365750e-01,4.013061523437500000e-03
5.209479052094790480e-02,4.971961975097656250e-01
5.769423057694230556e-02,2.848052978515625000e-02
8.159184081591841498e-02,1.556681156158447266e+01
4.119014739990234375e-01,1.731157302856445312e-03
7.266768384943035619e-02,4.056215286254882812e-03
4.414708573144637133e-02,3.999948501586914062e-03
8.060193980601939590e-01,3.486762046813964844e-01
8.104189581041896240e-01,1.216077804565429688e-02
7.099290070992900770e-01,1.611387658119201660e+01
2.517223358154296875e-01,2.497434616088867188e-03
7.594635809593499598e-01,4.220724105834960938e-03
8.733899636814386191e-01,3.986597061157226562e-03
3.599640035996400176e-03,3.474543094635009766e-01
5.599440055994400756e-03,1.257491111755371094e-02
2.299770022997700124e-03,1.594738984107971191e+01
5.908966064453125000e-03,1.712799072265625000e-03
9.931536748493523595e-03,4.039049148559570312e-03
5.184171090345531842e-03,4.019737243652343750e-03
1.559844015598440235e-02,3.476717472076416016e-01
1.749825017498250063e-02,1.209282875061035156e-02
2.319768023197680065e-02,1.616038465499877930e+01
2.069473266601562500e-02,1.600742340087890625e-03
3.295182872434723048e-02,4.015922546386718750e-03
2.285499291305314803e-02,3.978967666625976562e-03
4.277572242775722344e-01,3.483293056488037109e-01
4.282571742825717620e-01,1.201868057250976562e-02
5.999400059994000056e-01,1.583948898315429688e+01
2.517223358154296875e-01,1.615762710571289062e-03
4.508792823949813733e-01,4.031658172607421875e-03
3.756514071742649841e-01,3.981351852416992188e-03
7.464253574642535360e-01,4.683971405029296875e-01
7.607239276072392808e-01,2.001476287841796875e-02
6.211378862113788868e-01,1.626006078720092773e+01
5.880985260009765625e-01,2.549886703491210938e-03
5.143218260497733896e-01,4.220247268676757812e-03
7.686458851906192713e-01,4.018068313598632812e-03
9.287071292870713313e-01,3.488526344299316406e-01
9.252074792520748048e-01,1.253771781921386719e-02
9.549045095490450441e-01,1.534144616127014160e+01
5.880985260009765625e-01,1.621961593627929688e-03
9.347477730024591480e-01,4.025220870971679688e-03
9.207033952569436686e-01,3.992319107055664062e-03
4.225577442255774585e-01,3.471240997314453125e-01
4.313568643135686220e-01,1.207804679870605469e-02
1.432856714328567260e-01,1.524534034729003906e+01
4.119014739990234375e-01,1.596689224243164062e-03
3.915402078808222219e-01,4.039525985717773438e-03
4.095459508881552080e-01,3.988742828369140625e-03
9.862013798620138383e-01,3.462204933166503906e-01
9.875012498750125323e-01,1.199913024902343750e-02
9.764023597640235641e-01,1.579570198059082031e+01
7.482776641845703125e-01,1.596212387084960938e-03
9.694490440497943728e-01,4.013538360595703125e-03
9.849091693162811412e-01,3.957748413085937500e-03
6.189381061893810959e-02,3.490836620330810547e-01
7.059294070592940507e-02,1.201748847961425781e-02
2.899710028997100342e-02,1.538069415092468262e+01
5.765914916992187500e-02,2.515792846679687500e-03
8.997959073209033098e-02,4.222393035888671875e-03
4.443245197714831146e-02,4.023075103759765625e-03
8.193180681931806486e-01,3.482761383056640625e-01
8.313168683131686443e-01,1.254105567932128906e-02
7.477252274772522300e-01,1.593666887283325195e+01
7.482776641845703125e-01,1.656770706176757812e-03
8.387840731566806873e-01,4.054784774780273438e-03
8.151078787576443441e-01,3.998517990112304688e-03
9.965003499650034735e-01,3.474013805389404297e-01
9.965003499650034735e-01,1.208710670471191406e-02
9.925007499250074749e-01,1.550173139572143555e+01
9.423408508300781250e-01,1.603841781616210938e-03
9.957456316821513553e-01,4.024982452392578125e-03
9.990644793305681892e-01,3.946065902709960938e-03
5.733426657334266263e-01,3.470282554626464844e-01
5.569443055694430766e-01,1.203727722167968750e-02
2.327767223277672215e-01,1.501909637451171875e+01
8.684120178222656250e-01,1.577138900756835938e-03
5.100184425846761016e-01,3.997087478637695312e-03
4.840098597571218519e-01,3.969907760620117188e-03
2.849715028497150082e-01,3.473722934722900391e-01
2.724727527247275405e-01,1.201391220092773438e-02
2.109789021097890349e-01,1.562776613235473633e+01
4.119014739990234375e-01,2.555847167968750000e-03
3.597905539373122963e-01,4.196643829345703125e-03
2.656217140209234384e-01,4.016399383544921875e-03
5.896410358964103704e-01,3.494484424591064453e-01
5.910408959104089810e-01,1.254439353942871094e-02
6.806319368063193931e-01,1.508518457412719727e+01
5.880985260009765625e-01,1.614093780517578125e-03
5.685880850613529436e-01,4.028320312500000000e-03
5.416204211583586225e-01,3.989696502685546875e-03
7.796220377962204129e-01,3.481183052062988281e-01
7.726227377262273599e-01,1.203846931457519531e-02
6.779322067793220885e-01,1.535384225845336914e+01
5.880985260009765625e-01,1.583337783813476562e-03
7.405530332934009419e-01,4.038333892822265625e-03
8.075848270327772305e-01,3.971338272094726562e-03
6.013398660133986162e-01,3.498692512512207031e-01
6.143385661433856670e-01,1.202273368835449219e-02
6.050394960503949759e-01,1.626727604866027832e+01
2.517223358154296875e-01,1.592159271240234375e-03
6.047767350054469304e-01,4.013776779174804688e-03
5.970353188773136477e-01,3.982543945312500000e-03
3.294670532946705199e-01,3.645544052124023438e-01
3.504649535046495124e-01,2.001023292541503906e-02
2.526747325267473254e-01,1.580077147483825684e+01
1.315879821777343750e-01,2.661943435668945312e-03
2.737704868499117872e-01,4.256010055541992188e-03
3.067123528645073760e-01,4.044532775878906250e-03
2.419758024197580237e-01,3.469204902648925781e-01
2.493750624937506322e-01,1.261234283447265625e-02
1.800819918008199072e-01,1.587223124504089355e+01
2.517223358154296875e-01,1.682043075561523438e-03
2.476240488483167912e-01,4.031658172607421875e-03
2.303372092768538049e-01,3.988265991210937500e-03
3.533646635336466502e-01,3.478899002075195312e-01
3.541645835416458166e-01,1.211571693420410156e-02
4.308569143085691500e-01,1.609156608581542969e+01
5.765914916992187500e-02,1.726865768432617188e-03
2.652122930701559245e-01,8.081197738647460938e-03
3.127029903247617315e-01,3.991603851318359375e-03
9.197080291970802790e-01,4.092984199523925781e-01
9.102089791020897547e-01,1.213121414184570312e-02
9.776022397760224525e-01,1.556186890602111816e+01
9.793052673339843750e-01,1.628160476684570312e-03
6.306990085852394179e-01,4.016399383544921875e-03
9.365966255558586528e-01,3.977537155151367188e-03
5.152484751524847306e-01,3.496701717376708984e-01
5.215478452154784783e-01,1.204442977905273438e-02
5.435456454354564704e-01,1.565784215927124023e+01
4.119014739990234375e-01,2.518892288208007812e-03
4.975929316829051929e-01,4.210233688354492188e-03
4.931172630888528419e-01,4.016399383544921875e-03
9.380061993800620224e-01,3.494830131530761719e-01
9.376062393760623559e-01,1.251292228698730469e-02
9.557044295570442660e-01,1.598676776885986328e+01
7.482776641845703125e-01,1.623630523681640625e-03
9.411747675286882275e-01,4.043102264404296875e-03
9.548465793900867693e-01,1.197695732116699219e-02
8.787121287871212383e-01,3.710784912109375000e-01
8.705129487051295190e-01,1.203322410583496094e-02
8.866113388661134298e-01,1.548162221908569336e+01
5.880985260009765625e-01,1.582384109497070312e-03
7.678277958008999926e-01,4.009962081909179688e-03
8.825860719590894465e-01,3.988742828369140625e-03
4.685531446855314419e-01,3.471066951751708984e-01
4.689531046895310529e-01,1.197719573974609375e-02
3.375662433756624337e-01,1.549566054344177246e+01
1.315879821777343750e-01,1.669168472290039062e-03
4.839130909943510361e-01,4.035234451293945312e-03
5.102424319337718339e-01,3.990411758422851562e-03
7.159284071592840748e-01,3.485682010650634766e-01
7.103289671032896324e-01,1.202344894409179688e-02
5.695430456954304610e-01,1.506733894348144531e+01
1.315879821777343750e-01,2.526998519897460938e-03
6.281576312522187955e-01,4.213809967041015625e-03
6.904929954986445129e-01,1.191735267639160156e-02
6.196380361963803596e-01,5.089254379272460938e-01
6.306369363063694111e-01,2.049517631530761719e-02
5.047495250474952622e-01,1.580302381515502930e+01
4.119014739990234375e-01,1.616001129150390625e-03
5.909483571843792138e-01,4.024505615234375000e-03
5.631815334200698242e-01,3.977775573730468750e-03
5.201479852014798677e-01,3.447618484497070312e-01
5.345465453454654181e-01,1.208376884460449219e-02
5.513448655134486343e-01,1.573552227020263672e+01
5.880985260009765625e-01,1.596212387084960938e-03
5.754104989027107875e-01,4.017591476440429688e-03
4.983271127778413079e-01,3.982782363891601562e-03
2.005799420057994276e-01,3.470826148986816406e-01
2.086791320867913135e-01,1.206803321838378906e-02
2.430756924307569122e-01,1.557310962677001953e+01
1.288414001464843750e-03,1.591682434082031250e-03
1.881804364541885821e-01,4.018306732177734375e-03
2.007027110725544961e-01,3.988027572631835938e-03
4.495550444955504488e-01,3.505508899688720703e-01
4.631536846315368328e-01,1.320981979370117188e-02
3.088691130886911385e-01,1.522407460212707520e+01
4.119014739990234375e-01,1.742839813232421875e-03
4.182994322730342884e-01,4.109144210815429688e-03
4.333297993153253924e-01,4.000663757324218750e-03
1.081891810818918082e-01,3.491463661193847656e-01
1.177882211778822075e-01,1.205635070800781250e-02
1.195880411958804151e-01,1.554624509811401367e+01
4.119014739990234375e-01,1.612663269042968750e-03
1.584116348274165476e-01,4.013061523437500000e-03
1.120588714261568919e-01,4.014015197753906250e-03
3.398660133986601273e-01,3.469800949096679688e-01
3.464653534646535138e-01,1.202893257141113281e-02
4.236576342365763193e-01,1.497572064399719238e+01
7.482776641845703125e-01,1.591205596923828125e-03
3.575224232276920655e-01,4.037380218505859375e-03
3.199274517368780879e-01,4.000902175903320312e-03
3.088691130886911385e-01,3.472998142242431641e-01
3.044695530446955289e-01,1.198196411132812500e-02
2.813718628137186206e-01,1.557198214530944824e+01
1.315879821777343750e-01,1.712322235107421875e-03
3.090831417661917824e-01,4.055500030517578125e-03
2.955657370193588429e-01,4.004001617431640625e-03
7.975202479752024898e-01,3.499453067779541016e-01
7.857214278572143273e-01,1.330304145812988281e-02
8.139186081391860395e-01,1.520208787918090820e+01
8.684120178222656250e-01,1.769304275512695312e-03
7.946085719598673380e-01,4.086732864379882812e-03
7.931000329372946966e-01,4.009246826171875000e-03
6.329367063293670492e-01,3.465147018432617188e-01
6.287371262873712174e-01,1.212215423583984375e-02
7.288271172882712090e-01,1.530984210968017578e+01
2.517223358154296875e-01,1.582384109497070312e-03
6.701888548962324776e-01,3.992795944213867188e-03
6.308198736578534138e-01,3.989458084106445312e-03
9.829017098290171450e-02,3.462302684783935547e-01
1.002899710028997138e-01,1.200795173645019531e-02
1.199880011998800122e-01,1.582054233551025391e+01
5.908966064453125000e-03,1.594305038452148438e-03
1.455454312391615268e-01,4.025936126708984375e-03
1.407309841122548755e-01,3.978490829467773438e-03
8.143185681431857059e-01,3.461511135101318359e-01
8.292170782921707284e-01,1.200747489929199219e-02
7.022297770222977187e-01,1.482985472679138184e+01
7.482776641845703125e-01,2.588748931884765625e-03
7.563885073180489638e-01,4.260063171386718750e-03
7.998337951918514932e-01,4.019975662231445312e-03
7.469253074692530636e-02,3.477203845977783203e-01
7.509249075092490344e-02,1.257109642028808594e-02
5.249475052494750188e-02,1.457235479354858398e+01
2.517223358154296875e-01,1.695632934570312500e-03
7.994057583676672518e-02,4.062414169311523438e-03
4.835946539247715226e-02,3.987550735473632812e-03
9.466053394660534082e-01,3.468501567840576172e-01
9.414058594140586322e-01,1.215744018554687500e-02
9.268073192680731376e-01,1.572119474411010742e+01
7.482776641845703125e-01,1.716852188110351562e-03
8.467656723417653630e-01,4.068136215209960938e-03
9.237166811445804981e-01,3.977537155151367188e-03
5.656434356564343791e-01,4.289543628692626953e-01
5.583441655834416872e-01,1.215028762817382812e-02
6.016398360163983661e-01,1.629838705062866211e+01
4.119014739990234375e-01,9.809494018554687500e-03
5.711575126115335799e-01,4.110336303710937500e-03
5.517178980969995594e-01,1.205205917358398438e-02
8.890110988901109845e-01,3.572831153869628906e-01
8.784121587841215995e-01,1.206302642822265625e-02
7.272272772722727652e-01,1.560829138755798340e+01
7.482776641845703125e-01,2.528429031372070312e-03
8.638898342992841206e-01,4.221200942993164062e-03
8.958781372267133891e-01,4.015445709228515625e-03
4.904509549045095729e-01,3.491735458374023438e-01
5.013498650134986523e-01,1.252484321594238281e-02
6.833316668333166977e-01,1.619155120849609375e+01
2.517223358154296875e-01,1.607656478881835938e-03
5.294868494498348177e-01,4.045486450195312500e-03
5.645417353068271638e-01,3.989934921264648438e-03
6.297370262973702726e-01,3.481109142303466797e-01
6.329367063293670492e-01,1.203298568725585938e-02
7.130286971302869370e-01,1.532736659049987793e+01
1.315879821777343750e-01,1.611232757568359375e-03
6.613943965211025455e-01,4.019021987915039062e-03
6.207533569746122026e-01,4.005193710327148438e-03
4.425557444255574513e-01,3.494713306427001953e-01
4.552544745525447523e-01,1.202964782714843750e-02
6.179382061793821102e-01,1.526629853248596191e+01
1.315879821777343750e-01,1.677989959716796875e-03
3.984889447273574081e-01,4.080295562744140625e-03
4.674613420107311956e-01,4.003524780273437500e-03
4.937506249375062661e-01,3.471653461456298828e-01
4.828517148285171312e-01,1.209306716918945312e-02
4.438556144385561453e-01,1.406900835037231445e+01
5.880985260009765625e-01,2.427101135253906250e-03
4.742256505933131194e-01,4.169940948486328125e-03
4.846505041341638287e-01,4.040002822875976562e-03
2.588741125887411010e-01,3.477046489715576172e-01
2.654734526547345430e-01,1.254916191101074219e-02
2.343765623437656098e-01,1.484256315231323242e+01
2.517223358154296875e-01,1.600027084350585938e-03
2.433402106325871506e-01,4.028081893920898438e-03
2.349409883289630407e-01,4.000663757324218750e-03
5.478452154784521078e-01,3.490443229675292969e-01
5.354464553544645566e-01,1.207399368286132812e-02
6.552344765523447911e-01,1.609096765518188477e+01
2.517223358154296875e-01,1.603841781616210938e-03
4.997674521788216806e-01,4.030227661132812500e-03
5.662367799082352882e-01,3.984451293945312500e-03
9.549045095490450441e-01,3.483560085296630859e-01
9.614038596140386250e-01,1.199293136596679688e-02
9.811018898110188680e-01,1.521453309059143066e+01
5.880985260009765625e-01,1.691341400146484375e-03
9.914605537584952888e-01,1.206564903259277344e-02
9.415225587210699354e-01,4.005432128906250000e-03
5.329467053294670298e-02,4.251933097839355469e-01
5.709429057094290300e-02,1.206135749816894531e-02
2.779722027797220177e-02,1.478742599487304688e+01
5.765914916992187500e-02,2.520322799682617188e-03
1.047617256109441564e-01,4.238367080688476562e-03
5.065619014910530127e-02,4.024028778076171875e-03
9.295070492950704422e-01,3.486084938049316406e-01
9.217078292170782783e-01,1.254796981811523438e-02
8.246175382461753411e-01,1.605383515357971191e+01
9.423408508300781250e-01,1.635789871215820312e-03
9.135633508865921293e-01,4.052877426147460938e-03
8.974856434775582148e-01,3.980875015258789062e-03
4.988501149885011254e-01,4.195928573608398438e-01
5.117488251174882041e-01,1.203608512878417969e-02
6.534346565343465141e-01,1.526618313789367676e+01
7.482776641845703125e-01,1.597881317138671875e-03
4.531888667232609746e-01,4.025459289550781250e-03
4.544113619146800120e-01,3.995656967163085938e-03
3.831616838316168616e-01,3.461880683898925781e-01
3.802619738026197238e-01,1.202058792114257812e-02
5.864413558644135938e-01,1.572125744819641113e+01
7.482776641845703125e-01,1.695632934570312500e-03
4.317554964223806468e-01,4.062175750732421875e-03
3.976017858525449089e-01,3.970384597778320312e-03
5.598440155984401034e-01,3.454785346984863281e-01
5.732426757324267097e-01,1.204967498779296875e-02
6.182381761823817490e-01,1.541382193565368652e+01
7.482776641845703125e-01,2.462387084960937500e-03
5.423615460414675793e-01,4.206657409667968750e-03
5.193060992755482719e-01,4.009246826171875000e-03
1.504849515048495012e-01,3.604621887207031250e-01
1.603839616038396088e-01,1.254224777221679688e-02
1.496850314968503071e-01,1.513336038589477539e+01
1.315879821777343750e-01,1.609802246093750000e-03
2.090747778979830107e-01,4.023551940917968750e-03
1.180655369143028266e-01,4.006624221801757812e-03
6.245375462453754967e-01,3.482654094696044922e-01
6.342365763423657432e-01,1.205253601074218750e-02
6.199380061993801094e-01,1.582732534408569336e+01
1.315879821777343750e-01,1.611709594726562500e-03
6.395827967198285391e-01,4.041433334350585938e-03
5.896978408876617506e-01,3.993749618530273438e-03
6.592340765923407897e-01,4.288392066955566406e-01
6.694330566943306193e-01,1.202249526977539062e-02
5.698430156984302108e-01,1.593575620651245117e+01
7.482776641845703125e-01,1.736164093017578125e-03
5.555724817389675607e-01,4.083871841430664062e-03
6.833412688009862235e-01,4.018783569335937500e-03
7.699230076992301039e-03,3.488659858703613281e-01
8.799120087991201683e-03,1.212859153747558594e-02
4.599540045995400422e-02,1.571413803100585938e+01
5.908966064453125000e-03,2.509832382202148438e-03
2.555912453591845795e-02,4.215240478515625000e-03
4.138447451904736681e-03,4.033088684082031250e-03
1.189881011898810126e-01,3.477241992950439453e-01
1.201879812018798177e-01,1.254653930664062500e-02
1.287871212878712035e-01,1.638049817085266113e+01
5.765914916992187500e-02,1.738548278808593750e-03
1.457175170578220991e-01,4.101037979125976562e-03
1.264124460876228651e-01,3.988981246948242188e-03
2.199780021997800317e-01,3.460416793823242188e-01
2.282771722827717231e-01,1.214003562927246094e-02
1.639836016398360241e-01,1.561665558815002441e+01
2.517223358154296875e-01,1.625061035156250000e-03
2.289802757002891154e-01,4.043102264404296875e-03
2.714289200278475200e-01,3.995180130004882812e-03
3.288671132886711312e-01,3.522527217864990234e-01
3.472652734726527357e-01,1.246690750122070312e-02
3.942605739426057188e-01,1.573882842063903809e+01
1.315879821777343750e-01,1.608371734619140625e-03
3.753876696381706068e-01,4.338979721069335938e-03
3.199910112488867364e-01,4.004955291748046875e-03
7.230276972302769334e-01,3.524029254913330078e-01
7.155284471552845194e-01,1.206302642822265625e-02
6.099390060993901130e-01,1.578454995155334473e+01
2.517223358154296875e-01,2.489089965820312500e-03
7.318023207197776880e-01,4.218816757202148438e-03
6.749164144702979318e-01,4.034519195556640625e-03
4.549545045495450579e-01,3.468108177185058594e-01
4.580541945805419735e-01,1.250410079956054688e-02
5.632436756324367133e-01,1.541906666755676270e+01
4.119014739990234375e-01,1.590013504028320312e-03
4.798073505089836543e-01,4.032135009765625000e-03
4.590947572267249366e-01,3.997802734375000000e-03
3.838616138386161114e-01,3.473021984100341797e-01
3.901609839016098591e-01,1.202011108398437500e-02
4.368563143685631478e-01,1.568331623077392578e+01
5.765914916992187500e-02,1.674413681030273438e-03
4.177118018273585642e-01,1.607418060302734375e-02
3.548408463620729147e-01,3.998994827270507812e-03
9.572042795720427932e-01,4.215226173400878906e-01
9.514048595140486286e-01,1.206588745117187500e-02
9.572042795720427932e-01,1.674814486503601074e+01
9.423408508300781250e-01,1.627683639526367188e-03
9.017569954841759827e-01,4.048824310302734375e-03
9.728759963773891961e-01,4.014015197753906250e-03
2.499750024997500139e-02,3.456914424896240234e-01
2.999700029997000306e-02,1.203584671020507812e-02
3.729627037296270181e-02,1.509327721595764160e+01
2.517223358154296875e-01,2.453327178955078125e-03
7.427979665835270084e-02,4.205942153930664062e-03
3.537036917675055736e-02,4.011631011962890625e-03
1.130886911308869175e-01,3.472726345062255859e-01
1.200879912008799150e-01,1.250195503234863281e-02
1.444855514448555034e-01,1.532062935829162598e+01
2.069473266601562500e-02,1.597166061401367188e-03
1.568653560820379433e-01,4.012107849121093750e-03
8.828207381404912235e-02,3.963232040405273438e-03
9.563043695630436547e-01,3.458468914031982422e-01
9.526047395260474060e-01,1.202297210693359375e-02
8.839116088391161252e-01,1.533615946769714355e+01
5.880985260009765625e-01,1.662492752075195312e-03
9.238814913767759984e-01,4.031181335449218750e-03
9.491442704904429206e-01,3.975152969360351562e-03
9.368063193680632450e-01,3.468101024627685547e-01
9.288071192880712479e-01,1.210474967956542969e-02
8.863113688631136800e-01,1.523011517524719238e+01
9.423408508300781250e-01,1.578092575073242188e-03
9.229430722269255094e-01,4.031658172607421875e-03
9.289266797779737184e-01,3.979682922363281250e-03
6.202379762023797483e-01,3.487205505371093750e-01
6.208379162083791369e-01,1.199507713317871094e-02
3.975602439756024120e-01,1.535930347442626953e+01
2.517223358154296875e-01,2.449035644531250000e-03
6.322730907612108542e-01,4.193305969238281250e-03
5.867864758285004090e-01,3.993511199951171875e-03
5.713428657134286270e-01,3.482980728149414062e-01
5.779422057794220136e-01,1.244640350341796875e-02
7.268273172682732097e-01,1.541857886314392090e+01
2.517223358154296875e-01,1.592397689819335938e-03
5.760195794439142425e-01,3.999233245849609375e-03
5.143154974027932536e-01,3.964185714721679688e-03
4.061593840615938533e-01,3.461630344390869141e-01
4.178582141785821547e-01,1.203799247741699219e-02
3.113688631136886098e-01,1.649335837364196777e+01
8.684120178222656250e-01,1.717329025268554688e-03
4.100314798513368664e-01,4.066228866577148438e-03
4.144515374603833791e-01,4.027605056762695312e-03
5.303469653034696973e-01,3.537087440490722656e-01
5.219478052194780338e-01,1.241803169250488281e-02
4.377562243775622308e-01,1.553489804267883301e+01
7.482776641845703125e-01,1.603841781616210938e-03
5.393870926635794261e-01,4.014492034912109375e-03
5.404800835908317724e-01,3.974437713623046875e-03
4.827517248275172701e-01,3.611261844635009766e-01
5.039496050394960402e-01,1.199913024902343750e-02
3.194680531946805235e-01,1.511492419242858887e+01
5.880985260009765625e-01,2.450227737426757812e-03
4.615999087276496660e-01,4.222393035888671875e-03
4.929221346456445496e-01,4.027128219604492188e-03
8.931106889311068997e-01,3.495709896087646484e-01
8.927107289271073443e-01,1.252722740173339844e-02
8.323167683231676994e-01,1.492096829414367676e+01
4.119014739990234375e-01,1.672267913818359375e-03
8.676447540346471365e-01,4.051685333251953125e-03
9.036248392009773589e-01,3.983497619628906250e-03
9.380061993800620224e-01,3.480098247528076172e-01
9.373062693730627171e-01,1.209306716918945312e-02
8.653134686531346320e-01,1.543038249015808105e+01
9.793052673339843750e-01,1.743793487548828125e-03
9.355944768442546744e-01,4.078388214111328125e-03
9.519051525280579629e-01,4.016637802124023438e-03
3.781621837816218634e-01,3.475103378295898438e-01
3.698630136986301165e-01,1.210069656372070312e-02
2.940705929407059216e-01,1.580569648742675781e+01
2.517223358154296875e-01,1.668453216552734375e-03
4.574923531985874425e-01,4.052162170410156250e-03
3.730087657270333423e-01,3.998517990112304688e-03
2.164783521647835329e-01,3.484935760498046875e-01
2.173782621737826160e-01,1.212406158447265625e-02
1.650834916508349126e-01,1.609569859504699707e+01
4.119014739990234375e-01,2.637863159179687500e-03
4.144242689606237873e-01,4.239082336425781250e-03
2.076460995550018507e-01,4.032611846923828125e-03
1.366863313668633118e-01,3.479537963867187500e-01
1.534846515348465279e-01,1.258397102355957031e-02
1.981801819818018173e-01,1.514079737663269043e+01
5.765914916992187500e-02,1.675605773925781250e-03
1.266694699881493191e-01,4.079818725585937500e-03
8.542162263719094151e-02,4.004478454589843750e-03
7.999200079992001234e-04,3.471522331237792969e-01
9.999000099990000730e-04,1.206660270690917969e-02
3.099690030996900356e-03,1.557077932357788086e+01
2.012252807617187500e-04,1.668930053710937500e-03
3.412641178775559572e-03,4.032611846923828125e-03
3.325059375105834849e-03,3.989219665527343750e-03
8.698130186981302137e-01,3.688657283782958984e-01
8.740125987401259344e-01,1.208853721618652344e-02
8.372162783721628365e-01,1.516777062416076660e+01
5.880985260009765625e-01,1.588582992553710938e-03
8.208772611597847657e-01,1.197290420532226562e-02
8.509039551286392555e-01,3.978729248046875000e-03
1.775822417758224081e-01,4.217855930328369141e-01
1.819818018198180176e-01,1.203227043151855469e-02
2.327767223277672215e-01,1.544052600860595703e+01
5.765914916992187500e-02,2.498149871826171875e-03
1.740490544891099001e-01,4.199504852294921875e-03
1.135730411403373941e-01,4.009962081909179688e-03
6.378362163783621863e-01,3.496150970458984375e-01
6.421357864213578237e-01,1.252412796020507812e-02
6.921307869213079167e-01,1.609812569618225098e+01
2.517223358154296875e-01,1.652240753173828125e-03
6.244191245726917749e-01,4.055738449096679688e-03
6.489709218477901498e-01,3.987073898315429688e-03
8.910108989101089838e-01,3.489472866058349609e-01
8.918108189181082057e-01,1.204633712768554688e-02
8.797120287971202934e-01,1.546659803390502930e+01
2.517223358154296875e-01,1.586437225341796875e-03
8.592787667589770750e-01,4.017114639282226562e-03
9.067172969140326888e-01,3.983259201049804688e-03
1.247875212478752188e-01,3.492593765258789062e-01
1.308869113088691194e-01,1.203036308288574219e-02
1.270872912708729263e-01,1.620475268363952637e+01
5.765914916992187500e-02,1.589298248291015625e-03
2.011031782389579026e-01,4.020690917968750000e-03
1.525861337776000526e-01,3.996133804321289062e-03
6.701329867013298136e-01,3.473894596099853516e-01
6.724327567243275627e-01,1.200079917907714844e-02
4.517548245175482258e-01,1.640173792839050293e+01
5.880985260009765625e-01,2.438068389892578125e-03
6.521939443034585615e-01,1.221537590026855469e-02
7.178289718272315989e-01,4.038333892822265625e-03
9.647035296470353183e-01,4.913945198059082031e-01
9.610038996100389586e-01,1.246762275695800781e-02
9.201079892010799455e-01,1.532585859298706055e+01
7.482776641845703125e-01,1.741886138916015625e-03
9.466775044874887746e-01,4.062891006469726562e-03
9.566307721081291904e-01,3.974437713623046875e-03
2.759724027597240323e-02,3.467411994934082031e-01
3.139686031396859978e-02,1.211094856262207031e-02
2.769723027697230250e-02,1.577831268310546875e+01
2.517223358154296875e-01,1.615047454833984375e-03
5.778053058626717031e-02,4.035234451293945312e-03
6.084081699561023904e-02,3.992080688476562500e-03
1.069893010698930169e-02,3.784456253051757812e-01
1.229877012298770042e-02,1.209831237792968750e-02
1.019898010198980187e-02,1.564633560180664062e+01
4.119014739990234375e-01,1.598834991455078125e-03
1.755292176551453975e-02,4.029512405395507812e-03
1.154259461485932989e-02,3.985404968261718750e-03
3.693630636936306444e-01,3.471453189849853516e-01
3.702629737026297274e-01,1.203060150146484375e-02
4.612538746125387501e-01,1.523555803298950195e+01
8.684120178222656250e-01,2.577781677246093750e-03
4.853938955176168024e-01,4.239082336425781250e-03
3.650017865587057431e-01,4.017591476440429688e-03
1.155884411558844166e-01,3.481199741363525391e-01
1.209879012098790119e-01,1.252889633178710938e-02
2.819718028197180093e-01,1.549954915046691895e+01
7.482776641845703125e-01,1.580238342285156250e-03
4.409373650898792407e-01,4.019498825073242188e-03
1.237314085277409492e-01,3.974914550781250000e-03
3.838616138386161114e-01,3.479027748107910156e-01
4.099590040995900186e-01,1.203727722167968750e-02
5.126487351264873427e-01,1.490326833724975586e+01
4.119014739990234375e-01,9.611606597900390625e-03
4.059893367179803203e-01,4.048585891723632812e-03
3.248685049261335611e-01,1.198267936706542969e-02
1.052894710528947120e-01,4.757249355316162109e-01
1.108889111088891127e-01,1.199316978454589844e-02
1.195880411958804151e-01,1.553121638298034668e+01
1.315879821777343750e-01,1.602172851562500000e-03
1.218138028009722040e-01,4.042863845825195312e-03
9.507623200864728785e-02,3.976821899414062500e-03
7.272272772722727652e-01,3.486018180847167969e-01
7.238276172382761553e-01,1.198148727416992188e-02
5.957404259574042849e-01,1.568219041824340820e+01
7.482776641845703125e-01,2.538919448852539062e-03
6.584256070842897657e-01,4.191637039184570312e-03
6.937369952201057899e-01,3.998994827270507812e-03
1.325867413258674243e-01,3.467197418212890625e-01
1.485851414858514186e-01,1.252365112304687500e-02
6.639336066393360103e-02,1.503019380569458008e+01
2.517223358154296875e-01,1.733541488647460938e-03
1.650120550182012646e-01,4.087686538696289062e-03
1.144204366479396606e-01,3.975391387939453125e-03
8.419158084191580294e-02,3.479235172271728516e-01
9.989001099890011670e-02,1.214909553527832031e-02
9.109089091090891155e-02,1.529101419448852539e+01
5.765914916992187500e-02,1.665592193603515625e-03
3.633059409608060397e-01,4.056453704833984375e-03
7.655468083967950643e-02,3.982543945312500000e-03
9.619038096190381248e-02,3.475630283355712891e-01
9.989001099890011670e-02,1.207351684570312500e-02
2.089791020897910079e-01,1.472911834716796875e+01
2.069473266601562500e-02,1.729011535644531250e-03
1.491779450798070839e-01,4.057645797729492188e-03
1.284174332858063483e-01,3.996372222900390625e-03
4.733526647335266624e-01,3.485250473022460938e-01
4.669533046695330536e-01,1.204705238342285156e-02
5.745425457454254037e-01,1.510615873336791992e+01
5.880985260009765625e-01,2.609729766845703125e-03
4.620612627731984778e-01,4.253864288330078125e-03
3.609765727665429358e-01,4.024744033813476562e-03
9.910008999100089477e-01,3.652238845825195312e-01
9.901009899010099202e-01,1.258015632629394531e-02
9.568043195680432378e-01,1.556784868240356445e+01
7.482776641845703125e-01,1.590251922607421875e-03
9.095023391951240210e-01,4.040002822875976562e-03
9.901646925859994841e-01,3.970384597778320312e-03
8.803119688031196821e-01,5.242288112640380859e-01
8.752124787521248228e-01,2.006244659423828125e-02
8.893110688931107344e-01,1.599142479896545410e+01
7.482776641845703125e-01,1.574754714965820312e-03
8.565612261442286934e-01,3.976821899414062500e-03
8.721454489603400750e-01,3.977775573730468750e-03
7.307269273072692917e-01,3.476421833038330078e-01
7.434256574342565926e-01,1.200199127197265625e-02
7.683231676832317225e-01,1.542667317390441895e+01
1.315879821777343750e-01,1.596689224243164062e-03
7.290262214941243268e-01,3.983736038208007812e-03
7.733318695489186378e-01,3.975391387939453125e-03
8.323167683231676994e-01,3.460423946380615234e-01
8.282171782821717843e-01,1.201057434082031250e-02
7.314268573142685970e-01,1.524284863471984863e+01
4.119014739990234375e-01,2.583980560302734375e-03
7.285996553014748578e-01,4.242658615112304688e-03
7.724726789847006225e-01,4.053592681884765625e-03
7.528247175282472003e-01,3.488759994506835938e-01
7.435256474352565093e-01,1.262736320495605469e-02
5.725427457254274044e-01,1.526100659370422363e+01
5.880985260009765625e-01,1.599788665771484375e-03
7.055720879659376221e-01,4.034280776977539062e-03
7.518937926068968158e-01,4.154205322265625000e-03
1.487851214878512240e-01,3.492600917816162109e-01
1.506849315068493067e-01,1.203179359436035156e-02
1.971802819718028177e-01,1.540559291839599609e+01
4.119014739990234375e-01,1.591444015502929688e-03
1.994657536325981639e-01,4.030942916870117188e-03
8.660766848072315449e-02,4.000425338745117188e-03
3.467653234676532081e-01,3.488531112670898438e-01
3.468653134686531248e-01,1.201796531677246094e-02
2.935706429357064495e-01,1.537136697769165039e+01
4.119014739990234375e-01,1.585006713867187500e-03
3.430846682627554656e-01,4.028558731079101562e-03
3.898843914128914401e-01,3.988027572631835938e-03
6.456354364563543502e-01,3.476073741912841797e-01
6.591340865913408731e-01,1.197290420532226562e-02
6.238376162383761914e-01,1.531392645835876465e+01
5.880985260009765625e-01,2.505302429199218750e-03
6.299898588513954678e-01,4.207372665405273438e-03
6.207101931577225784e-01,4.021883010864257812e-03
8.070192980701930141e-01,3.496167659759521484e-01
8.101189881011898741e-01,1.250743865966796875e-02
7.038296170382961625e-01,1.509493374824523926e+01
9.423408508300781250e-01,1.607656478881835938e-03
8.052769461322248912e-01,4.079580307006835938e-03
7.562665389503273605e-01,3.994703292846679688e-03
5.377462253774623058e-01,3.962807655334472656e-01
5.423457654234576930e-01,1.205277442932128906e-02
5.469453054694530802e-01,1.600245380401611328e+01
5.765914916992187500e-02,1.607179641723632812e-03
4.989805764756756745e-01,3.998517990112304688e-03
5.121852948763336855e-01,3.997564315795898438e-03
4.675532446755324423e-01,3.503260612487792969e-01
4.846515348465153528e-01,1.203727722167968750e-02
5.076492350764924000e-01,1.493278574943542480e+01
2.517223358154296875e-01,1.663684844970703125e-03
4.695270310049124429e-01,4.032611846923828125e-03
3.985737708867209128e-01,3.987789154052734375e-03
9.768023197680232306e-01,3.487925529479980469e-01
9.803019698030196460e-01,1.201939582824707031e-02
9.736026397360263429e-01,1.540567994117736816e+01
4.119014739990234375e-01,2.556324005126953125e-03
9.526080322808704315e-01,4.224777221679687500e-03
9.799177745221407942e-01,4.019498825073242188e-03
5.402459754024597771e-01,3.499603271484375000e-01
5.508449155084491622e-01,1.254034042358398438e-02
6.226377362263774140e-01,1.502007412910461426e+01
2.517223358154296875e-01,1.591444015502929688e-03
5.122208511437055245e-01,4.016160964965820312e-03
5.198555063207571658e-01,3.989458084106445312e-03
4.200579942005799317e-01,3.473012447357177734e-01
4.395560443955604524e-01,1.203942298889160156e-02
4.128587141285871565e-01,1.517613101005554199e+01
1.315879821777343750e-01,1.580953598022460938e-03
4.292937821834045264e-01,4.022359848022460938e-03
4.420983529843852122e-01,3.963470458984375000e-03
8.078192180781922360e-01,3.462114334106445312e-01
8.146185381461853448e-01,1.201653480529785156e-02
8.044195580441956261e-01,1.521196532249450684e+01
5.880985260009765625e-01,1.754283905029296875e-03
7.365221547350460085e-01,4.081010818481445312e-03
8.421631808902043659e-01,3.998994827270507812e-03
4.559544045595440576e-01,4.535555839538574219e-01
4.520547945205479201e-01,1.210069656372070312e-02
3.425657434256574319e-01,1.653486299514770508e+01
5.880985260009765625e-01,2.550840377807617188e-03
4.108599989635436378e-01,4.235744476318359375e-03
4.443069204831696095e-01,4.025936126708984375e-03
8.581141885811418568e-01,3.497834205627441406e-01
8.507149285071492484e-01,1.256966590881347656e-02
8.011198880111989329e-01,1.494310021400451660e+01
5.880985260009765625e-01,1.722574234008789062e-03
8.584064564892072147e-01,4.032850265502929688e-03
8.302972122942278155e-01,3.995656967163085938e-03
1.579842015798420263e-01,3.465988636016845703e-01
1.596840315968403035e-01,1.214742660522460938e-02
8.429157084291570567e-02,1.527963685989379883e+01
2.069473266601562500e-02,1.581907272338867188e-03
1.609471296692360220e-01,4.011869430541992188e-03
1.664601957994656378e-01,3.993749618530273438e-03
9.829017098290171450e-02,3.491730690002441406e-01
1.063893610638936144e-01,1.204347610473632812e-02
1.377862213778622003e-01,1.549596595764160156e+01
2.517223358154296875e-01,1.586198806762695312e-03
1.929648203820106822e-01,4.040241241455078125e-03
1.345463777315414333e-01,3.984451293945312500e-03
2.034796520347965099e-01,3.481285572052001953e-01
2.038796120387961208e-01,1.200962066650390625e-02
2.811718828117188429e-01,1.538462138175964355e+01
4.119014739990234375e-01,2.544164657592773438e-03
2.039792105245900600e-01,4.220724105834960938e-03
1.626311023105295739e-01,4.009723663330078125e-03
5.108489151084891766e-01,3.477156162261962891e-01
5.155484451554844805e-01,1.252675056457519531e-02
4.401559844015598411e-01,1.540570378303527832e+01
5.880985260009765625e-01,1.617908477783203125e-03
5.249187039448867109e-01,4.045963287353515625e-03
5.410599546600792786e-01,3.986597061157226562e-03
4.386561343865613694e-01,3.475346565246582031e-01
4.562543745625437519e-01,1.204156875610351562e-02
3.103689631036896102e-01,1.612503504753112793e+01
4.119014739990234375e-01,1.584529876708984375e-03
4.261075188462458141e-01,4.014015197753906250e-03
4.574897987178146996e-01,3.985404968261718750e-03
3.435656434356564315e-01,3.465533256530761719e-01
3.459654034596540417e-01,1.203417778015136719e-02
3.775622437756224192e-01,1.477702188491821289e+01
5.765914916992187500e-02,1.684904098510742188e-03
3.202818921218749115e-01,4.082918167114257812e-03
2.722053743993447794e-01,3.999233245849609375e-03
2.790720927907209270e-01,3.475651741027832031e-01
2.909709029097090061e-01,1.208257675170898438e-02
3.089691030896910551e-01,1.591972589492797852e+01
2.069473266601562500e-02,2.496242523193359375e-03
3.933427858677746025e-01,4.210948944091796875e-03
2.648981081701660689e-01,4.034996032714843750e-03
8.796120387961203768e-01,3.645615577697753906e-01
8.859114088591141245e-01,2.046012878417968750e-02
8.622137786221377720e-01,1.526437640190124512e+01
8.684120178222656250e-01,1.602888107299804688e-03
7.516561385677302809e-01,4.038572311401367188e-03
9.193631574164062847e-01,3.978729248046875000e-03
3.314668533146685192e-01,3.484365940093994141e-01
3.320667933206679079e-01,1.202297210693359375e-02
3.790620937906209464e-01,1.569937133789062500e+01
4.119014739990234375e-01,1.598119735717773438e-03
3.299224796592484243e-01,4.024505615234375000e-03
2.899999698335646858e-01,3.963947296142578125e-03
6.849315068493150305e-02,3.461503982543945312e-01
7.249275072492750160e-02,1.203083992004394531e-02
7.419258074192580654e-02,1.598222494125366211e+01
4.119014739990234375e-01,1.617193222045898438e-03
9.261465217557846019e-02,4.049301147460937500e-03
6.168886854548086968e-02,4.002571105957031250e-03
3.848615138486151110e-01,3.477966785430908203e-01
3.901609839016098591e-01,1.200819015502929688e-02
5.037496250374962070e-01,1.563332962989807129e+01
1.315879821777343750e-01,2.503871917724609375e-03
3.992799914778433767e-01,4.218816757202148438e-03
4.854423972663547415e-01,4.018306732177734375e-03
3.200679932006799122e-01,3.495092391967773438e-01
3.109689031096890544e-01,1.250219345092773438e-02
5.213478652134786451e-01,1.519128155708312988e+01
2.517223358154296875e-01,1.600980758666992188e-03
3.609769764330471031e-01,4.045963287353515625e-03
2.943308513650036984e-01,1.184010505676269531e-02
3.726627337266273376e-01,6.432838439941406250e-01
3.672632736726327285e-01,2.002763748168945312e-02
5.362463753624637786e-01,1.531588578224182129e+01
1.315879821777343750e-01,1.649618148803710938e-03
3.343287055846784206e-01,4.049777984619140625e-03
3.098356164257660139e-01,4.019975662231445312e-03
1.444855514448555034e-01,4.301266670227050781e-01
1.689831016898310223e-01,1.225519180297851562e-02
2.829717028297170089e-01,1.538556742668151855e+01
2.069473266601562500e-02,1.580715179443359375e-03
1.372808478840297219e-01,4.001617431640625000e-03
1.312371546115851384e-01,3.948450088500976562e-03
1.233876612338766082e-01,3.474121093750000000e-01
1.199880011998800122e-01,1.199245452880859375e-02
1.223877612238776086e-01,1.530923938751220703e+01
1.315879821777343750e-01,2.474784851074218750e-03
1.477501143926170935e-01,4.207372665405273438e-03
1.582860090737327474e-01,4.015684127807617188e-03
8.976102389761023703e-01,3.621776103973388672e-01
8.966103389661034262e-01,1.246905326843261719e-02
9.014098590140985356e-01,1.552403664588928223e+01
8.684120178222656250e-01,1.664161682128906250e-03
9.055329977198427471e-01,4.042863845825195312e-03
9.175612932039283187e-01,4.005908966064453125e-03
6.394360563943605191e-01,3.701553344726562500e-01
6.426357364263574068e-01,1.241421699523925781e-02
6.422357764223577403e-01,1.566488409042358398e+01
5.880985260009765625e-01,1.736164093017578125e-03
5.757887749214529727e-01,4.061460494995117188e-03
7.079052449742722075e-01,3.964424133300781250e-03
7.160283971602839914e-01,3.488726615905761719e-01
7.280271972802719871e-01,1.212620735168457031e-02
6.839316068393160863e-01,1.525184011459350586e+01
1.315879821777343750e-01,2.566099166870117188e-03
7.087969969030993855e-01,1.224756240844726562e-02
6.838462295790213030e-01,4.036426544189453125e-03
9.883011698830117542e-01,4.024930000305175781e-01
9.855014498550145330e-01,1.260685920715332031e-02
9.925007499250074749e-01,1.720057010650634766e+01
4.119014739990234375e-01,1.741409301757812500e-03
9.934046070919111404e-01,4.073619842529296875e-03
9.921089941857443861e-01,4.011869430541992188e-03
9.684031596840315670e-01,4.442508220672607422e-01
9.653034696530347070e-01,1.213407516479492188e-02
9.714028597140286214e-01,1.600669956207275391e+01
9.423408508300781250e-01,1.631736755371093750e-03
8.365232101268782472e-01,4.020690917968750000e-03
9.765307522546978758e-01,3.981351852416992188e-03
3.699630036996300331e-01,3.470580577850341797e-01
3.787621237876212521e-01,1.207470893859863281e-02
4.577542245775422236e-01,1.523089671134948730e+01
4.119014739990234375e-01,1.692056655883789062e-03
3.966551248036919719e-01,4.046440124511718750e-03
3.307797301642391719e-01,4.000663757324218750e-03
3.236676332366763553e-01,3.735947608947753906e-01
3.208679132086791341e-01,2.804493904113769531e-02
3.692630736926307278e-01,1.641658544540405273e+01
5.765914916992187500e-02,2.490520477294921875e-03
3.113429159177220074e-01,4.202604293823242188e-03
3.137554249248757365e-01,3.996133804321289062e-03
8.190180981901810098e-01,3.494257926940917969e-01
8.462153784621537778e-01,1.248621940612792969e-02
8.575142485751424681e-01,1.503103899955749512e+01
2.517223358154296875e-01,1.607894897460937500e-03
7.855632083166741442e-01,4.027605056762695312e-03
7.850336334577280306e-01,3.971099853515625000e-03
7.871212878712128269e-01,3.570890426635742188e-01
7.632236776322367522e-01,1.207065582275390625e-02
7.445255474452554534e-01,1.562360334396362305e+01
7.482776641845703125e-01,1.660585403442382812e-03
7.546645601796968528e-01,4.045486450195312500e-03
8.288414777971080394e-01,4.002809524536132812e-03
6.916308369163083336e-01,3.473682403564453125e-01
6.856314368563143358e-01,1.205611228942871094e-02
6.065393460653935032e-01,1.570427012443542480e+01
8.684120178222656250e-01,1.709699630737304688e-03
6.578886586750626320e-01,4.059314727783203125e-03
7.727731007510330041e-01,3.968238830566406250e-03
5.631436856314369077e-01,3.482615947723388672e-01
5.751424857514249034e-01,1.209163665771484375e-02
5.612438756124387140e-01,1.493158340454101562e+01
4.119014739990234375e-01,2.448081970214843750e-03
6.095503219797970829e-01,4.204750061035156250e-03
6.051108080358367225e-01,4.008054733276367188e-03
2.083791620837916192e-01,3.546938896179199219e-01
2.140785921407859227e-01,1.249074935913085938e-02
2.099790020997900075e-01,1.559020876884460449e+01
5.765914916992187500e-02,1.624107360839843750e-03
2.112056846586818915e-01,4.025697708129882812e-03
2.200892747331935628e-01,3.995418548583984375e-03
8.804119588041195987e-01,3.668298721313476562e-01
8.731126887311269069e-01,1.205849647521972656e-02
8.916108389161083725e-01,1.514939832687377930e+01
1.315879821777343750e-01,1.694440841674804688e-03
8.380702321352173634e-01,4.070281982421875000e-03
9.005170665662215468e-01,3.967285156250000000e-03
6.044395560443955873e-01,3.491511344909667969e-01
6.125387461253875010e-01,1.204848289489746094e-02
8.266173382661733404e-01,1.570956182479858398e+01
4.119014739990234375e-01,1.640081405639648438e-03
5.854252587411546971e-01,4.047393798828125000e-03
5.547153778502612598e-01,3.999471664428710938e-03
1.899810018998100225e-03,3.480939865112304688e-01
1.199880011998800131e-03,1.203632354736328125e-02
3.589641035896410509e-02,1.472094678878784180e+01
2.069473266601562500e-02,2.480745315551757812e-03
7.377183441980934321e-03,4.218816757202148438e-03
7.611499704509449996e-04,4.005908966064453125e-03
3.709629037096290327e-02,3.479199409484863281e-01
4.079592040795920749e-02,1.251125335693359375e-02
9.219078092190781393e-02,1.504661059379577637e+01
2.517223358154296875e-01,1.599073410034179688e-03
5.242472219969568359e-02,4.020214080810546875e-03
3.024428870477390008e-02,3.987789154052734375e-03
4.469553044695530331e-02,3.476462364196777344e-01
4.519548045195480312e-02,1.203060150146484375e-02
5.729427057294270847e-02,1.539437413215637207e+01
2.517223358154296875e-01,1.670837402343750000e-03
1.691655122086040408e-01,4.050731658935546875e-03
4.404659703472138532e-02,3.976583480834960938e-03
9.237076292370762776e-01,3.992509841918945312e-01
9.205079492050795009e-01,1.226210594177246094e-02
8.967103289671033428e-01,1.527921462059020996e+01
9.793052673339843750e-01,1.687526702880859375e-03
8.540135164490966213e-01,4.048824310302734375e-03
9.433159302671529911e-01,3.994703292846679688e-03
7.789221077892211076e-01,3.489573001861572266e-01
7.612238776122387529e-01,1.209425926208496094e-02
7.962203779622037958e-01,1.551506519317626953e+01
5.880985260009765625e-01,2.485036849975585938e-03
8.283313055117123014e-01,4.231214523315429688e-03
7.727989885862205366e-01,3.998756408691406250e-03
5.728427157284271543e-01,3.468430042266845703e-01
5.792420757924207075e-01,1.249575614929199219e-02
4.745525447455254398e-01,1.603061127662658691e+01
8.684120178222656250e-01,1.599550247192382812e-03
6.378202659796683438e-01,4.026889801025390625e-03
5.191103855350200913e-01,3.971338272094726562e-03
4.992500749925007364e-01,3.691263198852539062e-01
4.943505649435056548e-01,1.995229721069335938e-02
3.803619638036196404e-01,1.563499593734741211e+01
2.517223358154296875e-01,1.734018325805664062e-03
4.974396154870582287e-01,4.073143005371093750e-03
4.774289288711499046e-01,3.992319107055664062e-03
4.076592340765923250e-01,3.495459556579589844e-01
3.939606039396060244e-01,1.212382316589355469e-02
4.915508449155084336e-01,1.504511189460754395e+01
4.119014739990234375e-01,1.650094985961914062e-03
3.956957608406489468e-01,4.034280776977539062e-03
4.337390090580571789e-01,3.991127014160156250e-03
9.090090990900909773e-01,3.486778736114501953e-01
9.092090790920908105e-01,1.207876205444335938e-02
9.344065593440655793e-01,1.544734096527099609e+01
1.315879821777343750e-01,2.610921859741210938e-03
9.083714501201964886e-01,4.251241683959960938e-03
8.845890144696822999e-01,4.026174545288085938e-03
9.897010298970102538e-01,3.477625846862792969e-01
9.880011998800120043e-01,1.258516311645507812e-02
9.941005899410059188e-01,1.547521734237670898e+01
9.423408508300781250e-01,1.597642898559570312e-03
9.651357846812425034e-01,4.059553146362304688e-03
9.883211357646580764e-01,3.980875015258789062e-03
2.919708029197080057e-01,3.475458621978759766e-01
3.021697830216978353e-01,1.203203201293945312e-02
2.620737926207379331e-01,1.523084592819213867e+01
5.765914916992187500e-02,1.680612564086914062e-03
3.645118780198012831e-01,4.065990447998046875e-03
3.304673394460414526e-01,3.964662551879882812e-03
4.376562343765623697e-01,3.493678569793701172e-01
4.437556244375562287e-01,1.209330558776855469e-02
3.001699830016998360e-01,1.457362055778503418e+01
8.684120178222656250e-01,1.637458801269531250e-03
4.678005464641604716e-01,4.014015197753906250e-03
4.461089583289687410e-01,4.009962081909179688e-03
6.595340465953404285e-01,3.479874134063720703e-01
6.466353364663534053e-01,1.203489303588867188e-02
7.009299070092990247e-01,1.547844171524047852e+01
9.793052673339843750e-01,2.521991729736328125e-03
5.604361616720965333e-01,4.232883453369140625e-03
6.205612971076470696e-01,4.026651382446289062e-03
6.950304969503049435e-01,3.484797477722167969e-01
6.915308469153084170e-01,1.250791549682617188e-02
8.298170182981702281e-01,1.612099027633666992e+01
5.880985260009765625e-01,1.618862152099609375e-03
6.837426055819111337e-01,4.044055938720703125e-03
6.793505222835960478e-01,3.992795944213867188e-03
9.835016498350165337e-01,3.476390838623046875e-01
9.811018898110188680e-01,1.205515861511230469e-02
8.099190080991900409e-01,1.399293351173400879e+01
9.423408508300781250e-01,1.650810241699218750e-03
9.782278226881894190e-01,4.038095474243164062e-03
9.788587425420610666e-01,3.976106643676757812e-03
7.667233276672332787e-01,3.463118076324462891e-01
7.651234876512348348e-01,1.204895973205566406e-02
7.061293870612939116e-01,1.443153405189514160e+01
4.119014739990234375e-01,1.595973968505859375e-03
7.046097878535553249e-01,4.028320312500000000e-03
7.167959445486177250e-01,3.981828689575195312e-03
9.839016098390160336e-02,3.801975250244140625e-01
9.509049095090491011e-02,1.199460029602050781e-02
2.088791120887911190e-01,1.495170211791992188e+01
4.119014739990234375e-01,2.471446990966796875e-03
2.279795379914477116e-01,4.209995269775390625e-03
1.223571906486081162e-01,4.014492034912109375e-03
4.709529047095290522e-01,3.496365547180175781e-01
4.658534146585341373e-01,1.250028610229492188e-02
5.631436856314369077e-01,1.504225349426269531e+01
5.880985260009765625e-01,1.594781875610351562e-03
5.371212475930269292e-01,4.025936126708984375e-03
4.773272493571326658e-01,3.965616226196289062e-03
6.755324467553244228e-01,3.561856746673583984e-01
6.719328067193280907e-01,1.200222969055175781e-02
7.853214678532146609e-01,1.494513988494873047e+01
2.517223358154296875e-01,1.662492752075195312e-03
7.033912978948050343e-01,4.055976867675781250e-03
6.259095829469208949e-01,3.982067108154296875e-03
1.214878512148785117e-01,4.176898002624511719e-01
1.301869813018698141e-01,1.213479042053222656e-02
1.268873112688731208e-01,1.495151114463806152e+01
5.765914916992187500e-02,1.627445220947265625e-03
1.347914932145440337e-01,4.034757614135742188e-03
1.261147331206808886e-01,3.980636596679687500e-03
2.461753824617538278e-01,3.454043865203857422e-01
2.287771222877712229e-01,1.203250885009765625e-02
1.936806319368063189e-01,1.540289855003356934e+01
8.684120178222656250e-01,2.477407455444335938e-03
2.906935149255912565e-01,4.231452941894531250e-03
1.626983420604471431e-01,4.022836685180664062e-03
4.995500449955004307e-01,3.459794521331787109e-01
5.060493950604939561e-01,1.250123977661132812e-02
4.329567043295670659e-01,1.522193193435668945e+01
1.315879821777343750e-01,1.673460006713867188e-03
5.100951905667848729e-01,4.084587097167968750e-03
4.769595288960902790e-01,3.968477249145507812e-03
7.886211378862113541e-01,3.480110168457031250e-01
7.932206779322067414e-01,1.207447052001953125e-02
7.917208279172083252e-01,1.473713254928588867e+01
5.880985260009765625e-01,1.628160476684570312e-03
7.585684320118081247e-01,4.045248031616210938e-03
8.396329188838967950e-01,3.982067108154296875e-03
7.588241175882411982e-01,3.471901416778564453e-01
7.549245075492451162e-01,1.204204559326171875e-02
5.494450554944505516e-01,1.560289359092712402e+01
9.423408508300781250e-01,1.614570617675781250e-03
6.874048308842125588e-01,4.012107849121093750e-03
8.060630746500502264e-01,3.986358642578125000e-03
7.717228277172283324e-01,3.484537601470947266e-01
7.732226777322267486e-01,1.203489303588867188e-02
8.658134186581342151e-01,1.572524166107177734e+01
5.880985260009765625e-01,2.495288848876953125e-03
7.290528894759973344e-01,4.219055175781250000e-03
8.341330770800128303e-01,4.006862640380859375e-03
8.188181181881811765e-01,3.478121757507324219e-01
8.142185781421857893e-01,1.251626014709472656e-02
7.840215978402159669e-01,1.509466767311096191e+01
8.684120178222656250e-01,1.718997955322265625e-03
8.337731617875733248e-01,4.089832305908203125e-03
7.964521588260711216e-01,3.996610641479492188e-03
8.197180281971803151e-01,3.508169651031494141e-01
8.197180281971803151e-01,1.211309432983398438e-02
8.675132486751324645e-01,1.539044284820556641e+01
7.482776641845703125e-01,1.746177673339843750e-03
8.078289290359854657e-01,4.073858261108398438e-03
8.111538531061542878e-01,4.008531570434570312e-03
3.368663133686631284e-01,3.476572036743164062e-01
3.510648935106489565e-01,1.208615303039550781e-02
3.518648135186481229e-01,1.510346698760986328e+01
4.119014739990234375e-01,1.703262329101562500e-03
3.495009733062084956e-01,4.045724868774414062e-03
3.669807089296260871e-01,3.991365432739257812e-03
6.534346565343465141e-01,4.017996788024902344e-01
6.399360063993601022e-01,1.209020614624023438e-02
6.402359764023597410e-01,1.568855857849121094e+01
8.684120178222656250e-01,2.496957778930664062e-03
6.584107685462455839e-01,4.198312759399414062e-03
6.621543863978376354e-01,4.024744033813476562e-03
6.032396760323968099e-01,3.508281707763671875e-01
5.995400459954004502e-01,1.256728172302246094e-02
4.519548045195480590e-01,1.536654639244079590e+01
9.423408508300781250e-01,1.677989959716796875e-03
5.511005916302702534e-01,4.039287567138671875e-03
6.144079068294783230e-01,3.992795944213867188e-03
3.143685631436856087e-01,3.483240604400634766e-01
3.166683331666833578e-01,1.212763786315917969e-02
5.392460753924607220e-01,1.542589473724365234e+01
2.517223358154296875e-01,1.604080200195312500e-03
3.700125705669591314e-01,4.019975662231445312e-03
3.139708749434039770e-01,4.006147384643554688e-03
4.187581241875812377e-01,3.603093624114990234e-01
4.207579242075792370e-01,1.226329803466796875e-02
3.987601239876012449e-01,1.672971749305725098e+01
7.482776641845703125e-01,1.594543457031250000e-03
4.326740571827064619e-01,4.040479660034179688e-03
3.846678160505302424e-01,4.018545150756835938e-03
1.559844015598440235e-02,3.487117290496826172e-01
1.649835016498350099e-02,1.200032234191894531e-02
2.339766023397660266e-02,1.539517259597778320e+01
5.765914916992187500e-02,2.447366714477539062e-03
1.695797315193018143e-02,4.211187362670898438e-03
1.626171103116809055e-02,4.024744033813476562e-03
9.688031196880312335e-01,3.480238914489746094e-01
9.646035396460354017e-01,1.246809959411621094e-02
9.552044795520447940e-01,1.579858374595642090e+01
7.482776641845703125e-01,1.594305038452148438e-03
9.544536647041681476e-01,4.036664962768554688e-03
9.732818656291032378e-01,3.972530364990234375e-03
3.230676932306769111e-01,3.478209972381591797e-01
3.379662033796620446e-01,1.200056076049804688e-02
2.660733926607339317e-01,1.542078042030334473e+01
5.765914916992187500e-02,1.587867736816406250e-03
3.004264268721391629e-01,4.031896591186523438e-03
3.201494545704566264e-01,3.984689712524414062e-03
4.118588141185881568e-01,3.470447063446044922e-01
4.185581441855814600e-01,1.203680038452148438e-02
4.937506249375062661e-01,1.511416769027709961e+01
4.119014739990234375e-01,1.585960388183593750e-03
4.581043454719596619e-01,4.023075103759765625e-03
4.107440618889816042e-01,3.961086273193359375e-03
8.457154284571543057e-01,3.472869396209716797e-01
8.320167983201679496e-01,1.200485229492187500e-02
8.302169783021697835e-01,1.551642155647277832e+01
7.482776641845703125e-01,2.452611923217773438e-03
7.954480715965979165e-01,4.199981689453125000e-03
7.906605057961184624e-01,4.002571105957031250e-03
8.576142385761423848e-01,3.468685150146484375e-01
8.512148785121488315e-01,1.248598098754882812e-02
9.557044295570442660e-01,1.567777538299560547e+01
5.880985260009765625e-01,1.628398895263671875e-03
7.829262807474822727e-01,4.025459289550781250e-03
7.720985133205021667e-01,3.992080688476562500e-03
5.136486351364863978e-01,3.483924865722656250e-01
5.100489951004899547e-01,1.203894615173339844e-02
5.639436056394360186e-01,1.607974219322204590e+01
5.880985260009765625e-01,1.593112945556640625e-03
5.514403275151796846e-01,4.007577896118164062e-03
4.606003459022386948e-01,3.978967666625976562e-03
5.617438256174382971e-01,3.470084667205810547e-01
5.419458054194580265e-01,1.199674606323242188e-02
5.590440955904409925e-01,1.546815443038940430e+01
7.482776641845703125e-01,1.572608947753906250e-03
5.732106586608906040e-01,4.009962081909179688e-03
5.784702239195220752e-01,3.999948501586914062e-03
8.546145385461453303e-01,3.521428108215332031e-01
8.541145885411458583e-01,1.199746131896972656e-02
8.614138586141385501e-01,1.540374064445495605e+01
1.315879821777343750e-01,2.564191818237304688e-03
8.088903826586095747e-01,4.233121871948242188e-03
8.266992904986854018e-01,3.997564315795898438e-03
9.219078092190781393e-02,3.492393493652343750e-01
1.001899810018998110e-01,1.256251335144042969e-02
1.216878312168783172e-01,1.518033981323242188e+01
2.517223358154296875e-01,1.605510711669921875e-03
1.614301658546377083e-01,4.021883010864257812e-03
8.096473829232603281e-02,3.978729248046875000e-03
8.194180581941805652e-01,3.475422859191894531e-01
8.322167783221677828e-01,1.206088066101074219e-02
8.405159484051595298e-01,1.554130578041076660e+01
7.482776641845703125e-01,1.589536666870117188e-03
6.695199747060260886e-01,4.019975662231445312e-03
8.250552204534027378e-01,3.996849060058593750e-03
7.590240975902409204e-01,3.484518527984619141e-01
7.636236376362364187e-01,1.200318336486816406e-02
7.659234076592340568e-01,1.574992966651916504e+01
4.119014739990234375e-01,1.608133316040039062e-03
7.577446769724911491e-01,4.026889801025390625e-03
7.520108793043458473e-01,3.983259201049804688e-03
7.440255974402559813e-01,3.473632335662841797e-01
7.430256974302569262e-01,1.198554039001464844e-02
7.766223377662233585e-01,1.597221517562866211e+01
8.684120178222656250e-01,2.629518508911132812e-03
7.299710691738919843e-01,1.225543022155761719e-02
7.349972722636078926e-01,4.030466079711914062e-03
6.165383461653834996e-01,3.734648227691650391e-01
6.061393860613938367e-01,1.264405250549316406e-02
6.167383261673832218e-01,1.562984371185302734e+01
5.880985260009765625e-01,1.733303070068359375e-03
5.420630776776377280e-01,4.078388214111328125e-03
6.432506567765126082e-01,3.983259201049804688e-03
2.010798920107989274e-01,3.908238410949707031e-01
2.147785221477852280e-01,2.027130126953125000e-02
3.329667033296670464e-01,1.605012273788452148e+01
7.482776641845703125e-01,1.733779907226562500e-03
2.942686640531456677e-01,4.084587097167968750e-03
2.101942607658389139e-01,3.983497619628906250e-03
6.003399660033996721e-01,3.454136848449707031e-01
5.936406359364063690e-01,1.211714744567871094e-02
6.212378762123788034e-01,1.612378644943237305e+01
8.684120178222656250e-01,1.621484756469726562e-03
5.654084246827896232e-01,4.029989242553710938e-03
6.068060307115654695e-01,3.980636596679687500e-03
2.021797820217978159e-01,3.471584320068359375e-01
1.942805719428057076e-01,1.200890541076660156e-02
3.671632836716328119e-01,1.534910726547241211e+01
2.517223358154296875e-01,2.588510513305664062e-03
2.278869158460090638e-01,4.225969314575195312e-03
1.719585920932016898e-01,3.978967666625976562e-03
4.098590140985901575e-01,3.502979278564453125e-01
4.136586341365863229e-01,1.253819465637207031e-02
3.619638036196380360e-01,1.587492799758911133e+01
2.517223358154296875e-01,1.665115356445312500e-03
3.957214787959855706e-01,4.047870635986328125e-03
4.243814475250088369e-01,3.988027572631835938e-03
7.489251074892511184e-02,3.504519462585449219e-01
7.539246075392461166e-02,1.207709312438964844e-02
7.879212078792120766e-02,1.533115315437316895e+01
1.315879821777343750e-01,1.618623733520507812e-03
1.744975789068919370e-01,4.028081893920898438e-03
6.841867797963330222e-02,4.004478454589843750e-03
9.148085191480851419e-01,3.497192859649658203e-01
9.187081291870813349e-01,1.206517219543457031e-02
9.147085291470853363e-01,1.587052130699157715e+01
5.880985260009765625e-01,1.587390899658203125e-03
8.497083204653614885e-01,4.020452499389648438e-03
9.321642368757774300e-01,3.981828689575195312e-03
4.085591440855914636e-01,3.498051166534423828e-01
4.037596240375962431e-01,1.200985908508300781e-02
5.309469053094690860e-01,1.672266149520874023e+01
8.684120178222656250e-01,2.464771270751953125e-03
3.902332294144408298e-01,4.189968109130859375e-03
3.929312642832361591e-01,4.001617431640625000e-03
2.995700429957004474e-01,3.467159271240234375e-01
2.916708329167083114e-01,1.247310638427734375e-02
3.722627737226277267e-01,1.626890587806701660e+01
7.482776641845703125e-01,1.591444015502929688e-03
3.112951885222516868e-01,3.981351852416992188e-03
3.228729380109875979e-01,3.987312316894531250e-03
5.006499350064993470e-01,4.121513366699218750e-01
5.031496850314968183e-01,2.804970741271972656e-02
4.837516248375162697e-01,1.600564074516296387e+01
7.482776641845703125e-01,1.583576202392578125e-03
4.622932587547751160e-01,4.020214080810546875e-03
4.786349336464136850e-01,3.969669342041015625e-03
6.104389561043895851e-01,3.478267192840576172e-01
5.964403559644035901e-01,1.197886466979980469e-02
5.768423157684231528e-01,1.571516942977905273e+01
2.517223358154296875e-01,1.669645309448242188e-03
5.901710355056632995e-01,4.069805145263671875e-03
6.135975604291924457e-01,4.012823104858398438e-03
7.008299170082992191e-01,3.489251136779785156e-01
7.120287971202879929e-01,1.207590103149414062e-02
7.311268873112688471e-01,1.635304045677185059e+01
5.765914916992187500e-02,2.563476562500000000e-03
6.743864178035744450e-01,4.209041595458984375e-03
6.674803314367631080e-01,4.029512405395507812e-03
2.731726827317268458e-01,3.480329513549804688e-01
2.663733626637336260e-01,1.252722740173339844e-02
2.753724627537246228e-01,1.734602427482604980e+01
4.119014739990234375e-01,1.604557037353515625e-03
2.777596599037783220e-01,1.203155517578125000e-02
2.813698656845025070e-01,3.981828689575195312e-03
6.358364163583641870e-01,4.027214050292968750e-01
6.328367163283671326e-01,1.603937149047851562e-02
6.899310068993100842e-01,1.610944938659667969e+01
8.684120178222656250e-01,1.580476760864257812e-03
5.878005275859730094e-01,4.005432128906250000e-03
6.077273633360118499e-01,3.966331481933593750e-03
3.999600039996000292e-03,3.466606140136718750e-01
4.899510048995100661e-03,1.200532913208007812e-02
2.509749025097490413e-02,1.593293428421020508e+01
4.119014739990234375e-01,1.611471176147460938e-03
8.704856823497469920e-02,4.017829895019531250e-03
2.489859059190157198e-03,3.977298736572265625e-03
9.254074592540746380e-01,4.717497825622558594e-01
9.218078192180781949e-01,1.203966140747070312e-02
9.437056294370562703e-01,1.572208929061889648e+01
5.880985260009765625e-01,2.458810806274414062e-03
9.389371648833004791e-01,4.211902618408203125e-03
9.570197677267725522e-01,4.014968872070312500e-03
8.433156684331566399e-01,3.699228763580322266e-01
8.380161983801619474e-01,1.249384880065917969e-02
7.636236376362364187e-01,1.547743153572082520e+01
5.880985260009765625e-01,1.589536666870117188e-03
7.962624898822641129e-01,4.011392593383789062e-03
8.213272495893582104e-01,4.124641418457031250e-03
2.669733026697330147e-01,3.464756011962890625e-01
2.926707329267073110e-01,1.202440261840820312e-02
4.810518948105189652e-01,1.570713806152343750e+01
5.765914916992187500e-02,1.611948013305664062e-03
2.929955456024640470e-01,4.022598266601562500e-03
2.183727053748276137e-01,3.964424133300781250e-03
3.721627837216278101e-01,3.487920761108398438e-01
3.841615838416158613e-01,1.205539703369140625e-02
2.833716628337166199e-01,1.534870958328247070e+01
5.765914916992187500e-02,9.747028350830078125e-03
4.359554816652972953e-01,4.072666168212890625e-03
3.428087158782923138e-01,1.202011108398437500e-02
5.922407759224077584e-01,3.805990219116210938e-01
5.811418858114189012e-01,1.207876205444335938e-02
5.457454254574543029e-01,1.622760629653930664e+01
5.880985260009765625e-01,2.596855163574218750e-03
5.374137927613694687e-01,4.243612289428710938e-03
6.088892463129237376e-01,4.007101058959960938e-03
1.551844815518448051e-01,3.475663661956787109e-01
1.655834416558344124e-01,1.257562637329101562e-02
1.798820117988201295e-01,1.524708628654479980e+01
1.315879821777343750e-01,1.733303070068359375e-03
1.691409476763420239e-01,4.077911376953125000e-03
1.394767994996842786e-01,3.983497619628906250e-03
6.265373462653734959e-01,3.479456901550292969e-01
6.303369663033696613e-01,1.215457916259765625e-02
6.141385861413858338e-01,1.553080630302429199e+01
4.119014739990234375e-01,1.679420471191406250e-03
5.681598727457841669e-01,4.031419754028320312e-03
6.178363379282100221e-01,3.980398178100585938e-03
3.091690830916908328e-01,3.486096858978271484e-01
3.298670132986701309e-01,1.210546493530273438e-02
3.074692530746925279e-01,1.524763369560241699e+01
1.315879821777343750e-01,2.501726150512695312e-03
2.943602327031661359e-01,4.201889038085937500e-03
3.464136731771659816e-01,4.000663757324218750e-03
8.133186681331866508e-01,3.540599346160888672e-01
8.073192680731926529e-01,1.251244544982910156e-02
8.749125087491250730e-01,1.498935651779174805e+01
4.119014739990234375e-01,1.576900482177734375e-03
7.580713554935003540e-01,4.020929336547851562e-03
8.004931803865243944e-01,3.966331481933593750e-03
7.791220877912208298e-01,4.088361263275146484e-01
7.786221377862213577e-01,1.202964782714843750e-02
8.016198380161984050e-01,1.526658320426940918e+01
5.880985260009765625e-01,1.578569412231445312e-03
7.683881738610434109e-01,4.016160964965820312e-03
7.848913254536044048e-01,3.977775573730468750e-03
9.850014998500149499e-01,4.306747913360595703e-01
9.838016198380161725e-01,1.200342178344726562e-02
9.851014898510148665e-01,1.566238164901733398e+01
8.684120178222656250e-01,1.659393310546875000e-03
9.794146263630071347e-01,4.035234451293945312e-03
9.920822928039586541e-01,3.959655761718750000e-03
1.498850114988501125e-01,3.467497825622558594e-01
1.464853514648535027e-01,1.202750205993652344e-02
1.465853414658534193e-01,1.565161561965942383e+01
2.517223358154296875e-01,2.553462982177734375e-03
1.585396552524027669e-01,4.191875457763671875e-03
1.149250701711750366e-01,4.000186920166015625e-03
8.140185981401859561e-01,3.478541374206542969e-01
8.266173382661733404e-01,1.254868507385253906e-02
8.071192880711929307e-01,1.604325294494628906e+01
5.880985260009765625e-01,1.615047454833984375e-03
7.850148718172591522e-01,4.028320312500000000e-03
7.475151962089003899e-01,4.004955291748046875e-03
1.411858814118588101e-01,3.477404117584228516e-01
1.384861513848615056e-01,1.204991340637207031e-02
1.676832316768323283e-01,1.574257040023803711e+01
2.517223358154296875e-01,1.612424850463867188e-03
1.978025365341441466e-01,4.006624221801757812e-03
1.308899216792016040e-01,3.967046737670898438e-03
9.229077092290770556e-01,3.466918468475341797e-01
9.161083891610839469e-01,1.201677322387695312e-02
9.299070092990701086e-01,1.491967487335205078e+01
7.482776641845703125e-01,1.660346984863281250e-03
6.981281621723112174e-01,4.040956497192382812e-03
9.390053051512876614e-01,3.985643386840820312e-03
1.236876312368763164e-01,3.467001914978027344e-01
1.247875212478752188e-01,1.204538345336914062e-02
1.290870912908709256e-01,1.535831403732299805e+01
2.517223358154296875e-01,2.460002899169921875e-03
1.471925430964525217e-01,4.225015640258789062e-03
7.994515843977678671e-02,4.003286361694335938e-03
8.117188281171883180e-01,3.476698398590087891e-01
7.837216278372163281e-01,1.250410079956054688e-02
8.173182681731826493e-01,1.537160658836364746e+01
5.880985260009765625e-01,1.584768295288085938e-03
7.246041064319652669e-01,4.007339477539062500e-03
8.189966208697259109e-01,3.959178924560546875e-03
7.029297070292970240e-01,3.474385738372802734e-01
7.105289471052894656e-01,1.203250885009765625e-02
6.592340765923407897e-01,1.710061287879943848e+01
2.517223358154296875e-01,1.652240753173828125e-03
6.868817742685350280e-01,4.018783569335937500e-03
7.269428993007586159e-01,3.993988037109375000e-03
3.420657934206579598e-01,3.485822677612304688e-01
3.525647435256474282e-01,1.209020614624023438e-02
4.097590240975902409e-01,1.600921320915222168e+01
2.517223358154296875e-01,1.612901687622070312e-03
3.322916951371291394e-01,4.035711288452148438e-03
2.831211444201838789e-01,3.988265991210937500e-03
4.297570242975702337e-01,3.501029014587402344e-01
4.449555044495550615e-01,1.206278800964355469e-02
4.814518548145185206e-01,1.537430357933044434e+01
1.315879821777343750e-01,2.465963363647460938e-03
4.320382645059073212e-01,4.182100296020507812e-03
3.685495543756567294e-01,3.980159759521484375e-03
9.761023897610239253e-01,3.554792404174804688e-01
9.749025097490251479e-01,1.248002052307128906e-02
9.425057494250574930e-01,1.672149205207824707e+01
7.482776641845703125e-01,1.611232757568359375e-03
9.477330337092225720e-01,1.206469535827636719e-02
9.774525239469260551e-01,4.004478454589843750e-03
7.837216278372163281e-01,4.160888195037841797e-01
7.978202179782021286e-01,1.201033592224121094e-02
7.411258874112588435e-01,1.568938112258911133e+01
5.765914916992187500e-02,1.723766326904296875e-03
7.847056605733337964e-01,4.090070724487304688e-03
7.747678611295873985e-01,3.992557525634765625e-03
7.510248975102489233e-01,3.501570224761962891e-01
7.272272772722727652e-01,1.213002204895019531e-02
6.761323867613239225e-01,1.575628709793090820e+01
8.684120178222656250e-01,1.636028289794921875e-03
7.464746509054509538e-01,4.046201705932617188e-03
8.112128670737674963e-01,3.991127014160156250e-03
3.603639636036396476e-01,3.526074886322021484e-01
3.720627937206279490e-01,1.239156723022460938e-02
1.890810918908109317e-01,1.556231832504272461e+01
5.880985260009765625e-01,2.623081207275390625e-03
4.282569911395778806e-01,4.257440567016601562e-03
3.425366389767252606e-01,4.043579101562500000e-03
6.799320067993200670e-03,4.127194881439208984e-01
8.999100089991000223e-03,1.261258125305175781e-02
4.119588041195880457e-02,1.545527482032775879e+01
5.765914916992187500e-02,1.618862152099609375e-03
1.404015289833726067e-02,4.029273986816406250e-03
4.612324918262083670e-03,3.969907760620117188e-03
4.279572042795720677e-02,3.476893901824951172e-01
4.649535046495350404e-02,1.208066940307617188e-02
3.049695030496950288e-02,1.459317183494567871e+01
1.315879821777343750e-01,1.652240753173828125e-03
5.276953594065719733e-02,4.018545150756835938e-03
7.017083931878592695e-02,3.991127014160156250e-03
3.283671632836716592e-01,3.466093540191650391e-01
3.375662433756624337e-01,1.203966140747070312e-02
3.192680731926807458e-01,1.541721725463867188e+01
5.880985260009765625e-01,1.588582992553710938e-03
3.490071352107235181e-01,4.035234451293945312e-03
3.035825223214916879e-01,3.975152969360351562e-03
1.223877612238776086e-01,3.471109867095947266e-01
1.131886811318868064e-01,1.204776763916015625e-02
1.047895210478952122e-01,1.518404459953308105e+01
1.315879821777343750e-01,2.436399459838867188e-03
2.153263152565976224e-01,4.177570343017578125e-03
1.255364167779979279e-01,4.024982452392578125e-03
3.872612738726127213e-01,3.460876941680908203e-01
3.914608539146085531e-01,1.250958442687988281e-02
4.689531046895310529e-01,1.587218117713928223e+01
8.684120178222656250e-01,9.621381759643554688e-03
4.644990707729551582e-01,4.034996032714843750e-03
3.932121630670009083e-01,1.200103759765625000e-02
8.135186481351864840e-01,4.848666191101074219e-01
8.115188481151884847e-01,1.220273971557617188e-02
7.931206879312068248e-01,1.636813545227050781e+01
4.119014739990234375e-01,1.647949218750000000e-03
7.738208329177636013e-01,4.044294357299804688e-03
8.653626303947763443e-01,4.002094268798828125e-03
6.984301569843015534e-01,5.590820312500000000e-01
6.964303569643035541e-01,1.205849647521972656e-02
7.208279172082792119e-01,1.628162574768066406e+01
1.315879821777343750e-01,1.604318618774414062e-03
6.706700273205083995e-01,4.015684127807617188e-03
7.123449831591093240e-01,3.990650177001953125e-03
5.480451954804519410e-01,3.648018836975097656e-01
5.591440855914409092e-01,1.203393936157226562e-02
4.884511548845115736e-01,1.566024494171142578e+01
1.315879821777343750e-01,2.489328384399414062e-03
5.977425779438881870e-01,4.199504852294921875e-03
5.676418766343983568e-01,4.008293151855468750e-03
5.277472252774721984e-01,3.887176513671875000e-01
5.359464053594640287e-01,1.252365112304687500e-02
5.037496250374962070e-01,1.536058521270751953e+01
9.423408508300781250e-01,1.648426055908203125e-03
5.322657905897251185e-01,4.033565521240234375e-03
5.527404792324752680e-01,4.016399383544921875e-03
6.900309969003100008e-01,3.450374603271484375e-01
6.886311368863113902e-01,1.206326484680175781e-02
8.032196780321967378e-01,1.600066566467285156e+01
4.119014739990234375e-01,1.664400100708007812e-03
6.382287144839833282e-01,4.064083099365234375e-03
6.885530347924009309e-01,4.010915756225585938e-03
4.819518048195180482e-01,3.476514816284179688e-01
4.934506549345065718e-01,1.207733154296875000e-02
4.195580441955804596e-01,1.609071707725524902e+01
4.119014739990234375e-01,1.617193222045898438e-03
4.720873150214025538e-01,4.028797149658203125e-03
4.282975363582527950e-01,3.969430923461914062e-03
8.679132086791320477e-02,3.469026088714599609e-01
9.469053094690531303e-02,1.996231079101562500e-02
8.229177082291770640e-02,1.542935752868652344e+01
2.069473266601562500e-02,2.405643463134765625e-03
1.386494636870720387e-01,4.181861877441406250e-03
8.181809513127691336e-02,1.196026802062988281e-02
2.205779422057794203e-01,4.261388778686523438e-01
2.195780421957804207e-01,1.255512237548828125e-02
2.944705529447055325e-01,1.706008362770080566e+01
5.765914916992187500e-02,1.690387725830078125e-03
2.182643271079486302e-01,4.057884216308593750e-03
2.553057227313755284e-01,4.017591476440429688e-03
4.072592740725927141e-01,3.485269546508789062e-01
4.155584441555844610e-01,1.211667060852050781e-02
2.240775922407759191e-01,1.559253478050231934e+01
2.517223358154296875e-01,1.606225967407226562e-03
4.533874148127756687e-01,4.017114639282226562e-03
4.243703688639041127e-01,3.970623016357421875e-03
4.257574242575742351e-01,3.477718830108642578e-01
4.274572542745725401e-01,1.206111907958984375e-02
3.866613338666133326e-01,1.570153260231018066e+01
8.684120178222656250e-01,1.593828201293945312e-03
4.445685492632408531e-01,4.025697708129882812e-03
4.528252609101963144e-01,3.976345062255859375e-03
7.823217678232177175e-01,3.491559028625488281e-01
7.701229877012298886e-01,1.199913024902343750e-02
8.279172082791720344e-01,1.587277388572692871e+01
8.684120178222656250e-01,2.493858337402343750e-03
7.016717248973534105e-01,4.200458526611328125e-03
8.221619287462536008e-01,4.007577896118164062e-03
2.524747525247475477e-01,3.471801280975341797e-01
2.549745025497450190e-01,1.247310638427734375e-02
2.318768123187681107e-01,1.538423156738281250e+01
2.517223358154296875e-01,3.817558288574218750e-03
2.190034191588166035e-01,4.094123840332031250e-03
2.601363758531749504e-01,1.600718498229980469e-02
8.862113788621137633e-01,3.488724231719970703e-01
8.921107889211078446e-01,1.212286949157714844e-02
8.716128387161283797e-01,1.491243267059326172e+01
9.793052673339843750e-01,1.723289489746093750e-03
8.950450157152338715e-01,4.058837890625000000e-03
8.881077754514340450e-01,3.985881805419921875e-03
2.062793720627937311e-01,6.170964241027832031e-01
2.029797020297970100e-01,2.016448974609375000e-02
2.124787521247875344e-01,1.624419903755187988e+01
2.517223358154296875e-01,1.738548278808593750e-03
4.043665375200107270e-01,4.065036773681640625e-03
2.218443061879620815e-01,3.998517990112304688e-03
9.539046095390460445e-02,3.457674980163574219e-01
1.027897210278972129e-01,1.210808753967285156e-02
1.090890910908909051e-01,1.595694804191589355e+01
5.908966064453125000e-03,2.578735351562500000e-03
9.938557657477231633e-02,4.223823547363281250e-03
1.595534947292734929e-01,4.022359848022460938e-03
6.936306369363063329e-01,3.497595787048339844e-01
6.831316868313168644e-01,1.255774497985839844e-02
5.497450254974503014e-01,1.465907073020935059e+01
7.482776641845703125e-01,2.502202987670898438e-03
6.015588257139748984e-01,4.210710525512695312e-03
6.524926963597394991e-01,4.032850265502929688e-03
6.067393260673932254e-01,3.479499816894531250e-01
6.243375662433756634e-01,1.251482963562011719e-02
4.851514848515148248e-01,1.566698050498962402e+01
4.119014739990234375e-01,2.458095550537109375e-03
6.324733937531870076e-01,4.193067550659179688e-03
5.625533360935355276e-01,4.007101058959960938e-03
3.692630736926307278e-01,3.476040363311767578e-01
3.694630536946305610e-01,1.247882843017578125e-02
4.154584541545845444e-01,1.567445278167724609e+01
5.880985260009765625e-01,1.621961593627929688e-03
3.009024176867640676e-01,4.052400588989257812e-03
3.480104316522246721e-01,3.974199295043945312e-03
6.613338666133387056e-01,3.472177982330322266e-01
6.688331166883311196e-01,1.205205917358398438e-02
7.901209879012098813e-01,1.484513545036315918e+01
4.119014739990234375e-01,2.566576004028320312e-03
6.702178859482181839e-01,4.216909408569335938e-03
5.709889333004939393e-01,4.024505615234375000e-03
3.042695730426957512e-01,3.477525711059570312e-01
3.181681831816818296e-01,1.256585121154785156e-02
5.321467853214678634e-01,1.523966956138610840e+01
2.517223358154296875e-01,1.682758331298828125e-03
3.337943765610510427e-01,4.060268402099609375e-03
3.151157882768723106e-01,3.987312316894531250e-03
6.286371362863714118e-01,4.440002441406250000e-01
6.021397860213978381e-01,2.811384201049804688e-02
7.901209879012098813e-01,1.544927382469177246e+01
5.880985260009765625e-01,1.597642898559570312e-03
6.177848849343510196e-01,4.016160964965820312e-03
6.000074877855163802e-01,3.977775573730468750e-03
1.503849615038496124e-01,3.468227386474609375e-01
1.576842315768423042e-01,1.202154159545898438e-02
1.101889811018898074e-01,1.535236763954162598e+01
1.315879821777343750e-01,1.577377319335937500e-03
2.117550737468815725e-01,4.029035568237304688e-03
9.424655492321387662e-02,3.983736038208007812e-03
3.706629337066293384e-01,3.483207225799560547e-01
3.773622637736226415e-01,1.199889183044433594e-02
4.296570342965703171e-01,1.522439289093017578e+01
5.880985260009765625e-01,2.479076385498046875e-03
4.269737174476109787e-01,4.171371459960937500e-03
4.190261689490308861e-01,4.019737243652343750e-03
6.592340765923407897e-01,3.492496013641357422e-01
6.719328067193280907e-01,1.248836517333984375e-02
7.321267873212679023e-01,1.605254125595092773e+01
8.684120178222656250e-01,9.638786315917968750e-03
5.102624092639275188e-01,4.030227661132812500e-03
6.555938361815659698e-01,1.196646690368652344e-02
1.727827217278272154e-01,5.623099803924560547e-01
1.910808919108089310e-01,1.206898689270019531e-02
1.875812418758124323e-01,1.582763099670410156e+01
5.765914916992187500e-02,1.615047454833984375e-03
1.597407526533344835e-01,4.019021987915039062e-03
1.431899438086450260e-01,3.971576690673828125e-03
2.708729127087291522e-01,3.478503227233886719e-01
2.741725827417258454e-01,1.201725006103515625e-02
2.994700529947005307e-01,1.518577456474304199e+01
5.880985260009765625e-01,1.588106155395507812e-03
2.856210470818701941e-01,4.038333892822265625e-03
2.576401855818427067e-01,3.969192504882812500e-03
8.978102189781022036e-01,3.492162227630615234e-01
8.912108789121088170e-01,1.200032234191894531e-02
8.697130286971302970e-01,1.528739047050476074e+01
8.684120178222656250e-01,2.579689025878906250e-03
9.247518384685415871e-01,4.249572753906250000e-03
9.388456904708356587e-01,4.019737243652343750e-03
2.002799720027997332e-01,3.485286235809326172e-01
2.129787021297870342e-01,1.252460479736328125e-02
3.996600339966003279e-01,1.600262188911437988e+01
1.315879821777343750e-01,1.648664474487304688e-03
2.253231862063458935e-01,4.052877426147460938e-03
1.871457139998161101e-01,3.997325897216796875e-03
4.386561343865613694e-01,3.482313156127929688e-01
4.479552044795520604e-01,1.209330558776855469e-02
5.281471852814718648e-01,1.556002259254455566e+01
4.119014739990234375e-01,1.582860946655273438e-03
4.926063132175435566e-01,4.019737243652343750e-03
4.249163591182389399e-01,1.197767257690429688e-02
6.724327567243275627e-01,3.559858798980712891e-01
6.849315068493150305e-01,1.203989982604980469e-02
7.577242275772422264e-01,1.537239480018615723e+01
5.880985260009765625e-01,1.582860946655273438e-03
6.335996333049440654e-01,4.020214080810546875e-03
6.623554500871277062e-01,3.990888595581054688e-03
8.850114988501149860e-01,3.477544784545898438e-01
8.771122887711229055e-01,1.200699806213378906e-02
8.737126287371262956e-01,1.548813009262084961e+01
7.482776641845703125e-01,2.638578414916992188e-03
8.187839895833719517e-01,4.238128662109375000e-03
8.939784004028131781e-01,4.039049148559570312e-03
1.101889811018898074e-01,3.491466045379638672e-01
1.119888011198880151e-01,1.260018348693847656e-02
1.085891410858914052e-01,1.514018106460571289e+01
1.315879821777343750e-01,1.680850982666015625e-03
2.397870106890533926e-01,4.056692123413085938e-03
1.221637850304467809e-01,3.993272781372070312e-03
7.949205079492051296e-02,3.461284637451171875e-01
8.849115088491150971e-02,1.210880279541015625e-02
4.869513048695130186e-02,1.550728988647460938e+01
2.069473266601562500e-02,1.708030700683593750e-03
1.095640665051709206e-01,4.068613052368164062e-03
5.993760572454070318e-02,4.014730453491210938e-03
4.411558844115588407e-01,3.491835594177246094e-01
4.621537846215378331e-01,1.211547851562500000e-02
4.772522747725227443e-01,1.557598567008972168e+01
1.315879821777343750e-01,2.561807632446289062e-03
4.082973541649744798e-01,4.256248474121093750e-03
5.320781232339379940e-01,4.025220870971679688e-03
5.385461453854614167e-01,3.500330448150634766e-01
5.446455354464553311e-01,1.260328292846679688e-02
5.521447855214478562e-01,1.488098955154418945e+01
7.482776641845703125e-01,1.592874526977539062e-03
5.736418991746363716e-01,3.978729248046875000e-03
5.655753433442937128e-01,3.980636596679687500e-03
3.227677232276772168e-01,3.463110923767089844e-01
3.291670832916708256e-01,1.202821731567382812e-02
3.050694930506949176e-01,1.580212187767028809e+01
1.315879821777343750e-01,1.622915267944335938e-03
3.379644493292401908e-01,4.052877426147460938e-03
3.595117950763425663e-01,3.977775573730468750e-03
3.677632236776322561e-01,3.472204208374023438e-01
3.849615038496150277e-01,1.207447052001953125e-02
2.580741925807419346e-01,1.547680902481079102e+01
2.069473266601562500e-02,1.571655273437500000e-03
3.997613313123977719e-01,4.015207290649414062e-03
4.108452668285096365e-01,3.973007202148437500e-03
7.960203979602039626e-01,3.460454940795898438e-01
7.906209379062093534e-01,1.198649406433105469e-02
7.675232476752325006e-01,1.533153486251831055e+01
9.423408508300781250e-01,2.543210983276367188e-03
6.138356904085733312e-01,4.232645034790039062e-03
7.500672976403053305e-01,4.011392593383789062e-03
2.220777922207779198e-01,3.462457656860351562e-01
2.274772522747725290e-01,1.253652572631835938e-02
5.249475052494750188e-02,1.555661439895629883e+01
5.765914916992187500e-02,1.618385314941406250e-03
2.610507237148995685e-01,4.033803939819335938e-03
2.136721561827788496e-01,3.958702087402343750e-03
7.085291470852914664e-01,3.481781482696533203e-01
7.055294470552945230e-01,1.205682754516601562e-02
7.356264373562644288e-01,1.542172622680664062e+01
4.119014739990234375e-01,1.606941223144531250e-03
7.357089416705434592e-01,4.007577896118164062e-03
6.731724826119998006e-01,3.950357437133789062e-03
6.914308569143086114e-01,3.462476730346679688e-01
6.847315268473153083e-01,1.203680038452148438e-02
7.372262773722627616e-01,1.621411871910095215e+01
9.793052673339843750e-01,1.584768295288085938e-03
5.610300780162381651e-01,4.004240036010742188e-03
6.663033159195903554e-01,3.993034362792968750e-03
8.398160183981602245e-01,5.285408496856689453e-01
8.366163383661633368e-01,2.797484397888183594e-02
8.495150484951504710e-01,1.603152060508728027e+01
8.684120178222656250e-01,2.577066421508789062e-03
7.412169483039346973e-01,4.245519638061523438e-03
8.383856811831844613e-01,4.025459289550781250e-03
2.505749425057494095e-01,3.472197055816650391e-01
2.687731226877312363e-01,1.256155967712402344e-02
2.840715928407159252e-01,1.507200908660888672e+01
5.880985260009765625e-01,1.623392105102539062e-03
3.220631479332833891e-01,4.028797149658203125e-03
2.619604777108207605e-01,3.983974456787109375e-03
9.030096990300969795e-01,3.745343685150146484e-01
9.040095990400960346e-01,1.227140426635742188e-02
9.224077592240775836e-01,1.553680229187011719e+01
8.684120178222656250e-01,1.579523086547851562e-03
8.146465883791762508e-01,4.042387008666992188e-03
9.025187670595188338e-01,3.966331481933593750e-03
3.786621337866213355e-01,3.479232788085937500e-01
3.907609239076092478e-01,1.202917098999023438e-02
4.518548145185481424e-01,1.570877122879028320e+01
1.315879821777343750e-01,1.601457595825195312e-03
3.772299221231977806e-01,4.047870635986328125e-03
3.935881148743410329e-01,4.000425338745117188e-03
2.489751024897510212e-01,3.489093780517578125e-01
2.626737326267373218e-01,1.198339462280273438e-02
2.487751224877512157e-01,1.495924568176269531e+01
2.517223358154296875e-01,2.572059631347656250e-03
1.890617909578665712e-01,4.230260848999023438e-03
2.418807708101173293e-01,4.019021987915039062e-03
2.900709929007099230e-01,3.548634052276611328e-01
2.806719328067193153e-01,1.259589195251464844e-02
2.205779422057794203e-01,1.584071540832519531e+01
1.315879821777343750e-01,1.588344573974609375e-03
2.677248411639445158e-01,4.029989242553710938e-03
2.927075656281578064e-01,3.996372222900390625e-03
3.605639436056394254e-01,3.482224941253662109e-01
3.529647035296470392e-01,1.203680038452148438e-02
2.574742525747425459e-01,1.501326537132263184e+01
2.517223358154296875e-01,1.579284667968750000e-03
3.619125093759992806e-01,4.017591476440429688e-03
3.250465588383139037e-01,3.978490829467773438e-03
6.702329767023297302e-01,3.457179069519042969e-01
6.774322567743226164e-01,1.201224327087402344e-02
6.509349065093490427e-01,1.545469379425048828e+01
5.880985260009765625e-01,1.578330993652343750e-03
6.887322773157307232e-01,4.009962081909179688e-03
6.406812414401259481e-01,3.982067108154296875e-03
3.173682631736826076e-01,3.475191593170166016e-01
3.487651234876512074e-01,1.210975646972656250e-02
2.840715928407159252e-01,1.539065814018249512e+01
1.315879821777343750e-01,2.602338790893554688e-03
3.803968489594253821e-01,4.579544067382812500e-03
2.813220214775772332e-01,4.043102264404296875e-03
9.308069193080692472e-01,3.513591289520263672e-01
9.369063093690630506e-01,1.254606246948242188e-02
9.602039796020398477e-01,1.656216192245483398e+01
9.423408508300781250e-01,1.715660095214843750e-03
8.749304042882530830e-01,4.066705703735351562e-03
9.538207709096993003e-01,4.009008407592773438e-03
3.353664633536646567e-01,3.517043590545654297e-01
3.452654734526547364e-01,1.209068298339843750e-02
3.004699530046995304e-01,1.552109646797180176e+01
4.119014739990234375e-01,1.728534698486328125e-03
3.198626447645877002e-01,4.061937332153320312e-03
3.019795301085807515e-01,3.996610641479492188e-03
9.230076992300769723e-01,3.804037570953369141e-01
9.062093790620937561e-01,2.010416984558105469e-02
9.326067393260674132e-01,1.519437432289123535e+01
8.684120178222656250e-01,1.612663269042968750e-03
9.163106678005129568e-01,4.047393798828125000e-03
9.310400158475107268e-01,3.976106643676757812e-03
2.639736026397360158e-01,3.476631641387939453e-01
2.700729927007299302e-01,1.203775405883789062e-02
2.287771222877712229e-01,1.490185332298278809e+01
1.315879821777343750e-01,1.040339469909667969e-02
3.008446396954488344e-01,4.206895828247070312e-03
2.807708061979784508e-01,1.201009750366210938e-02
5.631436856314369077e-01,4.456241130828857422e-01
5.588441155884411593e-01,1.254391670227050781e-02
6.109389061093890572e-01,1.587960672378540039e+01
2.517223358154296875e-01,1.629590988159179688e-03
5.088895078671267225e-01,4.026412963867187500e-03
5.523740884933158179e-01,3.962278366088867188e-03
8.541145885411458583e-01,3.478665351867675781e-01
8.492150784921508322e-01,1.206231117248535156e-02
8.309169083091690888e-01,1.546602845191955566e+01
9.423408508300781250e-01,9.606599807739257812e-03
7.638778274897395359e-01,4.030942916870117188e-03
8.600424028048411218e-01,1.201319694519042969e-02
3.679632036796320199e-02,5.009827613830566406e-01
3.649635036496350071e-02,1.203918457031250000e-02
4.969503049695030150e-02,1.673930144309997559e+01
2.069473266601562500e-02,1.656293869018554688e-03
7.443404174004977780e-02,4.044055938720703125e-03
4.023874397670068603e-02,3.977775573730468750e-03
2.216778322167783088e-01,3.479669094085693359e-01
2.220777922207779198e-01,1.205801963806152344e-02
1.777822217778222136e-01,1.505702733993530273e+01
4.119014739990234375e-01,2.541065216064453125e-03
2.641963769551233798e-01,4.226207733154296875e-03
2.254379252430617764e-01,4.014253616333007812e-03
5.783421657834216800e-01,3.798823356628417969e-01
5.851414858514148998e-01,1.256108283996582031e-02
5.077492250774922056e-01,1.495805168151855469e+01
7.482776641845703125e-01,1.618146896362304688e-03
5.141299252231045225e-01,4.035234451293945312e-03
5.640054329456594129e-01,3.986120223999023438e-03
1.020897910208979076e-01,3.464736938476562500e-01
1.052894710528947120e-01,1.202011108398437500e-02
8.139186081391860950e-02,1.653330183029174805e+01
2.517223358154296875e-01,1.615762710571289062e-03
1.030375370349220221e-01,4.009723663330078125e-03
8.732452335047818925e-02,3.984689712524414062e-03
3.466653334666533470e-01,3.471193313598632812e-01
3.460653934606539583e-01,1.205182075500488281e-02
1.732826717328267152e-01,1.595086145401000977e+01
4.119014739990234375e-01,1.654863357543945312e-03
4.204813288781710234e-01,4.087686538696289062e-03
3.651064683885474338e-01,3.986597061157226562e-03
8.519148085191480257e-02,3.486387729644775391e-01
9.109089091090891155e-02,1.203417778015136719e-02
1.269873012698730097e-01,1.533352351188659668e+01
2.517223358154296875e-01,2.489805221557617188e-03
1.288251110069043581e-01,4.218816757202148438e-03
9.038914117098367784e-02,4.014968872070312500e-03
4.212578742125787645e-01,3.808655738830566406e-01
4.413558644135586184e-01,1.250243186950683594e-02
4.893510648935106566e-01,1.626264572143554688e+01
4.119014739990234375e-01,1.619815826416015625e-03
4.780604303939871569e-01,4.026889801025390625e-03
4.128263070396564483e-01,3.992080688476562500e-03
1.897810218978102093e-01,3.476758003234863281e-01
1.978802119788021230e-01,1.203536987304687500e-02
2.442755724427557174e-01,1.566088747978210449e+01
7.482776641845703125e-01,1.698732376098632812e-03
3.432023013621381957e-01,4.071950912475585938e-03
1.639421339449099735e-01,4.024267196655273438e-03
4.099590040995900186e-01,3.490095138549804688e-01
4.352564743525647595e-01,1.207733154296875000e-02
5.931406859314068969e-01,1.603532958030700684e+01
2.517223358154296875e-01,1.595735549926757812e-03
4.180931864531276521e-01,1.203131675720214844e-02
4.086753097558036840e-01,4.008054733276367188e-03
3.667633236676332564e-01,4.774909019470214844e-01
3.753624637536246422e-01,1.206994056701660156e-02
5.668433156684331564e-01,1.536573481559753418e+01
4.119014739990234375e-01,2.475738525390625000e-03
3.962837956491970237e-01,4.224538803100585938e-03
3.644892453115385900e-01,4.038810729980468750e-03
7.901209879012098813e-01,3.462429046630859375e-01
7.928207179282071859e-01,1.250529289245605469e-02
8.184181581841816211e-01,1.467962241172790527e+01
9.423408508300781250e-01,9.525299072265625000e-03
7.671166845899702880e-01,4.008054733276367188e-03
8.242013244774688552e-01,4.001617431640625000e-03
5.858414158584142051e-01,4.045467376708984375e-01
5.774422557744225415e-01,1.205396652221679688e-02
5.238476152384761164e-01,1.528911209106445312e+01
8.684120178222656250e-01,1.738786697387695312e-03
6.025747109325919615e-01,4.056215286254882812e-03
5.619511530021779055e-01,3.985166549682617188e-03
4.263573642635736238e-01,3.507163524627685547e-01
4.118588141185881568e-01,1.212882995605468750e-02
3.722627737226277267e-01,1.515860247611999512e+01
5.880985260009765625e-01,1.714944839477539062e-03
4.025187852749307349e-01,4.087448120117187500e-03
4.265650285283929533e-01,4.010915756225585938e-03
3.381661833816618223e-01,3.464498519897460938e-01
3.443655634436556534e-01,1.207399368286132812e-02
5.415458454154584711e-01,1.487050485610961914e+01
5.880985260009765625e-01,2.669095993041992188e-03
2.944540905991123170e-01,4.289627075195312500e-03
3.304547622162397058e-01,4.039764404296875000e-03
3.867613238676132492e-01,3.597066402435302734e-01
4.099590040995900186e-01,1.265072822570800781e-02
6.049395060493950593e-01,1.487547898292541504e+01
4.119014739990234375e-01,1.700401306152343750e-03
4.217027904559257911e-01,4.050970077514648438e-03
3.413041134014397904e-01,3.977775573730468750e-03
5.839416058394160114e-01,3.477761745452880859e-01
6.083391660833916692e-01,1.210021972656250000e-02
5.208479152084791730e-01,1.565684294700622559e+01
9.423408508300781250e-01,1.660585403442382812e-03
5.529645543736267932e-01,4.063844680786132812e-03
5.807321360092583262e-01,4.014968872070312500e-03
1.599840015998400247e-03,3.463435173034667969e-01
2.099790020997900283e-03,1.204156875610351562e-02
2.899710028997100082e-03,1.571210598945617676e+01
2.069473266601562500e-02,1.629114151000976562e-03
3.098304090558874971e-02,4.034042358398437500e-03
1.866147273361729595e-03,3.988265991210937500e-03
6.899310068993100842e-01,3.488788604736328125e-01
6.897310268973102509e-01,1.204586029052734375e-02
7.043295670432956346e-01,1.510998749732971191e+01
9.793052673339843750e-01,2.498626708984375000e-03
6.826664883632812542e-01,4.216432571411132812e-03
7.287965485278278255e-01,4.029035568237304688e-03
8.897110288971102898e-01,3.485243320465087891e-01
8.909109089091090672e-01,1.251435279846191406e-02
9.657034296570342624e-01,1.554582667350769043e+01
5.880985260009765625e-01,1.596212387084960938e-03
8.719612795237703384e-01,4.014730453491210938e-03
8.972936298503901842e-01,3.967761993408203125e-03
8.452154784521548336e-01,3.467497825622558594e-01
8.585141485851415233e-01,1.200175285339355469e-02
9.278072192780721927e-01,1.546871829032897949e+01
5.880985260009765625e-01,1.574754714965820312e-03
7.546673656050788548e-01,4.012823104858398438e-03
9.076780684427293577e-01,3.985881805419921875e-03
8.249175082491750910e-01,3.479900360107421875e-01
8.295170482951704782e-01,1.201438903808593750e-02
6.912308769123087782e-01,1.578619575500488281e+01
9.423408508300781250e-01,1.600265502929687500e-03
7.411933569637457753e-01,4.012584686279296875e-03
8.379658961406124540e-01,4.005193710327148438e-03
3.618638136186381193e-01,3.494949340820312500e-01
3.787621237876212521e-01,1.200532913208007812e-02
4.345565443455654542e-01,1.543803524971008301e+01
5.880985260009765625e-01,2.422809600830078125e-03
4.548800247871411240e-01,4.206180572509765625e-03
3.580423280344471326e-01,4.001855850219726562e-03
7.490250974902509240e-01,3.526012897491455078e-01
7.510248975102489233e-01,1.248168945312500000e-02
7.451254874512548421e-01,1.563346672058105469e+01
5.880985260009765625e-01,1.630783081054687500e-03
7.505551596190704888e-01,4.009008407592773438e-03
7.798666710483195263e-01,4.002809524536132812e-03
4.700529947005299691e-01,5.440802574157714844e-01
4.805519448055194376e-01,2.002072334289550781e-02
7.325267473252674577e-01,1.556435608863830566e+01
1.315879821777343750e-01,1.672983169555664062e-03
5.188757689248983951e-01,4.040718078613281250e-03
4.684764068874681664e-01,3.999948501586914062e-03
5.889411058894110651e-01,3.492152690887451172e-01
5.991400859914008947e-01,1.207733154296875000e-02
5.804419558044195959e-01,1.528600382804870605e+01
5.765914916992187500e-02,1.659154891967773438e-03
5.613645528784680927e-01,4.029512405395507812e-03
6.841895825141394161e-01,3.982782363891601562e-03
8.434156584341565566e-01,4.591367244720458984e-01
8.478152184781522216e-01,2.004408836364746094e-02
6.435356464353564343e-01,1.566706728935241699e+01
4.119014739990234375e-01,2.492189407348632812e-03
7.661246989912728900e-01,4.213571548461914062e-03
8.072471825013254332e-01,4.036188125610351562e-03
6.834316568343166143e-01,3.472924232482910156e-01
6.773322667733226998e-01,1.253080368041992188e-02
6.811318868113188651e-01,1.525652146339416504e+01
7.482776641845703125e-01,1.662254333496093750e-03
6.512359389277251331e-01,4.019975662231445312e-03
6.920889740993748651e-01,3.993511199951171875e-03
2.179782021797820046e-02,3.545033931732177734e-01
2.749725027497250396e-02,1.206326484680175781e-02
8.449155084491551115e-02,1.505626368522644043e+01
5.765914916992187500e-02,1.641988754272460938e-03
4.621854190243704363e-02,4.025697708129882812e-03
2.456628972906325578e-02,3.981113433837890625e-03
7.492250774922507572e-01,3.461427688598632812e-01
7.467253274672532859e-01,1.204323768615722656e-02
7.612238776122387529e-01,1.595632481575012207e+01
8.684120178222656250e-01,1.622438430786132812e-03
7.304012523883494090e-01,4.048824310302734375e-03
7.592475008621342170e-01,3.990650177001953125e-03
8.733126687331267402e-01,4.121699333190917969e-01
8.730126987301269903e-01,1.203322410583496094e-02
8.361163883611638648e-01,1.591822338104248047e+01
7.482776641845703125e-01,2.448320388793945312e-03
6.880907659695549849e-01,4.180192947387695312e-03
8.769718486617179565e-01,4.002332687377929688e-03
4.248575142485751521e-01,3.483073711395263672e-01
4.217578242175782366e-01,1.251912117004394531e-02
3.893610638936106372e-01,1.620745325088500977e+01
7.482776641845703125e-01,1.677989959716796875e-03
4.512949843939904060e-01,4.074335098266601562e-03
4.213595410945070174e-01,3.988027572631835938e-03
6.613338666133387056e-01,4.501791000366210938e-01
6.658334166583341762e-01,2.010250091552734375e-02
6.060393960603939201e-01,1.623140192031860352e+01
9.793052673339843750e-01,1.718282699584960938e-03
6.175598965829101061e-01,4.047632217407226562e-03
6.574303146831204092e-01,4.023790359497070312e-03
3.876612338766123322e-01,3.465535640716552734e-01
3.756624337566243366e-01,1.209115982055664062e-02
4.428557144285571456e-01,1.638138270378112793e+01
5.880985260009765625e-01,1.740932464599609375e-03
4.255377891795099066e-01,4.064321517944335938e-03
3.702096782581610901e-01,4.031896591186523438e-03
3.204679532046795232e-01,3.993768692016601562e-01
3.424657534246575152e-01,1.231193542480468750e-02
3.919608039196080251e-01,1.546586871147155762e+01
4.119014739990234375e-01,2.493381500244140625e-03
4.170740746305464652e-01,4.197359085083007812e-03
2.893095991089276176e-01,4.009485244750976562e-03
3.410658934106589601e-01,3.485310077667236328e-01
3.420657934206579598e-01,1.249384880065917969e-02
2.915708429157084502e-01,1.586645603179931641e+01
5.880985260009765625e-01,1.676321029663085938e-03
4.240005647709935710e-01,4.056453704833984375e-03
3.229835785176563001e-01,3.994464874267578125e-03
1.388861113888611165e-01,3.499088287353515625e-01
1.465853414658534193e-01,1.227688789367675781e-02
1.894810518948105149e-01,1.583332800865173340e+01
1.315879821777343750e-01,1.598596572875976562e-03
1.704561213455454416e-01,4.054784774780273438e-03
1.705388005088950831e-01,3.987789154052734375e-03
1.851814818518148220e-01,3.475534915924072266e-01
1.958804119588041237e-01,1.200556755065917969e-02
1.731826817318268263e-01,1.546331810951232910e+01
1.315879821777343750e-01,1.602888107299804688e-03
2.252741206453315881e-01,4.030466079711914062e-03
2.018105258695454540e-01,3.963708877563476562e-03
1.963803619638036235e-01,4.157705307006835938e-01
2.052794720527947314e-01,1.203823089599609375e-02
2.432756724327567177e-01,1.544819784164428711e+01
1.315879821777343750e-01,2.485513687133789062e-03
2.348392309229095365e-01,4.202365875244140625e-03
1.749584694247216521e-01,4.014015197753906250e-03
8.851114888511149026e-01,3.679914474487304688e-01
8.810118988101189874e-01,1.251697540283203125e-02
8.780121987801219330e-01,1.533896899223327637e+01
8.684120178222656250e-01,1.605749130249023438e-03
7.604163935206482705e-01,4.049539566040039062e-03
8.963560587477450436e-01,4.004478454589843750e-03
2.158784121587841165e-01,3.477077484130859375e-01
2.254774522547745297e-01,1.202678680419921875e-02
1.044895510448955039e-01,1.571137332916259766e+01
2.517223358154296875e-01,1.668453216552734375e-03
2.261012631202014012e-01,4.059076309204101562e-03
2.452266935342871101e-01,4.012584686279296875e-03
4.999500049995000365e-04,3.444790840148925781e-01
1.299870012998700051e-03,1.209139823913574219e-02
5.999400059994000655e-04,1.549935960769653320e+01
5.908966064453125000e-03,1.587867736816406250e-03
2.326158184125778471e-03,4.056215286254882812e-03
1.432772309086785371e-03,1.199173927307128906e-02
8.774122587741225443e-01,5.507681369781494141e-01
8.854114588541145414e-01,2.008152008056640625e-02
6.449355064493550449e-01,1.553660917282104492e+01
5.880985260009765625e-01,2.595901489257812500e-03
8.574698702751953894e-01,4.201173782348632812e-03
8.952851139043142004e-01,4.002809524536132812e-03
2.592740725927407119e-01,3.479056358337402344e-01
2.788721127887211493e-01,1.258587837219238281e-02
1.619838016198380248e-01,1.539928555488586426e+01
4.119014739990234375e-01,1.597166061401367188e-03
2.408122355728683495e-01,4.016399383544921875e-03
2.461264470635070589e-01,3.975391387939453125e-03
7.161283871612839080e-01,3.474242687225341797e-01
7.280271972802719871e-01,1.206612586975097656e-02
6.985301469853014700e-01,1.582914924621582031e+01
2.517223358154296875e-01,9.516954421997070312e-03
6.532780676378895368e-01,4.054546356201171875e-03
7.394649490764791944e-01,1.198124885559082031e-02
5.152484751524847306e-01,3.658084869384765625e-01
5.194480551944805624e-01,1.208496093750000000e-02
8.313168683131686443e-01,1.512535905838012695e+01
5.880985260009765625e-01,1.584768295288085938e-03
5.744395396423126465e-01,3.986358642578125000e-03
4.907770078544321790e-01,3.993511199951171875e-03
2.046795320467953150e-01,3.474457263946533203e-01
2.042795720427957318e-01,1.200580596923828125e-02
5.481451854814518576e-01,1.548428606986999512e+01
7.482776641845703125e-01,2.560138702392578125e-03
4.331415283294703378e-01,4.240512847900390625e-03
2.209729655761608069e-01,4.019975662231445312e-03
3.507649235076492622e-01,3.485100269317626953e-01
3.672632736726327285e-01,1.254653930664062500e-02
2.239776022397760302e-01,1.567440342903137207e+01
1.315879821777343750e-01,1.615524291992187500e-03
3.757969062986884490e-01,1.203894615173339844e-02
4.051855206693814604e-01,3.976106643676757812e-03
2.400759924007599133e-01,4.540419578552246094e-01
2.322767723227677217e-01,1.214003562927246094e-02
2.698730126987301525e-01,1.550037574768066406e+01
1.315879821777343750e-01,1.605510711669921875e-03
4.658228776915238623e-01,4.037380218505859375e-03
1.835925841721231522e-01,3.988742828369140625e-03
8.211178882111789257e-01,3.477461338043212891e-01
8.176182381761823992e-01,1.200652122497558594e-02
8.414158584141585573e-01,1.515900850296020508e+01
8.684120178222656250e-01,1.574039459228515625e-03
7.892057481160652532e-01,4.049777984619140625e-03
8.594053342075291813e-01,4.010915756225585938e-03
3.873612638736126379e-01,3.471641540527343750e-01
4.051594840515948537e-01,1.201486587524414062e-02
1.569843015698430266e-01,1.597276449203491211e+01
5.880985260009765625e-01,2.649307250976562500e-03
4.223366507486407406e-01,4.256725311279296875e-03
4.270492180593796760e-01,4.028797149658203125e-03
6.881311868813119181e-01,3.484649658203125000e-01
6.789321067893210326e-01,1.260590553283691406e-02
8.036196380361964042e-01,1.569113945960998535e+01
8.684120178222656250e-01,1.682519912719726562e-03
6.786465540457051748e-01,4.074096679687500000e-03
7.294673860111449137e-01,3.998756408691406250e-03
1.220877912208779142e-01,3.598377704620361328e-01
1.363863613638636174e-01,1.234793663024902344e-02
3.766623337666233362e-01,1.561866950988769531e+01
1.315879821777343750e-01,1.696109771728515625e-03
2.696899143245221619e-01,4.047870635986328125e-03
1.399844656207381299e-01,4.007101058959960938e-03
1.568843115688431100e-01,3.889906406402587891e-01
1.751824817518248256e-01,1.211023330688476562e-02
8.969103089691031483e-02,1.531049060821533203e+01
2.517223358154296875e-01,2.498626708984375000e-03
2.329811404638960637e-01,4.189491271972656250e-03
1.643484141531422749e-01,4.013776779174804688e-03
5.499450054994500618e-03,4.004883766174316406e-01
5.699430056994300893e-03,1.252532005310058594e-02
7.899210078992101314e-03,1.563092255592346191e+01
2.069473266601562500e-02,1.597642898559570312e-03
1.891246270554699724e-02,4.024744033813476562e-03
8.030255531057559071e-03,3.956079483032226562e-03
6.840315968403160030e-01,4.512550830841064453e-01
6.690330966903309529e-01,1.205801963806152344e-02
5.739426057394260150e-01,1.588064908981323242e+01
2.517223358154296875e-01,1.671314239501953125e-03
6.232279731698837644e-01,4.060745239257812500e-03
7.467665211113745372e-01,3.996849060058593750e-03
4.748525147485251341e-01,3.456356525421142578e-01
4.694530546945305249e-01,1.205372810363769531e-02
2.288771122887711118e-01,1.533198785781860352e+01
2.517223358154296875e-01,1.590013504028320312e-03
4.914761388573577472e-01,4.003524780273437500e-03
4.925664484553095579e-01,3.973245620727539062e-03
9.724027597240275655e-01,3.469669818878173828e-01
9.733026697330267041e-01,1.201367378234863281e-02
9.948005199480052241e-01,1.541111254692077637e+01
7.482776641845703125e-01,2.470731735229492188e-03
8.908208922174098987e-01,4.180192947387695312e-03
9.705093326850517954e-01,4.010677337646484375e-03
5.110488951104888988e-01,3.462524414062500000e-01
5.273472652734726429e-01,1.247572898864746094e-02
9.418058194180581877e-01,1.543772220611572266e+01
2.517223358154296875e-01,1.588106155395507812e-03
5.159601225203098718e-01,4.004716873168945312e-03
5.283619540790073232e-01,3.986358642578125000e-03
2.156784321567843110e-01,3.463685512542724609e-01
2.191780821917808098e-01,1.203799247741699219e-02
2.553744625537446300e-01,1.609495759010314941e+01
1.315879821777343750e-01,1.570701599121093750e-03
2.795196966404240868e-01,4.021644592285156250e-03
2.516336347904051252e-01,3.962278366088867188e-03
5.089491050894910662e-02,4.152469635009765625e-01
5.369463053694630700e-02,1.203060150146484375e-02
1.190880911908809153e-01,1.570307445526123047e+01
5.765914916992187500e-02,1.582622528076171875e-03
3.587399563181154494e-01,4.042148590087890625e-03
3.550447805048551758e-02,3.984212875366210938e-03
3.042695730426957512e-01,3.465061187744140625e-01
3.247675232476752161e-01,1.199913024902343750e-02
1.175882411758824159e-01,1.662954831123352051e+01
5.880985260009765625e-01,2.485036849975585938e-03
3.820049515911925764e-01,4.166126251220703125e-03
2.768779011324355999e-01,3.997802734375000000e-03
7.830216978302170228e-01,3.469364643096923828e-01
8.052194780521947370e-01,1.249432563781738281e-02
8.780121987801219330e-01,1.648055529594421387e+01
4.119014739990234375e-01,1.690149307250976562e-03
7.063402681345013479e-01,4.073381423950195312e-03
7.930545508509549979e-01,3.973960876464843750e-03
2.779722027797220177e-02,3.464369773864746094e-01
3.219678032196780088e-02,1.209807395935058594e-02
1.079892010798920096e-02,1.584043908119201660e+01
5.765914916992187500e-02,1.597881317138671875e-03
7.749080691457371772e-02,4.034757614135742188e-03
4.175808102068036959e-02,3.979921340942382812e-03
3.328667133286671298e-01,3.466336727142333984e-01
3.367663233676632117e-01,1.202344894409179688e-02
1.377862213778622003e-01,1.557077145576477051e+01
5.880985260009765625e-01,1.577615737915039062e-03
3.250310194779338913e-01,4.051446914672851562e-03
3.177508010438800934e-01,3.986120223999023438e-03
3.926607339266073304e-01,3.481001853942871094e-01
3.959604039596040237e-01,1.201033592224121094e-02
5.532446755324467169e-01,1.517099285125732422e+01
2.517223358154296875e-01,2.490520477294921875e-03
3.482528626081302092e-01,4.201173782348632812e-03
3.713408622966831718e-01,4.043340682983398438e-03
1.067893210678932114e-01,3.483269214630126953e-01
1.101889811018898074e-01,1.250767707824707031e-02
2.061793820617938144e-01,1.496385788917541504e+01
5.765914916992187500e-02,1.602411270141601562e-03
1.089795523942951871e-01,4.009723663330078125e-03
9.133083967055993790e-02,3.969430923461914062e-03
5.320467953204679468e-01,3.471794128417968750e-01
5.393460653934606386e-01,1.204681396484375000e-02
5.324467553244675022e-01,1.579015445709228516e+01
2.517223358154296875e-01,1.597404479980468750e-03
5.333497951357152322e-01,4.031896591186523438e-03
5.182510975815305398e-01,3.972768783569335938e-03
7.584241575842415317e-01,3.468763828277587891e-01
7.616238376162384194e-01,1.201844215393066406e-02
7.721227877212278878e-01,1.638233089447021484e+01
2.517223358154296875e-01,1.693010330200195312e-03
6.491821485614870380e-01,4.093885421752929688e-03
7.173030439853492757e-01,3.998994827270507812e-03
4.334566543345665379e-01,4.118828773498535156e-01
4.391560843915608414e-01,1.209092140197753906e-02
4.925507449255074333e-01,1.533552002906799316e+01
4.119014739990234375e-01,2.630472183227539062e-03
4.651959614268206256e-01,4.237890243530273438e-03
5.020655224871118927e-01,4.028081893920898438e-03
1.814818518148185178e-01,4.371535778045654297e-01
1.969803019698030122e-01,2.059006690979003906e-02
2.580741925807419346e-01,1.537584686279296875e+01
2.517223358154296875e-01,1.739978790283203125e-03
2.031081315721642855e-01,4.080772399902343750e-03
1.606820431273842109e-01,4.010200500488281250e-03
1.038896110388961153e-01,3.472461700439453125e-01
1.060893910608939061e-01,1.213145256042480469e-02
3.619638036196380637e-02,1.553408002853393555e+01
1.315879821777343750e-01,1.722335815429687500e-03
1.657175809653682053e-01,4.040479660034179688e-03
7.729446836091369288e-02,4.017353057861328125e-03
5.178482151784821186e-01,3.468453884124755859e-01
5.115488451154884819e-01,1.210308074951171875e-02
4.513548645135486703e-01,1.641078925132751465e+01
4.119014739990234375e-01,1.621484756469726562e-03
5.074785957695480132e-01,4.015445709228515625e-03
4.968138542284940007e-01,3.986835479736328125e-03
8.682131786821317698e-01,3.486788272857666016e-01
8.641135886411358547e-01,1.203584671020507812e-02
9.234076592340766387e-01,1.572324872016906738e+01
9.423408508300781250e-01,2.474308013916015625e-03
8.374683181481443750e-01,4.209995269775390625e-03
8.625130369283520171e-01,4.008054733276367188e-03
9.061093890610938395e-01,3.468608856201171875e-01
9.007099290070993414e-01,1.249790191650390625e-02
9.273072692730727207e-01,1.527590155601501465e+01
8.684120178222656250e-01,1.624584197998046875e-03
7.438448851650970584e-01,4.046201705932617188e-03
8.690725286497428259e-01,4.006862640380859375e-03
5.946405359464053131e-01,3.479666709899902344e-01
5.949405059494050629e-01,1.204109191894531250e-02
3.056694330566943063e-01,1.604233813285827637e+01
8.684120178222656250e-01,1.605272293090820312e-03
5.772794627793997879e-01,4.043102264404296875e-03
6.264361995531093630e-01,3.978252410888671875e-03
1.984801519848015117e-01,3.464679718017578125e-01
1.862813718628137105e-01,1.197075843811035156e-02
2.732726727327267069e-01,1.499304080009460449e+01
5.880985260009765625e-01,1.675844192504882812e-03
3.671744802247898232e-01,4.043102264404296875e-03
1.925639693619745629e-01,3.971099853515625000e-03
6.830316968303169478e-01,3.459904193878173828e-01
6.755324467553244228e-01,1.208758354187011719e-02
8.329167083291670881e-01,1.540088701248168945e+01
7.482776641845703125e-01,2.468585968017578125e-03
6.111055469267083762e-01,4.200458526611328125e-03
6.859979631306249992e-01,4.019737243652343750e-03
8.294170582941705616e-01,3.471593856811523438e-01
8.255174482551744797e-01,1.254343986511230469e-02
9.470052994700529636e-01,1.603948402404785156e+01
2.517223358154296875e-01,1.667737960815429688e-03
7.097384236607381380e-01,4.064321517944335938e-03
7.987552951665322087e-01,3.994703292846679688e-03
1.092890710928907105e-01,3.478553295135498047e-01
1.214878512148785117e-01,1.207494735717773438e-02
1.702829717028297163e-01,1.528925395011901855e+01
5.765914916992187500e-02,1.579999923706054688e-03
1.480110380371126855e-01,4.026651382446289062e-03
1.093825589188356373e-01,3.983736038208007812e-03
2.485751424857514380e-01,3.552525043487548828e-01
2.452754724527547170e-01,1.206517219543457031e-02
4.019598040195980493e-02,1.541789984703063965e+01
1.315879821777343750e-01,1.679420471191406250e-03
3.208480442889427575e-01,4.038572311401367188e-03
3.220252322121011646e-01,4.004001617431640625e-03
7.278272172782721539e-01,3.480730056762695312e-01
7.264273572642735433e-01,1.205801963806152344e-02
4.613538646135386667e-01,1.501657605171203613e+01
2.517223358154296875e-01,2.497196197509765625e-03
6.988004636434150818e-01,4.198789596557617188e-03
7.068298811968544149e-01,4.009962081909179688e-03
1.078892110788921138e-01,3.464076519012451172e-01
1.278872112788721205e-01,1.254415512084960938e-02
8.379162083791620586e-02,1.555104827880859375e+01
2.517223358154296875e-01,1.601457595825195312e-03
1.270709668447584373e-01,4.031896591186523438e-03
1.092230578677577113e-01,3.988981246948242188e-03
2.631736826317368494e-01,3.477737903594970703e-01
2.684731526847315419e-01,1.201391220092773438e-02
2.511748825117487982e-01,1.553420424461364746e+01
4.119014739990234375e-01,1.589059829711914062e-03
3.836343683920055980e-01,4.007101058959960938e-03
2.743859005277868857e-01,3.970861434936523438e-03
1.305869413058694251e-01,3.485360145568847656e-01
1.295870412958704254e-01,1.200723648071289062e-02
6.719328067193280907e-02,1.554623556137084961e+01
1.315879821777343750e-01,1.586437225341796875e-03
2.634905699862107875e-01,3.997564315795898438e-03
1.397312943225149651e-01,3.987312316894531250e-03
6.479352064793521271e-02,3.465003967285156250e-01
6.749325067493250341e-02,1.202249526977539062e-02
2.539746025397460194e-02,1.533852314949035645e+01
2.517223358154296875e-01,2.570152282714843750e-03
1.632235049296050233e-01,4.209995269775390625e-03
5.744293890744990583e-02,4.010200500488281250e-03
5.909409059094090644e-01,3.479168415069580078e-01
5.960403959604039237e-01,1.255106925964355469e-02
5.245475452454754217e-01,1.546373295783996582e+01
4.119014739990234375e-01,1.602411270141601562e-03
5.752527924350613331e-01,4.044055938720703125e-03
6.294559863317654713e-01,1.598381996154785156e-02
8.049195080491950982e-01,3.467407226562500000e-01
8.036196380361964042e-01,1.208329200744628906e-02
9.699030096990300942e-01,1.624122500419616699e+01
7.482776641845703125e-01,1.722335815429687500e-03
7.695723975279229467e-01,4.056930541992187500e-03
7.830713849339601129e-01,3.993749618530273438e-03
7.879212078792120766e-02,3.497526645660400391e-01
6.979302069793021090e-02,1.210856437683105469e-02
1.599840015998400256e-01,1.551808094978332520e+01
4.119014739990234375e-01,1.718282699584960938e-03
1.183250092038560797e-01,4.058361053466796875e-03
6.518191831673617043e-02,3.967285156250000000e-03
7.451254874512548421e-01,3.471736907958984375e-01
7.437256274372562315e-01,1.209759712219238281e-02
3.861613838616138605e-01,1.531571626663208008e+01
5.880985260009765625e-01,2.624273300170898438e-03
7.089215970461237859e-01,4.213333129882812500e-03
7.122309850908075113e-01,4.011154174804687500e-03
1.575842415758424153e-01,3.461008071899414062e-01
1.675832416758324117e-01,1.261138916015625000e-02
4.554544545545445300e-01,1.532893872261047363e+01
2.517223358154296875e-01,1.710414886474609375e-03
1.930948465923131852e-01,4.090309143066406250e-03
1.473836001806582696e-01,3.995895385742187500e-03
1.019898010198980187e-02,3.487210273742675781e-01
1.309869013098690152e-02,1.210188865661621094e-02
5.299470052994700343e-03,1.641911768913269043e+01
5.765914916992187500e-02,1.688241958618164062e-03
2.436464662055371280e-02,4.045963287353515625e-03
5.302906234891690759e-03,4.011631011962890625e-03
2.431756824317568288e-01,3.730192184448242188e-01
2.567743225677432406e-01,1.210761070251464844e-02
3.923607639236076361e-01,1.545826482772827148e+01
2.517223358154296875e-01,2.488851547241210938e-03
2.465634231655893238e-01,4.187107086181640625e-03
2.151221726391834288e-01,4.027366638183593750e-03
5.055494450554944841e-01,3.510997295379638672e-01
5.012498750124987357e-01,1.252055168151855469e-02
3.597640235976402590e-01,1.527200651168823242e+01
2.517223358154296875e-01,1.641750335693359375e-03
5.238626382240733070e-01,4.042625427246093750e-03
5.409008333890099607e-01,3.999233245849609375e-03
7.790220977902210242e-01,3.487837314605712891e-01
7.713228677132286659e-01,1.208615303039550781e-02
7.154284571542846027e-01,1.476849174499511719e+01
2.517223358154296875e-01,1.612901687622070312e-03
6.815310677349625257e-01,4.036426544189453125e-03
7.527653557841895715e-01,4.010677337646484375e-03
1.474852514748525023e-01,3.509464263916015625e-01
1.487851214878512240e-01,1.204442977905273438e-02
1.013898610138986162e-01,1.589330625534057617e+01
5.765914916992187500e-02,1.677989959716796875e-03
2.686466719708596185e-01,4.045486450195312500e-03
1.633086117600883735e-01,3.980875015258789062e-03
5.199480051994800345e-01,3.472743034362792969e-01
5.081491850814918720e-01,1.204395294189453125e-02
2.515748425157484092e-01,1.536526131629943848e+01
7.482776641845703125e-01,2.477169036865234375e-03
5.068345059947694242e-01,4.188537597656250000e-03
5.163913009308376267e-01,3.996133804321289062e-03
2.343765623437656098e-01,4.137563705444335938e-01
2.269773022697730291e-01,1.257181167602539062e-02
2.249775022497750299e-01,1.558643984794616699e+01
7.482776641845703125e-01,1.610755920410156250e-03
2.780337828998573624e-01,4.045486450195312500e-03
1.886189210121270721e-01,3.975391387939453125e-03
9.903009699030097535e-01,3.479747772216796875e-01
9.869013098690131436e-01,1.202201843261718750e-02
9.931006899310068636e-01,1.557005143165588379e+01
8.684120178222656250e-01,1.586198806762695312e-03
9.869273422747100177e-01,4.028081893920898438e-03
9.904682701288112234e-01,3.995895385742187500e-03
7.076292370762923278e-01,3.611145019531250000e-01
7.003299670032996360e-01,1.203370094299316406e-02
5.266473352664733376e-01,1.517137718200683594e+01
5.880985260009765625e-01,1.656532287597656250e-03
5.837688271261740613e-01,4.060983657836914062e-03
7.534616992858064188e-01,3.986597061157226562e-03
8.600139986001399395e-01,3.475885391235351562e-01
8.577142285771423014e-01,1.203012466430664062e-02
5.102489751024897879e-01,1.577796268463134766e+01
4.119014739990234375e-01,2.559423446655273438e-03
8.482083298368231494e-01,4.236221313476562500e-03
9.015999871728436199e-01,4.000902175903320312e-03
4.463553644635536721e-01,3.468551635742187500e-01
4.360563943605639259e-01,1.255822181701660156e-02
4.283571642835716231e-01,1.542742013931274414e+01
5.880985260009765625e-01,1.607418060302734375e-03
4.529885843754707375e-01,4.010438919067382812e-03
3.897165513039231866e-01,3.965139389038085938e-03
4.502549745025497541e-01,3.808376789093017578e-01
4.584541545845415289e-01,1.204514503479003906e-02
3.782621737826217245e-01,1.533602142333984375e+01
2.517223358154296875e-01,1.641750335693359375e-03
4.871103393665483505e-01,4.030227661132812500e-03
4.556018956337681836e-01,3.998994827270507812e-03
4.548545145485451413e-01,3.466570377349853516e-01
4.494550544945505322e-01,1.206898689270019531e-02
3.229677032296770500e-01,1.529054355621337891e+01
5.880985260009765625e-01,1.601696014404296875e-03
5.088217055300221503e-01,4.029035568237304688e-03
4.413152710855379190e-01,3.989696502685546875e-03
1.054894510548945175e-01,3.481400012969970703e-01
1.160883911608839164e-01,1.201438903808593750e-02
2.097790220977902298e-01,1.434360337257385254e+01
1.315879821777343750e-01,2.483606338500976562e-03
4.556317632355566527e-01,4.216909408569335938e-03
1.048446826630793360e-01,3.994226455688476562e-03
6.789321067893210049e-02,3.483576774597167969e-01
6.339366063393660211e-02,1.248145103454589844e-02
1.976802319768023175e-01,1.536481881141662598e+01
4.119014739990234375e-01,1.589775085449218750e-03
1.411514770039211664e-01,4.027843475341796875e-03
5.398872984870854708e-02,3.975629806518554688e-03
2.973702629737026149e-01,3.483731746673583984e-01
3.189681031896810515e-01,1.202893257141113281e-02
2.325767423257674160e-01,1.530672025680541992e+01
4.119014739990234375e-01,1.655340194702148438e-03
3.573388575775563458e-01,4.037857055664062500e-03
2.720483805979325709e-01,4.011154174804687500e-03
5.226477352264773391e-01,4.117336273193359375e-01
5.124487551244875094e-01,1.205182075500488281e-02
5.467453254674532470e-01,1.528479409217834473e+01
4.119014739990234375e-01,1.719236373901367188e-03
5.097610293685724825e-01,4.039764404296875000e-03
5.347383272691852429e-01,3.984212875366210938e-03
1.672832716728327174e-01,3.474099636077880859e-01
1.589841015898410259e-01,1.207160949707031250e-02
9.409059094090591047e-02,1.505845713615417480e+01
4.119014739990234375e-01,2.586364746093750000e-03
1.779255178469842380e-01,4.288434982299804688e-03
1.826343436725916258e-01,4.057168960571289062e-03
2.871712828717128407e-01,3.526959419250488281e-01
2.821717828217178425e-01,1.261353492736816406e-02
2.986701329867013088e-01,1.515291094779968262e+01
9.423408508300781250e-01,1.737833023071289062e-03
3.932273231968320681e-01,4.075765609741210938e-03
2.110102699659248682e-01,3.984689712524414062e-03
4.048595140485951593e-01,3.491339683532714844e-01
4.057594240575942424e-01,1.212430000305175781e-02
2.410758924107589130e-01,1.572529673576354980e+01
2.517223358154296875e-01,1.618385314941406250e-03
4.676520883317284438e-01,4.018783569335937500e-03
3.994998511232333849e-01,3.980398178100585938e-03
5.894410558944105372e-01,3.490562438964843750e-01
5.884411558844115930e-01,1.205682754516601562e-02
8.695130486951304638e-01,1.579041671752929688e+01
4.119014739990234375e-01,1.581192016601562500e-03
5.988532052814751205e-01,4.009723663330078125e-03
6.095907514066711830e-01,3.990888595581054688e-03
5.697430256974302942e-01,3.482408523559570312e-01
5.780421957804219302e-01,1.201772689819335938e-02
6.316368363163683552e-01,1.566202688217163086e+01
9.423408508300781250e-01,2.450942993164062500e-03
5.257178138287366131e-01,4.219532012939453125e-03
4.947922615158830140e-01,4.032850265502929688e-03
9.651034896510348737e-01,3.465576171875000000e-01
9.670032996700329564e-01,1.251435279846191406e-02
9.976002399760024453e-01,1.597599482536315918e+01
8.684120178222656250e-01,1.611948013305664062e-03
8.753181234107771935e-01,4.047155380249023438e-03
9.663185467015258379e-01,3.996610641479492188e-03
9.450054994500549643e-01,3.490743637084960938e-01
9.372062793720628004e-01,1.205825805664062500e-02
9.100089991000900325e-01,1.481799197196960449e+01
4.119014739990234375e-01,1.659870147705078125e-03
9.193478724634713828e-01,4.014015197753906250e-03
9.660880183645186303e-01,3.985881805419921875e-03
7.675232476752325006e-01,3.469507694244384766e-01
7.670232976702330285e-01,1.204371452331542969e-02
8.195180481951804818e-01,1.439477157592773438e+01
7.482776641845703125e-01,1.583099365234375000e-03
7.451594458086931994e-01,4.015922546386718750e-03
7.892535854903284243e-01,3.969430923461914062e-03
2.997700229977002251e-01,3.644878864288330078e-01
3.045695430456954456e-01,1.200318336486816406e-02
2.263773622637736127e-01,1.504210662841796875e+01
1.315879821777343750e-01,2.514839172363281250e-03
3.020120512419345871e-01,4.223585128784179688e-03
2.623845501197246133e-01,4.009485244750976562e-03
5.331466853314668075e-01,3.498783111572265625e-01
5.422457754224577764e-01,1.253008842468261719e-02
6.760323967603240058e-01,1.600623917579650879e+01
5.765914916992187500e-02,1.588106155395507812e-03
5.525874313267280513e-01,4.039049148559570312e-03
5.793612921984836461e-01,3.984451293945312500e-03
9.651034896510348737e-01,3.476681709289550781e-01
9.622037796220378469e-01,1.199126243591308594e-02
8.030196980301970155e-01,1.621919894218444824e+01
7.482776641845703125e-01,1.677751541137695312e-03
9.341547158264486006e-01,4.057645797729492188e-03
9.380846932765476431e-01,3.989219665527343750e-03
4.331566843315668436e-01,4.889643192291259766e-01
4.452554744525547559e-01,2.803397178649902344e-02
3.508649135086491233e-01,1.445136284828186035e+01
1.315879821777343750e-01,1.590251922607421875e-03
4.192383594105386080e-01,4.036188125610351562e-03
4.200640422444705258e-01,3.977537155151367188e-03
6.076392360763923639e-01,3.486568927764892578e-01
6.042395760423957540e-01,1.202940940856933594e-02
2.846715328467153139e-01,1.570697593688964844e+01
2.517223358154296875e-01,2.473592758178710938e-03
6.475724513000554738e-01,4.237174987792968750e-03
5.695605212922818517e-01,3.984212875366210938e-03
6.069393060693930586e-01,3.698282241821289062e-01
6.407359264073592131e-01,1.250600814819335938e-02
4.449555044495550615e-01,1.528603076934814453e+01
2.517223358154296875e-01,1.589298248291015625e-03
5.532286518848978929e-01,4.029750823974609375e-03
6.200951903821625422e-01,3.982543945312500000e-03
3.699630036996300313e-03,3.746449947357177734e-01
4.699530046995300386e-03,1.231646537780761719e-02
2.969703029697030178e-02,1.545203900337219238e+01
1.315879821777343750e-01,1.620054244995117188e-03
1.568518244378374060e-01,4.000425338745117188e-03
6.089201040403793841e-03,3.984928131103515625e-03
5.255474452554744769e-01,5.473244190216064453e-01
5.456454354564543863e-01,1.203346252441406250e-02
5.811418858114189012e-01,1.646949362754821777e+01
7.482776641845703125e-01,1.668214797973632812e-03
5.230457668501407031e-01,4.057168960571289062e-03
5.101267449699015133e-01,4.004240036010742188e-03
7.842215778422158001e-01,3.493604660034179688e-01
7.863213678632137160e-01,1.204299926757812500e-02
6.756324367563243394e-01,1.660219097137451172e+01
2.517223358154296875e-01,2.467870712280273438e-03
7.848203125459745078e-01,4.219293594360351562e-03
8.080163136856530759e-01,4.000186920166015625e-03
1.540845915408459166e-01,3.477911949157714844e-01
1.558844115588441104e-01,1.248550415039062500e-02
3.833616638336166393e-01,1.609810805320739746e+01
1.315879821777343750e-01,1.743316650390625000e-03
1.632132638694582250e-01,4.084825515747070312e-03
1.591643793656646322e-01,4.036903381347656250e-03
5.864413558644135938e-01,3.783168792724609375e-01
5.796420357964203740e-01,1.221108436584472656e-02
5.028497150284971795e-01,1.681064367294311523e+01
4.119014739990234375e-01,1.720666885375976562e-03
5.513586758692580192e-01,4.064321517944335938e-03
5.746549019551897564e-01,4.003763198852539062e-03
4.094590540945905466e-01,3.500909805297851562e-01
4.146585341465853225e-01,1.211166381835937500e-02
4.598540145985401395e-01,1.547164893150329590e+01
2.517223358154296875e-01,1.737117767333984375e-03
4.897493037083682221e-01,4.112720489501953125e-03
3.715516253022412840e-01,3.995656967163085938e-03
9.211078892110788896e-01,3.482832908630371094e-01
9.191080891910808903e-01,1.209759712219238281e-02
9.630036996300369578e-01,1.600518250465393066e+01
9.987115859985351562e-01,2.540826797485351562e-03
8.314321346185948869e-01,4.220247268676757812e-03
9.384880305711377213e-01,4.002094268798828125e-03
4.720527947205279684e-01,3.476877212524414062e-01
4.692530746925307472e-01,1.254582405090332031e-02
3.641635836416358130e-01,1.555427193641662598e+01
2.517223358154296875e-01,1.686811447143554688e-03
4.939666425725857124e-01,4.083395004272460938e-03
4.683318427015521479e-01,3.999233245849609375e-03
4.443555644435556173e-01,3.482499122619628906e-01
4.441555844415558396e-01,1.211071014404296875e-02
6.904309569043095562e-01,1.522754049301147461e+01
5.880985260009765625e-01,1.639366149902343750e-03
4.470367568016719306e-01,4.040479660034179688e-03
4.333006480757313206e-01,4.021167755126953125e-03
5.394460553944605552e-01,3.662021160125732422e-01
5.297470252974701976e-01,1.206612586975097656e-02
3.805619438056194181e-01,1.554808425903320312e+01
5.765914916992187500e-02,1.634359359741210938e-03
4.943962549729435940e-01,4.041194915771484375e-03
5.563571964858502472e-01,4.016637802124023438e-03
4.809519048095190624e-02,3.480129241943359375e-01
4.759524047595240642e-02,1.198339462280273438e-02
3.389661033896610443e-01,1.513169789314270020e+01
4.119014739990234375e-01,2.479076385498046875e-03
3.728503349714221704e-01,4.179954528808593750e-03
2.516149099615533694e-02,3.987550735473632812e-03
1.597840215978402201e-01,3.491933345794677734e-01
1.598840115988401089e-01,1.247859001159667969e-02
3.366663333666633506e-01,1.533740568161010742e+01
7.482776641845703125e-01,1.691579818725585938e-03
3.267881945244610065e-01,4.065275192260742188e-03
1.521177855956483138e-01,3.974437713623046875e-03
2.230776922307769194e-01,3.489634990692138672e-01
2.373762623737626365e-01,1.212024688720703125e-02
1.984801519848015117e-01,1.711648297309875488e+01
1.315879821777343750e-01,1.608371734619140625e-03
2.139954350329205113e-01,4.024267196655273438e-03
2.172790942659954538e-01,3.976583480834960938e-03
9.451054894510548809e-01,3.462913036346435547e-01
9.493050694930507127e-01,1.201224327087402344e-02
9.762023797620238419e-01,1.563680696487426758e+01
5.880985260009765625e-01,1.605033874511718750e-03
9.598869610845904843e-01,4.043579101562500000e-03
9.325000230800761791e-01,4.006624221801757812e-03
3.362663733626637397e-01,4.888713359832763672e-01
3.530646935306469558e-01,1.201295852661132812e-02
3.075692430756924445e-01,1.548880577087402344e+01
4.119014739990234375e-01,2.469539642333984375e-03
3.939900282739537962e-01,4.194498062133789062e-03
3.834831465629286451e-01,3.968477249145507812e-03
6.012398760123988106e-01,3.462548255920410156e-01
6.077392260773922805e-01,1.248264312744140625e-02
4.083591640835916303e-01,1.548765754699707031e+01
5.880985260009765625e-01,1.591920852661132812e-03
5.278327956806868615e-01,4.019737243652343750e-03
5.365769706042967657e-01,3.952980041503906250e-03
9.676032396760323451e-01,3.499395847320556641e-01
9.643035696430356518e-01,1.202082633972167969e-02
9.704029597040295663e-01,1.542251324653625488e+01
9.940910339355468750e-01,1.590490341186523438e-03
6.394551799422140137e-01,4.019021987915039062e-03
9.796347990489052693e-01,3.977775573730468750e-03
3.246675332466753550e-01,3.468067646026611328e-01
3.331666833316668241e-01,1.204156875610351562e-02
3.151684831516848306e-01,1.579964256286621094e+01
5.880985260009765625e-01,1.599550247192382812e-03
3.630293889705950017e-01,4.006862640380859375e-03
3.230943521419011866e-01,3.944158554077148438e-03
7.199280071992800352e-03,3.460474014282226562e-01
1.019898010198980187e-02,1.202440261840820312e-02
2.429757024297570303e-02,1.534144544601440430e+01
5.908966064453125000e-03,2.472162246704101562e-03
1.322115281278568762e-02,4.231452941894531250e-03
6.052912054788548400e-03,4.004240036010742188e-03
1.169883011698830133e-02,5.613284111022949219e-01
1.519848015198480180e-02,2.049708366394042969e-02
2.799720027997200378e-03,1.564977645874023438e+01
1.288414001464843750e-03,1.617193222045898438e-03
3.283155708951090296e-02,4.014730453491210938e-03
2.468729001579044596e-02,3.988742828369140625e-03
6.941305869413059160e-01,3.461999893188476562e-01
6.826317368263173924e-01,1.205730438232421875e-02
5.051494850514948176e-01,1.641593194007873535e+01
5.880985260009765625e-01,1.591682434082031250e-03
5.958744396106960828e-01,3.996849060058593750e-03
6.952762565779000425e-01,3.958940505981445312e-03
2.334766523347665268e-01,4.972679615020751953e-01
2.499750024997500208e-01,1.201891899108886719e-02
1.603839616038396088e-01,1.542429685592651367e+01
1.315879821777343750e-01,1.588821411132812500e-03
2.323272094011540889e-01,4.013299942016601562e-03
2.140921118543764323e-01,3.985643386840820312e-03
2.970702929707029205e-01,3.461396694183349609e-01
2.832716728327167033e-01,1.198482513427734375e-02
2.874712528747125351e-01,1.548523879051208496e+01
1.315879821777343750e-01,2.641677856445312500e-03
3.738531327602717669e-01,4.283189773559570312e-03
3.138274288850420035e-01,4.050016403198242188e-03
1.708829117088291050e-01,3.497059345245361328e-01
1.877812218778122100e-01,1.261568069458007812e-02
4.786521347865213549e-01,1.517614102363586426e+01
1.315879821777343750e-01,1.631975173950195312e-03
2.406911387553931636e-01,4.068136215209960938e-03
1.744740342236962838e-01,3.987550735473632812e-03
9.021097890210978409e-01,3.500905036926269531e-01
8.977102289771022869e-01,1.209855079650878906e-02
9.376062393760623559e-01,1.593849134445190430e+01
7.482776641845703125e-01,1.721620559692382812e-03
8.597721698532398982e-01,4.074811935424804688e-03
9.597226436290496876e-01,3.993749618530273438e-03
5.226477352264773391e-01,3.469526767730712891e-01
5.535446455354464668e-01,1.209211349487304688e-02
2.552744725527447134e-01,1.495417857170104980e+01
7.482776641845703125e-01,1.627445220947265625e-03
5.105578136299723235e-01,4.066228866577148438e-03
5.293143424413340181e-01,3.991603851318359375e-03
8.834116588341165421e-01,3.461344242095947266e-01
8.704129587041296023e-01,1.202726364135742188e-02
8.588141185881411621e-01,1.511644530296325684e+01
9.423408508300781250e-01,2.542018890380859375e-03
6.191938784445131239e-01,4.223108291625976562e-03
8.593651253813283653e-01,4.015445709228515625e-03
2.980701929807019201e-01,3.475883007049560547e-01
3.048695130486951399e-01,1.251602172851562500e-02
4.178582141785821547e-01,1.547176694869995117e+01
1.315879821777343750e-01,1.628875732421875000e-03
3.223617947065484657e-01,4.019975662231445312e-03
2.574620449630617980e-01,3.983020782470703125e-03
5.008499150084991802e-01,3.491592407226562500e-01
5.024497550244975130e-01,1.203775405883789062e-02
3.209679032096790507e-01,1.562711334228515625e+01
4.119014739990234375e-01,1.580238342285156250e-03
5.023976471394006049e-01,4.020214080810546875e-03
4.525361424146073230e-01,4.006624221801757812e-03
6.618338166183381777e-01,3.691065311431884766e-01
6.581341865813418179e-01,1.203060150146484375e-02
6.752324767523247839e-01,1.501453256607055664e+01
2.517223358154296875e-01,1.629352569580078125e-03
5.240311057164164232e-01,4.024028778076171875e-03
6.100707149759323489e-01,3.981113433837890625e-03
7.043295670432956346e-01,3.559560775756835938e-01
7.036296370362963293e-01,1.203680038452148438e-02
4.801519848015198266e-01,1.468316507339477539e+01
9.423408508300781250e-01,2.482175827026367188e-03
6.768867270592661134e-01,4.208803176879882812e-03
6.811944905108031634e-01,4.006862640380859375e-03
1.072892710728927113e-01,3.495399951934814453e-01
1.178882111788821102e-01,1.251006126403808594e-02
2.878712128787121460e-01,1.608632469177246094e+01
5.765914916992187500e-02,1.622200012207031250e-03
1.450992802952627558e-01,4.044055938720703125e-03
1.057300545028186378e-01,3.958702087402343750e-03
6.587341265873413176e-01,3.527953624725341797e-01
6.577342265773422625e-01,1.206564903259277344e-02
9.269073092690730542e-01,1.544975447654724121e+01
4.119014739990234375e-01,1.599073410034179688e-03
6.460662025302748024e-01,4.026174545288085938e-03
6.562888248827047910e-01,3.965377807617187500e-03
6.919308069193080835e-02,3.462934494018554688e-01
6.829317068293171145e-02,1.200175285339355469e-02
2.384761523847615250e-01,1.696182012557983398e+01
1.315879821777343750e-01,1.606941223144531250e-03
1.281336221438849621e-01,4.031419754028320312e-03
4.945193287034000545e-02,4.015207290649414062e-03
9.953004699530046961e-01,3.478744029998779297e-01
9.950004999500049463e-01,1.200103759765625000e-02
9.948005199480052241e-01,1.566916680335998535e+01
8.684120178222656250e-01,2.481937408447265625e-03
9.647042253268357515e-01,4.202127456665039062e-03
9.990157332710387639e-01,4.026174545288085938e-03
9.486051394860514074e-01,3.471198081970214844e-01
9.438056194380561870e-01,1.249837875366210938e-02
9.318068193180681913e-01,1.539428019523620605e+01
8.684120178222656250e-01,1.603841781616210938e-03
9.518844054728284876e-01,4.008531570434570312e-03
9.560248435153424484e-01,4.013299942016601562e-03
1.643835616438356073e-01,3.470737934112548828e-01
1.834816518348165171e-01,1.199674606323242188e-02
8.259174082591741461e-02,1.566938090324401855e+01
2.069473266601562500e-02,1.591444015502929688e-03
1.786161530473374670e-01,4.043102264404296875e-03
1.159214761540768301e-01,3.982067108154296875e-03
5.164483551644835080e-01,3.479738235473632812e-01
5.074492550744925667e-01,1.199197769165039062e-02
2.967703229677032262e-01,1.619238090515136719e+01
5.880985260009765625e-01,1.654863357543945312e-03
4.964722400929835189e-01,4.032850265502929688e-03
5.365275936205543550e-01,3.984212875366210938e-03
6.345365463453654931e-01,3.463890552520751953e-01
6.467353264673532109e-01,1.202011108398437500e-02
4.681531846815318310e-01,1.605709743499755859e+01
1.315879821777343750e-01,2.470254898071289062e-03
5.236717669181317758e-01,4.217386245727539062e-03
5.845138541373047225e-01,4.010677337646484375e-03
1.642835716428357185e-01,3.463561534881591797e-01
1.615838416158384139e-01,1.252126693725585938e-02
1.349865013498650068e-01,1.564126896858215332e+01
2.069473266601562500e-02,1.664638519287109375e-03
2.610550972964593708e-01,4.049777984619140625e-03
1.792391204326719278e-01,3.999471664428710938e-03
1.539846015398460277e-01,3.483862876892089844e-01
1.634836516348365243e-01,1.207089424133300781e-02
1.218878112188781088e-01,1.544314599037170410e+01
1.315879821777343750e-01,1.580715179443359375e-03
1.920644847822485790e-01,4.011392593383789062e-03
1.165301472934004434e-01,3.967046737670898438e-03
4.319568043195680385e-02,3.457965850830078125e-01
4.629537046295370550e-02,1.199769973754882812e-02
9.819018098190181176e-02,1.495206260681152344e+01
2.069473266601562500e-02,2.578735351562500000e-03
6.840126487832519364e-02,4.253149032592773438e-03
4.186076526925815861e-02,4.014730453491210938e-03
2.999700029997000219e-03,3.462779521942138672e-01
3.799620037996200451e-03,1.254439353942871094e-02
8.899110088991100953e-03,1.577452397346496582e+01
5.765914916992187500e-02,1.683473587036132812e-03
9.891959305339368888e-03,4.059314727783203125e-03
6.877215629554038999e-03,1.200222969055175781e-02
3.006699330066993081e-01,3.648016452789306641e-01
2.951704829517048378e-01,1.208496093750000000e-02
3.455654434556544308e-01,1.584426808357238770e+01
2.517223358154296875e-01,1.734018325805664062e-03
3.087392277243381500e-01,4.071235656738281250e-03
2.820540935311991459e-01,4.015445709228515625e-03
4.029597040295970073e-02,3.486568927764892578e-01
4.279572042795720677e-02,1.208376884460449219e-02
8.359164083591641425e-02,1.543059468269348145e+01
1.315879821777343750e-01,1.597642898559570312e-03
8.260958161882969719e-02,3.995656967163085938e-03
2.942839409861039771e-02,3.989934921264648438e-03
4.407559244075592297e-01,3.473391532897949219e-01
4.605539446055394448e-01,1.199626922607421875e-02
3.385661433856614333e-01,1.518092441558837891e+01
5.765914916992187500e-02,2.493619918823242188e-03
3.987595999960228399e-01,4.194498062133789062e-03
4.567633900552157122e-01,4.013538360595703125e-03
2.366763323667633312e-01,3.472075462341308594e-01
2.389761023897610248e-01,1.250028610229492188e-02
6.250374962503749687e-01,1.537828803062438965e+01
4.119014739990234375e-01,1.633644104003906250e-03
3.096492643395984956e-01,4.036426544189453125e-03
2.568441117872511947e-01,3.997325897216796875e-03
9.145085491450855031e-01,3.482353687286376953e-01
9.216078392160783617e-01,1.208877563476562500e-02
8.923107689231076778e-01,1.516334366798400879e+01
4.119014739990234375e-01,1.578330993652343750e-03
8.656203819977156266e-01,4.017829895019531250e-03
9.140348572458075749e-01,4.001140594482421875e-03
6.991300869913008587e-01,3.465361595153808594e-01
6.973302669733026926e-01,1.202130317687988281e-02
5.342465753424657793e-01,1.548346996307373047e+01
9.423408508300781250e-01,1.681089401245117188e-03
6.553164587565626364e-01,4.051923751831054688e-03
7.682570028600365086e-01,3.987789154052734375e-03
1.949805019498050337e-02,3.450176715850830078e-01
2.279772022797720357e-02,1.202344894409179688e-02
5.399460053994600481e-03,1.583969092369079590e+01
2.069473266601562500e-02,2.447605133056640625e-03
1.990941183775903067e-02,4.212617874145507812e-03
3.283208003130351493e-02,4.023790359497070312e-03
2.071792820717928141e-01,4.461331367492675781e-01
2.206779322067793092e-01,1.253700256347656250e-02
9.009099090090991191e-02,1.576459074020385742e+01
5.765914916992187500e-02,1.587867736816406250e-03
2.728297030339411622e-01,4.051685333251953125e-03
1.989056601030469995e-01,3.996849060058593750e-03
3.700629937006299497e-01,3.463115692138671875e-01
3.865613438656134160e-01,1.200914382934570312e-02
4.175582441755824603e-01,1.542635655403137207e+01
2.517223358154296875e-01,1.594543457031250000e-03
3.805236500677597333e-01,4.016637802124023438e-03
3.968345787880170894e-01,3.983020782470703125e-03
5.782421757824217634e-01,3.466825485229492188e-01
5.683431656834316836e-01,1.201057434082031250e-02
4.656534346565343596e-01,1.541185164451599121e+01
5.880985260009765625e-01,1.673460006713867188e-03
5.973809026928557087e-01,4.045724868774414062e-03
5.830743852822656281e-01,3.962993621826171875e-03
5.499450054994500792e-02,3.468575477600097656e-01
5.769423057694230556e-02,1.205301284790039062e-02
1.789821017898210118e-02,1.547178792953491211e+01
5.765914916992187500e-02,2.481222152709960938e-03
8.318834177510858741e-02,4.179239273071289062e-03
7.584825304432318838e-02,4.026651382446289062e-03
2.984701529847015311e-01,3.482949733734130859e-01
2.995700429957004474e-01,1.248311996459960938e-02
9.579042095790421540e-02,1.544585108757019043e+01
2.517223358154296875e-01,1.623392105102539062e-03
2.938621930543947602e-01,4.047632217407226562e-03
3.361476720802719642e-01,3.973484039306640625e-03
5.275472452754724761e-01,3.466348648071289062e-01
5.196480351964803956e-01,1.206707954406738281e-02
6.245375462453754967e-01,1.544609069824218750e+01
2.517223358154296875e-01,1.592636108398437500e-03
5.457979846609097851e-01,3.998756408691406250e-03
5.367854160983929201e-01,3.970146179199218750e-03
5.031496850314968183e-01,3.453972339630126953e-01
5.105489451054894268e-01,1.200795173645019531e-02
6.476352364763523495e-01,1.419906949996948242e+01
4.119014739990234375e-01,1.600503921508789062e-03
4.972996482292311726e-01,4.047393798828125000e-03
5.120988057794478854e-01,4.000902175903320312e-03
9.036096390360963682e-01,3.496222496032714844e-01
9.070092990700929780e-01,1.202344894409179688e-02
7.106289371062893823e-01,1.488301253318786621e+01
5.880985260009765625e-01,2.494335174560546875e-03
8.820782763200499810e-01,4.196643829345703125e-03
8.887790822597385620e-01,3.999710083007812500e-03
9.749025097490250646e-02,3.470549583435058594e-01
9.819018098190181176e-02,1.250791549682617188e-02
8.949105089491050935e-02,1.508696913719177246e+01
1.315879821777343750e-01,1.597404479980468750e-03
1.283073335332164389e-01,4.034042358398437500e-03
1.219639839951078830e-01,3.986120223999023438e-03
1.169883011698830133e-02,3.461008071899414062e-01
1.299870012998700051e-02,1.203060150146484375e-02
5.069493050694930808e-02,1.606359934806823730e+01
5.908966064453125000e-03,1.608610153198242188e-03
1.590472014724864797e-02,1.203179359436035156e-02
1.931449490460583271e-02,3.994226455688476562e-03
7.514248575142485898e-01,5.098395347595214844e-01
7.456254374562544252e-01,1.203703880310058594e-02
8.666133386661334370e-01,1.537138724327087402e+01
5.880985260009765625e-01,1.755237579345703125e-03
6.952787143556093952e-01,4.093170166015625000e-03
7.729736926092287685e-01,4.001617431640625000e-03
7.513248675132486731e-01,3.476226329803466797e-01
7.403259674032596216e-01,1.213645935058593750e-02
9.189081091890810571e-01,1.528496575355529785e+01
2.517223358154296875e-01,2.609729766845703125e-03
6.858838423827710029e-01,4.235506057739257812e-03
8.086357943743374133e-01,4.007101058959960938e-03
2.699730026997300414e-02,3.508636951446533203e-01
2.979702029797020452e-02,1.265001296997070312e-02
2.309769023097690138e-02,1.555785894393920898e+01
5.765914916992187500e-02,1.701354980468750000e-03
7.711542333366541713e-02,4.093647003173828125e-03
1.922786578264037982e-02,3.987550735473632812e-03
3.237676232376762164e-01,3.464562892913818359e-01
3.336666333366663517e-01,1.213049888610839844e-02
6.011398860113988940e-01,1.532741713523864746e+01
2.517223358154296875e-01,1.663446426391601562e-03
3.848072266061876578e-01,4.047632217407226562e-03
2.755071593243701988e-01,3.973722457885742188e-03
3.537646235376462611e-01,3.480184078216552734e-01
3.473652634736526523e-01,1.208066940307617188e-02
9.235076492350764443e-01,1.544492173194885254e+01
8.684120178222656250e-01,1.585006713867187500e-03
3.673176335867771591e-01,4.034280776977539062e-03
3.674543590166828300e-01,3.985881805419921875e-03
3.899610038996100588e-03,3.465051651000976562e-01
4.199580041995800567e-03,1.199841499328613281e-02
7.499250074992500764e-03,1.511785912513732910e+01
2.069473266601562500e-02,2.488136291503906250e-03
2.044322849346289980e-02,4.191875457763671875e-03
2.241326735623435078e-03,4.032373428344726562e-03
5.709429057094290716e-01,3.462712764739990234e-01
5.892410758924107039e-01,1.249957084655761719e-02
5.266473352664733376e-01,1.546643424034118652e+01
5.908966064453125000e-03,1.581668853759765625e-03
5.782772473200574748e-01,4.019260406494140625e-03
5.856437783733474678e-01,3.990888595581054688e-03
9.450054994500549643e-01,3.460924625396728516e-01
9.386061393860614110e-01,1.205706596374511719e-02
9.740025997400260094e-01,1.547264289855957031e+01
9.793052673339843750e-01,1.655817031860351562e-03
9.257989716286195714e-01,4.041194915771484375e-03
9.417388360805145631e-01,3.981113433837890625e-03
5.729427057294270847e-02,3.470509052276611328e-01
5.899410058994100647e-02,1.205301284790039062e-02
2.325767423257674160e-01,1.538061785697937012e+01
2.069473266601562500e-02,1.582622528076171875e-03
5.634716177642293267e-02,4.046678543090820312e-03
6.565482372625014440e-02,3.980636596679687500e-03
8.979102089791020369e-02,3.475093841552734375e-01
9.379062093790621613e-02,1.198172569274902344e-02
6.189381061893810959e-02,1.506861615180969238e+01
2.069473266601562500e-02,2.555131912231445312e-03
1.102031220075910811e-01,4.237890243530273438e-03
9.781936257250040123e-02,4.011154174804687500e-03
1.785821417858214077e-01,3.475100994110107422e-01
1.880811918808119321e-01,1.256155967712402344e-02
1.760823917608239086e-01,1.555987739562988281e+01
5.880985260009765625e-01,1.593589782714843750e-03
1.793074109903016189e-01,4.027843475341796875e-03
1.385699287450817829e-01,3.987312316894531250e-03
3.897610238976102481e-01,3.475871086120605469e-01
4.096590340965903243e-01,1.201629638671875000e-02
3.900609939006099425e-01,1.549343752861022949e+01
7.482776641845703125e-01,1.649856567382812500e-03
3.980687773420025777e-01,4.031896591186523438e-03
3.684332445874698436e-01,3.968954086303710938e-03
7.560243975602439770e-01,3.468720912933349609e-01
7.550244975502449218e-01,1.206445693969726562e-02
6.666333366663333981e-01,1.573488712310791016e+01
8.684120178222656250e-01,2.439737319946289062e-03
7.953132305532393254e-01,4.182100296020507812e-03
7.211700904324146455e-01,4.012107849121093750e-03
3.807619238076192514e-01,3.487377166748046875e-01
3.787621237876212521e-01,1.250481605529785156e-02
4.911508849115088227e-01,1.580542182922363281e+01
4.119014739990234375e-01,1.586675643920898438e-03
3.819388344744284458e-01,4.064559936523437500e-03
3.176647600183399867e-01,3.987789154052734375e-03
2.542745725427457137e-01,3.476278781890869141e-01
2.533746625337466307e-01,1.202201843261718750e-02
3.319668033196680468e-01,1.462883615493774414e+01
2.517223358154296875e-01,1.602888107299804688e-03
2.503530253256289750e-01,4.033327102661132812e-03
3.007908881574017923e-01,4.004478454589843750e-03
9.539046095390461000e-01,3.479650020599365234e-01
9.562043795620438491e-01,1.199483871459960938e-02
9.712028797120287882e-01,1.502001428604125977e+01
7.482776641845703125e-01,1.677274703979492188e-03
9.751584267677301243e-01,4.035472869873046875e-03
9.532271008032473514e-01,3.997325897216796875e-03
2.593740625937406286e-01,3.472566604614257812e-01
2.712728727127287076e-01,1.205039024353027344e-02
1.904809519048095146e-01,1.674681925773620605e+01
5.880985260009765625e-01,1.597642898559570312e-03
2.887452307785518535e-01,4.035949707031250000e-03
2.690374860419019187e-01,3.981828689575195312e-03
1.692830716928307166e-01,3.464491367340087891e-01
1.737826217378262150e-01,1.199603080749511719e-02
1.153884611538846111e-01,1.475857996940612793e+01
2.517223358154296875e-01,2.524614334106445312e-03
1.737437742709248001e-01,4.191637039184570312e-03
1.905542708828116827e-01,4.000425338745117188e-03
7.841215878412158835e-01,3.485212326049804688e-01
7.721227877212278878e-01,1.252627372741699219e-02
8.057194280571943201e-01,1.547954487800598145e+01
9.793052673339843750e-01,1.584529876708984375e-03
7.394515525775234854e-01,4.031896591186523438e-03
7.968226198908735514e-01,4.005908966064453125e-03
9.188081191880811405e-01,3.486406803131103516e-01
9.155084491550844472e-01,1.200699806213378906e-02
9.502049795020497402e-01,1.511682081222534180e+01
9.423408508300781250e-01,1.714229583740234375e-03
8.821576136328563855e-01,4.052162170410156250e-03
9.146612274928176411e-01,3.966808319091796875e-03
2.798720127987201489e-01,3.678860664367675781e-01
2.889711028897110068e-01,1.230907440185546875e-02
3.227677232276772168e-01,1.539393401145935059e+01
4.119014739990234375e-01,2.531290054321289062e-03
3.042774265786450938e-01,4.249334335327148438e-03
3.178815402980290639e-01,4.030227661132812500e-03
5.966403359664033124e-01,3.490138053894042969e-01
5.854414558544145386e-01,1.256108283996582031e-02
7.438256174382561481e-01,1.530107307434082031e+01
9.423408508300781250e-01,1.716613769531250000e-03
6.278780073286260865e-01,4.031896591186523438e-03
6.131079597703452677e-01,3.972530364990234375e-03
2.563743625637436296e-01,3.457636833190917969e-01
2.646735326467353211e-01,1.212954521179199219e-02
3.064693530646935282e-01,1.564556026458740234e+01
5.880985260009765625e-01,1.699924468994140625e-03
4.514236725184229138e-01,4.072189331054687500e-03
2.777211477177616850e-01,4.026651382446289062e-03
8.677132286771322978e-01,3.484225273132324219e-01
8.584141585841416067e-01,1.205968856811523438e-02
7.579242075792420597e-01,1.563812756538391113e+01
4.119014739990234375e-01,1.604318618774414062e-03
8.616520714951367843e-01,4.030704498291015625e-03
8.393559586666238248e-01,3.985166549682617188e-03
2.346765323467653319e-01,3.478925228118896484e-01
2.562743725627437130e-01,1.204085350036621094e-02
2.493750624937506322e-01,1.512707185745239258e+01
1.315879821777343750e-01,2.505540847778320312e-03
2.028985216511806078e-01,4.213571548461914062e-03
2.234060923479088134e-01,4.010438919067382812e-03
4.159584041595840165e-01,3.478853702545166016e-01
4.041595840415958540e-01,1.253366470336914062e-02
3.743625637436256426e-01,1.540477490425109863e+01
7.482776641845703125e-01,1.592636108398437500e-03
4.294319754166534553e-01,4.010200500488281250e-03
4.006709192554414045e-01,3.989458084106445312e-03
3.839616038396160280e-01,3.485729694366455078e-01
3.603639636036396476e-01,1.202487945556640625e-02
4.762523747625237447e-01,1.537356615066528320e+01
8.684120178222656250e-01,1.656770706176757812e-03
3.748452339241797882e-01,1.206684112548828125e-02
3.662809008045071479e-01,3.975152969360351562e-03
9.631036896310368745e-01,5.697171688079833984e-01
9.602039796020398477e-01,3.208899497985839844e-02
9.314068593140686358e-01,1.571981763839721680e+01
8.684120178222656250e-01,1.596927642822265625e-03
9.577830184225579746e-01,4.043102264404296875e-03
9.671557232809611104e-01,4.002094268798828125e-03
7.198280171982801567e-01,5.162999629974365234e-01
7.319268073192680690e-01,1.206135749816894531e-02
7.423257674232576209e-01,1.530678033828735352e+01
4.119014739990234375e-01,2.491235733032226562e-03
7.468216002836405298e-01,4.198312759399414062e-03
6.776804670680343090e-01,4.004001617431640625e-03
3.226677332266773557e-01,3.469085693359375000e-01
3.086691330866913052e-01,1.251363754272460938e-02
2.784721527847215383e-01,1.530082368850708008e+01
2.517223358154296875e-01,1.596212387084960938e-03
3.774593254045689461e-01,4.048109054565429688e-03
2.665478994080708874e-01,3.993988037109375000e-03
7.913208679132086587e-01,3.477497100830078125e-01
7.823217678232177175e-01,1.198148727416992188e-02
7.254274572542745991e-01,1.550604319572448730e+01
8.684120178222656250e-01,1.627683639526367188e-03
7.565391357832800256e-01,4.027128219604492188e-03
7.555892645874652258e-01,3.995895385742187500e-03
9.400059994000600216e-01,3.470056056976318359e-01
9.384061593840615778e-01,1.204752922058105469e-02
9.922007799220078361e-01,1.547852230072021484e+01
9.423408508300781250e-01,1.583814620971679688e-03
9.072176230964298371e-01,4.046440124511718750e-03
8.885114061496476312e-01,3.981590270996093750e-03
2.559744025597440395e-02,3.483066558837890625e-01
3.049695030496950288e-02,1.198649406433105469e-02
5.509449055094490372e-02,1.537628936767578125e+01
5.765914916992187500e-02,2.541542053222656250e-03
4.146368825828979088e-02,4.211902618408203125e-03
1.986224820569674338e-02,4.009485244750976562e-03
4.309569043095690111e-02,3.492684364318847656e-01
6.369363063693631033e-02,1.254725456237792969e-02
1.209879012098790188e-02,1.558454632759094238e+01
5.765914916992187500e-02,1.589775085449218750e-03
4.828728622830735229e-01,4.026651382446289062e-03
5.541450170899602651e-02,3.982305526733398438e-03
4.389561043895610221e-02,3.464653491973876953e-01
5.049495050494950260e-02,1.204848289489746094e-02
1.216878312168783172e-01,1.595834374427795410e+01
5.908966064453125000e-03,1.655101776123046875e-03
4.817987593888710396e-02,4.055976867675781250e-03
4.801296853199744918e-02,3.981590270996093750e-03
6.098390160983901964e-01,3.505530357360839844e-01
6.029397060293970600e-01,1.204681396484375000e-02
6.887311268873113068e-01,1.535627245903015137e+01
7.482776641845703125e-01,1.596927642822265625e-03
5.834137626164083157e-01,4.045486450195312500e-03
6.562260168232942892e-01,3.977060317993164062e-03
1.579842015798420263e-02,3.459727764129638672e-01
1.849815018498150027e-02,1.199555397033691406e-02
1.339866013398660106e-02,1.484463572502136230e+01
1.315879821777343750e-01,2.464771270751953125e-03
1.055023157527412159e-01,4.217863082885742188e-03
1.831977804896390769e-02,4.009962081909179688e-03
6.886311368863113902e-01,3.629698753356933594e-01
6.829317068293170312e-01,1.248431205749511719e-02
6.780321967803220051e-01,1.521587252616882324e+01
7.482776641845703125e-01,1.615047454833984375e-03
6.484668453226259954e-01,4.036903381347656250e-03
6.856313651146819232e-01,3.979444503784179688e-03
6.690330966903309529e-01,3.478839397430419922e-01
6.775322467753224220e-01,1.201367378234863281e-02
8.368163183681631700e-01,1.634459352493286133e+01
5.880985260009765625e-01,1.713752746582031250e-03
6.899074784173986341e-01,4.081726074218750000e-03
6.861889070154306713e-01,4.002571105957031250e-03
2.170782921707829216e-01,4.449944496154785156e-01
2.210778922107789202e-01,1.214504241943359375e-02
2.139786021397860338e-01,1.594572925567626953e+01
2.517223358154296875e-01,1.679182052612304688e-03
2.283695748788647784e-01,4.042625427246093750e-03
1.887834796322244157e-01,4.002332687377929688e-03
2.764723527647235390e-01,3.854007720947265625e-01
2.924707529247075333e-01,1.212882995605468750e-02
2.525747425257474088e-01,1.568468832969665527e+01
5.765914916992187500e-02,2.640008926391601562e-03
2.528524199435753794e-01,4.213809967041015625e-03
2.618002364090762368e-01,4.014015197753906250e-03
5.503449655034496901e-01,3.479695320129394531e-01
5.640435956404359352e-01,1.258158683776855469e-02
6.690330966903309529e-01,1.514909982681274414e+01
2.517223358154296875e-01,1.618623733520507812e-03
5.401129950509918620e-01,4.033327102661132812e-03
5.514327028624406157e-01,4.017353057861328125e-03
2.519748025197480201e-01,3.460967540740966797e-01
2.645735426457354045e-01,1.202988624572753906e-02
2.972702729727027537e-01,1.526888465881347656e+01
5.880985260009765625e-01,1.594305038452148438e-03
2.288215939223416373e-01,4.011631011962890625e-03
2.500644360418428636e-01,3.979206085205078125e-03
6.519348065193480979e-01,3.456866741180419922e-01
6.651334866513348709e-01,1.202154159545898438e-02
6.525347465253474866e-01,1.542843437194824219e+01
5.880985260009765625e-01,1.582384109497070312e-03
6.316820466352248697e-01,4.024744033813476562e-03
5.926737143645020023e-01,3.979921340942382812e-03
7.034296570342966071e-01,3.478240966796875000e-01
7.227277272272772946e-01,1.197576522827148438e-02
8.277172282771723122e-01,1.525060296058654785e+01
1.315879821777343750e-01,2.475261688232421875e-03
6.534584552046580619e-01,4.196882247924804688e-03
7.180222874772543840e-01,4.037380218505859375e-03
9.105089491050895045e-01,3.461480140686035156e-01
9.130086991300869759e-01,1.249718666076660156e-02
9.148085191480851419e-01,1.513711643218994141e+01
7.482776641845703125e-01,1.584529876708984375e-03
8.638204508268585435e-01,4.010200500488281250e-03
8.744341192128202156e-01,3.970623016357421875e-03
1.302869713028697030e-01,3.468470573425292969e-01
1.308869113088691194e-01,1.203274726867675781e-02
1.416858314168583100e-01,1.533981585502624512e+01
2.517223358154296875e-01,1.576662063598632812e-03
9.213013939320974233e-02,4.024028778076171875e-03
1.142413621800499879e-01,3.957033157348632812e-03
8.189181081891810932e-01,3.475384712219238281e-01
8.139186081391860395e-01,1.200008392333984375e-02
7.171282871712828522e-01,1.517171597480773926e+01
8.684120178222656250e-01,1.651287078857421875e-03
7.392872128209962979e-01,4.034042358398437500e-03
7.662544243426062662e-01,3.986835479736328125e-03
4.549545045495450579e-01,3.470852375030517578e-01
4.934506549345065718e-01,1.202368736267089844e-02
6.173382661733826104e-01,1.516865086555480957e+01
5.765914916992187500e-02,2.486944198608398438e-03
5.035942502056676151e-01,4.208326339721679688e-03
3.805258305028207388e-01,4.031896591186523438e-03
5.124487551244875094e-01,3.477468490600585938e-01
5.096490350964903993e-01,1.254153251647949219e-02
6.182381761823817490e-01,1.547945713996887207e+01
2.517223358154296875e-01,1.601457595825195312e-03
5.173535018508259586e-01,4.022598266601562500e-03
5.022719101515996654e-01,3.983736038208007812e-03
9.123087691230876706e-01,3.470845222473144531e-01
9.161083891610839469e-01,1.203274726867675781e-02
8.899110088991101231e-01,1.547435903549194336e+01
5.880985260009765625e-01,1.585960388183593750e-03
8.863338951511327002e-01,4.035234451293945312e-03
9.264741900995365764e-01,3.991365432739257812e-03
2.099790020997900075e-01,3.470790386199951172e-01
2.069793020697930086e-01,1.199960708618164062e-02
2.676732326767323200e-01,1.540741539001464844e+01
8.684120178222656250e-01,2.450704574584960938e-03
2.143397807691453938e-01,4.203081130981445312e-03
1.774822205303541178e-01,4.015684127807617188e-03
6.114388561143885292e-01,3.466577529907226562e-01
5.914408559144085364e-01,1.246047019958496094e-02
6.448355164483551283e-01,1.536944389343261719e+01
7.482776641845703125e-01,1.585721969604492188e-03
6.109319373198566216e-01,4.024505615234375000e-03
6.134467241912978652e-01,3.973960876464843750e-03
4.948505149485051269e-01,3.458969593048095703e-01
4.933506649335066552e-01,1.199316978454589844e-02
4.556544345565443632e-01,1.541410279273986816e+01
7.482776641845703125e-01,1.659870147705078125e-03
4.824026007622111978e-01,4.032135009765625000e-03
5.068339870443046014e-01,3.971338272094726562e-03
5.288471152884711701e-01,3.464541435241699219e-01
5.364463553644635008e-01,1.209402084350585938e-02
5.742425757424257649e-01,1.542843556404113770e+01
1.315879821777343750e-01,1.586675643920898438e-03
5.626024811637413414e-01,4.020690917968750000e-03
5.075002112463499193e-01,3.947734832763671875e-03
2.142785721427857282e-01,3.473575115203857422e-01
2.148785121487851169e-01,1.198840141296386719e-02
1.139886011398860144e-01,1.524964714050292969e+01
7.482776641845703125e-01,2.535581588745117188e-03
2.157429781662115742e-01,4.203081130981445312e-03
1.711775231421386323e-01,4.007101058959960938e-03
3.024697530246975297e-01,3.471784591674804688e-01
3.157684231576842193e-01,1.255440711975097656e-02
3.321667833216678245e-01,1.513372421264648438e+01
4.119014739990234375e-01,1.585483551025390625e-03
3.106578572624431045e-01,4.028081893920898438e-03
2.869655850193684188e-01,3.989219665527343750e-03
6.635336466353364271e-01,3.460307121276855469e-01
6.499350064993500986e-01,1.204609870910644531e-02
5.809419058094190680e-01,1.578517341613769531e+01
8.684120178222656250e-01,1.747131347656250000e-03
6.537529467287830354e-01,4.061460494995117188e-03
6.520063593898053345e-01,4.010915756225585938e-03
3.410658934106589601e-01,3.477399349212646484e-01
3.393660633936606552e-01,1.212215423583984375e-02
4.550544945505449190e-01,1.526022791862487793e+01
2.517223358154296875e-01,1.654863357543945312e-03
3.722478202185967033e-01,4.029989242553710938e-03
3.974413426899434665e-01,3.971815109252929688e-03
6.059394060593940867e-02,3.468120098114013672e-01
6.569343065693430961e-02,1.209378242492675781e-02
1.218878112188781088e-01,1.482954263687133789e+01
5.765914916992187500e-02,2.594709396362304688e-03
8.008380102690593194e-02,4.255056381225585938e-03
4.318966066212476251e-02,4.050493240356445312e-03
5.785421457854215133e-01,3.475706577301025391e-01
5.923407659234076750e-01,1.258993148803710938e-02
4.292570742925707616e-01,1.529015302658081055e+01
7.482776641845703125e-01,1.628637313842773438e-03
5.459995786186787603e-01,1.205086708068847656e-02
6.345302142716362503e-01,3.996610641479492188e-03
4.199580041995800567e-03,5.646276473999023438e-01
5.599440055994400756e-03,1.207637786865234375e-02
2.899710028997100082e-03,1.594465494155883789e+01
1.315879821777343750e-01,1.619100570678710938e-03
2.033837097552978340e-02,4.075050354003906250e-03
8.286077627679765134e-03,4.002094268798828125e-03
6.952304769523047767e-01,3.478746414184570312e-01
6.793320667933206991e-01,1.205825805664062500e-02
6.462353764623537389e-01,1.547930145263671875e+01
5.880985260009765625e-01,1.616239547729492188e-03
6.567239445742311110e-01,4.035234451293945312e-03
6.674526048314388671e-01,4.004955291748046875e-03
8.973102689731027315e-01,3.478863239288330078e-01
9.072092790720928113e-01,1.203608512878417969e-02
9.424057594240575764e-01,1.555595278739929199e+01
4.119014739990234375e-01,2.481937408447265625e-03
9.425759745924060518e-01,4.207849502563476562e-03
9.058156377443609131e-01,4.009962081909179688e-03
6.425357464253574902e-01,3.497960567474365234e-01
6.278372162783721899e-01,1.250267028808593750e-02
8.305169483051695334e-01,1.540304660797119141e+01
5.880985260009765625e-01,1.591682434082031250e-03
6.052151124394548054e-01,4.022121429443359375e-03
7.193740664580414723e-01,3.979921340942382812e-03
3.372662733726627393e-01,3.470981121063232422e-01
3.492650734926507350e-01,1.204872131347656250e-02
5.076492350764924000e-01,1.599471354484558105e+01
1.315879821777343750e-01,1.615047454833984375e-03
4.738312303822474481e-01,4.041910171508789062e-03
3.607444246299307267e-01,1.193690299987792969e-02
6.028397160283971434e-01,3.862361907958984375e-01
6.120387961203879179e-01,1.204586029052734375e-02
7.343265673432656238e-01,1.601646733283996582e+01
2.517223358154296875e-01,1.599073410034179688e-03
6.121449792366477904e-01,4.038572311401367188e-03
6.306883257771154216e-01,3.959894180297851562e-03
9.642035796420358462e-01,3.468141555786132812e-01
9.616038396160383472e-01,1.196384429931640625e-02
8.717128287171282963e-01,1.533100080490112305e+01
9.423408508300781250e-01,2.460718154907226562e-03
8.761759945650122727e-01,4.188060760498046875e-03
9.677689777939705307e-01,4.001617431640625000e-03
2.600739926007399339e-01,3.476998805999755859e-01
2.634736526347365437e-01,1.249647140502929688e-02
4.526547345265473643e-01,1.572645115852355957e+01
2.517223358154296875e-01,1.673221588134765625e-03
3.348295048352412651e-01,4.040002822875976562e-03
2.905762850158421506e-01,3.988981246948242188e-03
2.852714728527147026e-01,4.751157760620117188e-01
2.853714628537146192e-01,1.211357116699218750e-02
1.547845215478452219e-01,1.490843772888183594e+01
5.880985260009765625e-01,1.603126525878906250e-03
2.355153455114580852e-01,4.048824310302734375e-03
3.026576464886567286e-01,3.955125808715820312e-03
8.213178682131786479e-01,3.950688838958740234e-01
8.198180181981802317e-01,1.204252243041992188e-02
6.737326267373262567e-01,1.585427546501159668e+01
8.684120178222656250e-01,1.686334609985351562e-03
8.413726313850586891e-01,4.045963287353515625e-03
7.825972996364218837e-01,3.970623016357421875e-03
8.126187381261873455e-01,3.480927944183349609e-01
8.053194680531946537e-01,1.204991340637207031e-02
8.622137786221377720e-01,1.555461955070495605e+01
4.119014739990234375e-01,2.460956573486328125e-03
8.050142368985666597e-01,4.198789596557617188e-03
8.171821000213539410e-01,4.024267196655273438e-03
5.349465053494650846e-01,3.468637466430664062e-01
5.210478952104790062e-01,1.251864433288574219e-02
6.043395660433956706e-01,1.543361282348632812e+01
4.119014739990234375e-01,1.705408096313476562e-03
5.169526211776021007e-01,4.048347473144531250e-03
4.997277019796801389e-01,4.000663757324218750e-03
6.833316668333166977e-01,3.478479385375976562e-01
6.770322967703229500e-01,1.211428642272949219e-02
7.309269073092691249e-01,1.542688202857971191e+01
4.119014739990234375e-01,1.603126525878906250e-03
6.032672631942485042e-01,4.015445709228515625e-03
7.183443902166465334e-01,3.992080688476562500e-03
3.650634936506349515e-01,3.467583656311035156e-01
3.751624837516248645e-01,1.206469535827636719e-02
5.034496550344965682e-01,1.566580343246459961e+01
5.880985260009765625e-01,1.587152481079101562e-03
3.869612561924100080e-01,4.039764404296875000e-03
3.547515598716329821e-01,3.990650177001953125e-03
6.490350964903509601e-01,3.487281799316406250e-01
6.261373862613738295e-01,1.199245452880859375e-02
4.735526447355264401e-01,1.580387663841247559e+01
8.684120178222656250e-01,2.582788467407226562e-03
5.910153187006863540e-01,4.226207733154296875e-03
6.178278151458441725e-01,4.039764404296875000e-03
3.443655634436556534e-01,3.480830192565917969e-01
3.478652134786521244e-01,1.258087158203125000e-02
3.253674632536746603e-01,1.585508179664611816e+01
5.880985260009765625e-01,1.743078231811523438e-03
3.912841627890621954e-01,4.101753234863281250e-03
3.263321368027832792e-01,4.009962081909179688e-03
6.290370962903709673e-01,3.477191925048828125e-01
6.494350564943505155e-01,1.216673851013183594e-02
4.814518548145185206e-01,1.541670489311218262e+01
4.119014739990234375e-01,1.667261123657226562e-03
5.765605886381029999e-01,4.053354263305664062e-03
6.543060795289790121e-01,3.984928131103515625e-03
4.255574442555744574e-01,5.195274353027343750e-01
4.161583841615838497e-01,1.213479042053222656e-02
4.507549245075492261e-01,1.570132374763488770e+01
4.119014739990234375e-01,1.717090606689453125e-03
4.295958000118910158e-01,4.084825515747070312e-03
4.230125004531466448e-01,3.994464874267578125e-03
8.985101489851015089e-01,3.446350097656250000e-01
9.022097790220977576e-01,1.210594177246093750e-02
8.684131586841316031e-01,1.525530934333801270e+01
8.684120178222656250e-01,2.554416656494140625e-03
8.592652260013861065e-01,1.223635673522949219e-02
8.338310287405483745e-01,4.024505615234375000e-03
4.302569743025697613e-01,3.970203399658203125e-01
4.350564943505649262e-01,1.257228851318359375e-02
5.109489051094890932e-01,1.534618902206420898e+01
5.880985260009765625e-01,1.617431640625000000e-03
4.189333162384778486e-01,4.052162170410156250e-03
4.278871004916354193e-01,3.963708877563476562e-03
6.475352464753524329e-01,3.469622135162353516e-01
6.494350564943505155e-01,1.209139823913574219e-02
8.638136186381362158e-01,1.522059369087219238e+01
7.482776641845703125e-01,1.604080200195312500e-03
6.453464835967684943e-01,4.012107849121093750e-03
6.629923100986019335e-01,3.969192504882812500e-03
6.485351464853514880e-01,3.488047122955322266e-01
6.480351964803520159e-01,1.205515861511230469e-02
5.714428557144285437e-01,1.526314139366149902e+01
4.119014739990234375e-01,1.615524291992187500e-03
6.023029232113490394e-01,4.021406173706054688e-03
5.571027582837057013e-01,3.975629806518554688e-03
7.039296070392961346e-02,3.473901748657226562e-01
8.149185081491851224e-02,1.199269294738769531e-02
3.276672332766723539e-01,1.570653033256530762e+01
5.765914916992187500e-02,2.562761306762695312e-03
1.040153783613233518e-01,4.243135452270507812e-03
5.690270086401859329e-02,4.024744033813476562e-03
3.883611638836116375e-01,5.338933467864990234e-01
3.983601639836016339e-01,2.052235603332519531e-02
5.236476352364763942e-01,1.577897047996520996e+01
2.517223358154296875e-01,1.616716384887695312e-03
3.800638789596156308e-01,4.052162170410156250e-03
3.997392670976506190e-01,3.961324691772460938e-03
6.100389961003899186e-01,3.460340499877929688e-01
5.983401659834016728e-01,1.206016540527343750e-02
2.025797420257974268e-01,1.683497023582458496e+01
5.880985260009765625e-01,1.649856567382812500e-03
5.568669426971711856e-01,4.054069519042968750e-03
6.652824424807812775e-01,3.997087478637695312e-03
1.028897110288971156e-01,3.496816158294677734e-01
9.669033096690331230e-02,1.206588745117187500e-02
2.055794420557944258e-01,1.570485019683837891e+01
5.765914916992187500e-02,1.579284667968750000e-03
1.474614214760835429e-01,4.045724868774414062e-03
7.730361322696906179e-02,3.995895385742187500e-03
6.239376062393761080e-01,3.479936122894287109e-01
6.110388961103889738e-01,1.198625564575195312e-02
5.261473852614738655e-01,1.508397698402404785e+01
5.880985260009765625e-01,2.563238143920898438e-03
5.234954025764996244e-01,4.217147827148437500e-03
6.842876907449979562e-01,4.039049148559570312e-03
9.873012698730126990e-01,3.484437465667724609e-01
9.871012898710128658e-01,1.257514953613281250e-02
9.790020997900209521e-01,1.522179126739501953e+01
9.793052673339843750e-01,1.592874526977539062e-03
9.666051899254123336e-01,4.025220870971679688e-03
9.933617517268326091e-01,3.998279571533203125e-03
4.771522847715228277e-01,3.476552963256835938e-01
4.657534246575342207e-01,1.205396652221679688e-02
1.128887111288871120e-01,1.490716862678527832e+01
5.880985260009765625e-01,1.575708389282226562e-03
4.166549778724437658e-01,4.043102264404296875e-03
4.465857955733812390e-01,3.988265991210937500e-03
1.226877312268773168e-01,3.493649959564208984e-01
1.248875112488751077e-01,1.201796531677246094e-02
5.416458354164583877e-01,1.543543148040771484e+01
7.482776641845703125e-01,1.583099365234375000e-03
1.872204097626564145e-01,4.045724868774414062e-03
7.896262643402401915e-02,4.009246826171875000e-03
6.900309969003100008e-01,3.471333980560302734e-01
6.866313368663133909e-01,1.206183433532714844e-02
6.401359864013598244e-01,1.462744903564453125e+01
7.482776641845703125e-01,2.462863922119140625e-03
6.740824010357852059e-01,4.183530807495117188e-03
7.263232468819927901e-01,4.014968872070312500e-03
4.181581841815818490e-01,3.456099033355712891e-01
4.312568743125687609e-01,1.257324218750000000e-02
4.681531846815318310e-01,1.551453280448913574e+01
5.765914916992187500e-02,1.581192016601562500e-03
3.493827336954598572e-01,4.002571105957031250e-03
4.344189032297876008e-01,3.973007202148437500e-03
7.606239376062393642e-01,3.472225666046142578e-01
7.685231476852314447e-01,1.203751564025878906e-02
6.080391960803919194e-01,1.536422204971313477e+01
4.119014739990234375e-01,1.605272293090820312e-03
7.373449601892575478e-01,4.015684127807617188e-03
7.842093952365649656e-01,3.965854644775390625e-03
5.847415258474152333e-01,3.455564975738525391e-01
5.890410958904109817e-01,1.204109191894531250e-02
3.721627837216278101e-01,1.540741896629333496e+01
7.482776641845703125e-01,1.582384109497070312e-03
5.502475247425406835e-01,4.009008407592773438e-03
6.041094025419345703e-01,3.963947296142578125e-03
4.642535746425357490e-01,3.529162406921386719e-01
4.834516548345165754e-01,1.204729080200195312e-02
7.678232176782321394e-01,1.422400283813476562e+01
1.315879821777343750e-01,2.630472183227539062e-03
4.814040195855784909e-01,4.264354705810546875e-03
4.391153847053705372e-01,4.011392593383789062e-03
4.839516048395160475e-01,3.479657173156738281e-01
4.731526847315268292e-01,1.260995864868164062e-02
5.886411358864113152e-01,1.480868339538574219e+01
4.119014739990234375e-01,1.649618148803710938e-03
4.523854096526848112e-01,4.072666168212890625e-03
4.891560495034221190e-01,3.984451293945312500e-03
2.833716628337166199e-01,3.468515872955322266e-01
2.928707129287071442e-01,1.210236549377441406e-02
2.470752924707529385e-01,1.492145037651062012e+01
1.315879821777343750e-01,1.688241958618164062e-03
2.924106667037459917e-01,4.065752029418945312e-03
2.752140472840070018e-01,4.009246826171875000e-03
6.963303669633036375e-01,3.492050170898437500e-01
6.745325467453254786e-01,1.207971572875976562e-02
3.215678432156784394e-01,1.529113602638244629e+01
7.482776641845703125e-01,1.676082611083984375e-03
6.061378119311794377e-01,4.052400588989257812e-03
6.948856807155181503e-01,3.998041152954101562e-03
3.613638636136386473e-01,3.499982357025146484e-01
3.589641035896410370e-01,1.328587532043457031e-02
5.143485651434857031e-01,1.588663911819458008e+01
7.482776641845703125e-01,1.791477203369140625e-03
4.083258580224084500e-01,4.055738449096679688e-03
3.381801841202760062e-01,3.965139389038085938e-03
2.329767023297670339e-02,4.108130931854248047e-01
2.639736026397360158e-02,1.212358474731445312e-02
7.199280071992800352e-03,1.555355119705200195e+01
2.517223358154296875e-01,1.601457595825195312e-03
2.504671800152988639e-02,4.045724868774414062e-03
1.428561124656005897e-02,3.975391387939453125e-03
7.904209579042096312e-01,3.469173908233642578e-01
7.847215278472152722e-01,1.206326484680175781e-02
8.157184281571843165e-01,1.585797715187072754e+01
8.684120178222656250e-01,1.663208007812500000e-03
6.728643005207446404e-01,4.043102264404296875e-03
7.892674709838112257e-01,3.983259201049804688e-03
2.288771122887711118e-01,3.468625545501708984e-01
2.294770522947705282e-01,1.202726364135742188e-02
1.774822517748225192e-01,1.558616280555725098e+01
2.517223358154296875e-01,1.686811447143554688e-03
3.818237699342624247e-01,4.076242446899414062e-03
2.080415113786587833e-01,4.021644592285156250e-03
2.969703029697030178e-02,5.401301383972167969e-01
3.319668033196680051e-02,1.206898689270019531e-02
3.469653034696530691e-02,1.553372335433959961e+01
5.765914916992187500e-02,2.523899078369140625e-03
4.051708682118558558e-02,4.199981689453125000e-03
3.511158343602049231e-02,4.022359848022460938e-03
9.762023797620238419e-01,3.595814704895019531e-01
9.727027297270273154e-01,1.257514953613281250e-02
9.618038196180381805e-01,1.609907245635986328e+01
2.517223358154296875e-01,1.619338989257812500e-03
9.437010829199992124e-01,4.019737243652343750e-03
9.789750593245999388e-01,3.998279571533203125e-03
4.034596540345965487e-01,3.470907211303710938e-01
4.269573042695730680e-01,1.206326484680175781e-02
2.784721527847215383e-01,1.547153592109680176e+01
4.119014739990234375e-01,1.587152481079101562e-03
4.361230213831833180e-01,4.011631011962890625e-03
3.535813628214742876e-01,3.988027572631835938e-03
7.902209779022097980e-01,3.454854488372802734e-01
7.789221077892211076e-01,1.202416419982910156e-02
7.508249175082492011e-01,1.588465833663940430e+01
5.880985260009765625e-01,2.468824386596679688e-03
7.614179823219010546e-01,4.183292388916015625e-03
7.767836995024186564e-01,4.019260406494140625e-03
1.512848715128487231e-01,3.472738265991210938e-01
1.655834416558344124e-01,1.249337196350097656e-02
2.540745925407459360e-01,1.562856721878051758e+01
1.315879821777343750e-01,1.615524291992187500e-03
2.053212611242067887e-01,4.023075103759765625e-03
1.035927307602881320e-01,3.975152969360351562e-03
8.379162083791620586e-02,3.464140892028808594e-01
8.519148085191480257e-02,1.207041740417480469e-02
2.889711028897110415e-02,1.547608470916748047e+01
2.069473266601562500e-02,1.642227172851562500e-03
8.543100830595584672e-02,4.024267196655273438e-03
5.563867164261536435e-02,3.979682922363281250e-03
1.799820017998200088e-03,3.871114253997802734e-01
2.199780021997800421e-03,1.203894615173339844e-02
1.599840015998400247e-03,1.545982575416564941e+01
5.908966064453125000e-03,1.598834991455078125e-03
5.876017383997901057e-03,4.034042358398437500e-03
4.444277003056892363e-03,4.003524780273437500e-03
5.342465753424657793e-01,3.462901115417480469e-01
5.268473152684731708e-01,1.200747489929199219e-02
2.928707129287071442e-01,1.563057160377502441e+01
2.517223358154296875e-01,2.486944198608398438e-03
5.495184982427436804e-01,4.210233688354492188e-03
4.837549501360923210e-01,4.034042358398437500e-03
2.399760023997600262e-03,3.463556766510009766e-01
3.699630036996300313e-03,1.252412796020507812e-02
1.799820017998200088e-03,1.543579196929931641e+01
5.908966064453125000e-03,1.601696014404296875e-03
6.827886267745775228e-03,4.029273986816406250e-03
2.848493247053609026e-03,3.992795944213867188e-03
8.316168383161683941e-01,3.477735519409179688e-01
8.284171582841716175e-01,1.201081275939941406e-02
8.173182681731826493e-01,1.540399575233459473e+01
8.684120178222656250e-01,1.585245132446289062e-03
6.032256987657180769e-01,3.992319107055664062e-03
8.614275944977780597e-01,3.955125808715820312e-03
1.808819118088191291e-01,3.481359481811523438e-01
1.897810218978102093e-01,1.199674606323242188e-02
4.266573342665733182e-01,1.497309136390686035e+01
4.119014739990234375e-01,1.691341400146484375e-03
4.255841837526054827e-01,4.047393798828125000e-03
1.296820931480631156e-01,3.971099853515625000e-03
8.518148185181482202e-01,3.475537300109863281e-01
8.576142385761423848e-01,1.205897331237792969e-02
6.223377662233776642e-01,1.497394299507141113e+01
5.880985260009765625e-01,2.594947814941406250e-03
7.511952006820672434e-01,4.225969314575195312e-03
8.473168520008376170e-01,4.024028778076171875e-03
2.905709429057094506e-01,3.475186824798583984e-01
2.771722827717228443e-01,1.260542869567871094e-02
1.960803919608039292e-01,1.531812500953674316e+01
5.765914916992187500e-02,1.657247543334960938e-03
2.614378395028497115e-01,4.053354263305664062e-03
2.192103079773122243e-01,3.985404968261718750e-03
8.538146185381462194e-01,3.488180637359619141e-01
8.546145385461453303e-01,1.209473609924316406e-02
8.370162983701630033e-01,1.515202355384826660e+01
7.482776641845703125e-01,1.730442047119140625e-03
6.442597055549171836e-01,4.076242446899414062e-03
8.475903011591140457e-01,3.989934921264648438e-03
5.276472352764723928e-01,3.476507663726806641e-01
5.364463553644635008e-01,1.214075088500976562e-02
6.134386561343865285e-01,1.650810241699218750e+01
2.517223358154296875e-01,1.622915267944335938e-03
5.307620180837933077e-01,4.014253616333007812e-03
5.191978943510225930e-01,3.988981246948242188e-03
5.472452754724527191e-01,3.481936454772949219e-01
5.538446155384461056e-01,1.202821731567382812e-02
5.398460153984601106e-01,1.526779603958129883e+01
1.315879821777343750e-01,2.486944198608398438e-03
5.445902603048382584e-01,4.209041595458984375e-03
5.034572132467687311e-01,3.982543945312500000e-03
1.350864913508649234e-01,4.266140460968017578e-01
1.444855514448555034e-01,2.051448822021484375e-02
1.120887911208879179e-01,1.538090252876281738e+01
5.765914916992187500e-02,1.594066619873046875e-03
2.610767077428071126e-01,4.003524780273437500e-03
1.313224025134683282e-01,3.965139389038085938e-03
1.703829617038296051e-01,3.471794128417968750e-01
1.772822717728227138e-01,1.202464103698730469e-02
3.024697530246975297e-01,1.539940881729125977e+01
5.765914916992187500e-02,1.579284667968750000e-03
1.987631568665588766e-01,4.032611846923828125e-03
1.185361188489686413e-01,3.975391387939453125e-03
1.049895010498950142e-02,3.470616340637207031e-01
1.469853014698530198e-02,1.200270652770996094e-02
2.689731026897310140e-02,1.544552350044250488e+01
1.315879821777343750e-01,1.652002334594726562e-03
9.113323963807651307e-02,4.047870635986328125e-03
1.201845276642143218e-02,3.965854644775390625e-03
5.909409059094090921e-02,3.459751605987548828e-01
6.799320067993200323e-02,1.203083992004394531e-02
2.076792320767923139e-01,1.537511134147644043e+01
5.908966064453125000e-03,2.462148666381835938e-03
9.087565473527142723e-02,4.190921783447265625e-03
8.889165956605038499e-02,3.996849060058593750e-03
1.800819918008199072e-01,3.470783233642578125e-01
1.739826017398260205e-01,1.247286796569824219e-02
1.956804319568043182e-01,1.499303579330444336e+01
1.315879821777343750e-01,1.638412475585937500e-03
2.307124487713997918e-01,4.029035568237304688e-03
1.606799538564664953e-01,3.991365432739257812e-03
5.072492750724927335e-01,3.468534946441650391e-01
4.947505249475052658e-01,1.203966140747070312e-02
4.131586841315868508e-01,1.535926055908203125e+01
5.765914916992187500e-02,1.575469970703125000e-03
4.337931036550135011e-01,4.018306732177734375e-03
4.982580546857367509e-01,3.987312316894531250e-03
1.418858114188581154e-01,3.485915660858154297e-01
1.466853314668533081e-01,1.202750205993652344e-02
2.085791420857914247e-01,1.527235507965087891e+01
2.517223358154296875e-01,1.586675643920898438e-03
1.832262329867061501e-01,4.003524780273437500e-03
1.306147148610063424e-01,3.978013992309570312e-03
5.872412758724127047e-01,3.467209339141845703e-01
5.861413858614138439e-01,1.200103759765625000e-02
4.546545345465453636e-01,1.527673721313476562e+01
5.880985260009765625e-01,2.452135086059570312e-03
5.754818353436568223e-01,4.214763641357421875e-03
6.142425356332052999e-01,3.993034362792968750e-03
1.047895210478952122e-01,3.465809822082519531e-01
1.018898110188981160e-01,1.248764991760253906e-02
1.625837416258374135e-01,1.579136848449707031e+01
5.765914916992187500e-02,1.607894897460937500e-03
2.120470732729535235e-01,4.048585891723632812e-03
1.492655613154584282e-01,4.003047943115234375e-03
3.898610138986101648e-01,3.505935668945312500e-01
3.960603939606039403e-01,1.205968856811523438e-02
4.342565743425657598e-01,1.512996339797973633e+01
2.517223358154296875e-01,1.602411270141601562e-03
4.672359339245294452e-01,4.018306732177734375e-03
3.171201699234743043e-01,4.015684127807617188e-03
4.527547245275472254e-01,3.488197326660156250e-01
4.668533146685331370e-01,1.200246810913085938e-02
6.358364163583641870e-01,1.634692263603210449e+01
1.315879821777343750e-01,1.678705215454101562e-03
4.176312694755294208e-01,4.034042358398437500e-03
3.905559854801152753e-01,4.004716873168945312e-03
3.575642435756424264e-01,3.473584651947021484e-01
3.612638736126387307e-01,1.205205917358398438e-02
1.810818918108189068e-01,1.581520605087280273e+01
2.069473266601562500e-02,2.482652664184570312e-03
3.960215128426861075e-01,4.223585128784179688e-03
2.564566874829807830e-01,3.979444503784179688e-03
4.673532646735326646e-01,3.776247501373291016e-01
4.721527847215278295e-01,1.252174377441406250e-02
4.119588041195880179e-01,1.502422785758972168e+01
4.119014739990234375e-01,1.630067825317382812e-03
5.275846362036002990e-01,4.024744033813476562e-03
4.664671713583753432e-01,3.987073898315429688e-03
2.906709329067093117e-01,3.484196662902832031e-01
3.073692630736926112e-01,1.206660270690917969e-02
3.165683431656834412e-01,1.523284125328063965e+01
1.315879821777343750e-01,1.683235168457031250e-03
3.767674360066555761e-01,4.067182540893554688e-03
2.522197196446713807e-01,3.968715667724609375e-03
8.499150084991501097e-02,3.475120067596435547e-01
9.869013098690131158e-02,1.210713386535644531e-02
3.169683031696830106e-02,1.521886920928955078e+01
5.908966064453125000e-03,1.704931259155273438e-03
1.400466547717094667e-01,4.075050354003906250e-03
8.861586123236031565e-02,3.993988037109375000e-03
2.858714128587141468e-01,3.464257717132568359e-01
3.041695830416958346e-01,1.211977005004882812e-02
5.444455554444556089e-01,1.430384397506713867e+01
1.315879821777343750e-01,2.559185028076171875e-03
3.518753907046329732e-01,4.213094711303710938e-03
3.107343052418845564e-01,3.999710083007812500e-03
4.774522547745225221e-01,3.870482444763183594e-01
4.809519048095190485e-01,1.258206367492675781e-02
5.522447755224477728e-01,1.518640804290771484e+01
5.765914916992187500e-02,1.728296279907226562e-03
5.031383242104709996e-01,4.050016403198242188e-03
5.040553640368208299e-01,3.996133804321289062e-03
8.462153784621537778e-01,3.477041721343994141e-01
8.294170582941705616e-01,1.209282875061035156e-02
7.383261673832616223e-01,1.556450557708740234e+01
7.482776641845703125e-01,1.602649688720703125e-03
6.236170330877293111e-01,4.043817520141601562e-03
8.660304859838758862e-01,4.002809524536132812e-03
6.422357764223577403e-01,3.474259376525878906e-01
6.302369763023697447e-01,1.203870773315429688e-02
3.778622137786221136e-01,1.605279922485351562e+01
1.315879821777343750e-01,1.574754714965820312e-03
6.281490505467620666e-01,4.000902175903320312e-03
5.932131673228959734e-01,3.979206085205078125e-03
6.659334066593340928e-01,3.471517562866210938e-01
6.898310168983101676e-01,1.197075843811035156e-02
4.752524747525247450e-01,1.583842539787292480e+01
5.880985260009765625e-01,2.581357955932617188e-03
6.170006643794854195e-01,4.242181777954101562e-03
6.306830811008161675e-01,4.004716873168945312e-03
9.602039796020398477e-01,3.481471538543701172e-01
9.574042595740426265e-01,1.251959800720214844e-02
8.950104989501049824e-01,1.615635514259338379e+01
5.880985260009765625e-01,1.626491546630859375e-03
8.665446871851998356e-01,4.031658172607421875e-03
9.547915071942378873e-01,3.967761993408203125e-03
1.168883111688831106e-01,3.479349613189697266e-01
1.108889111088891127e-01,1.202845573425292969e-02
9.489051094890510463e-02,1.523066020011901855e+01
5.908966064453125000e-03,1.674175262451171875e-03
1.365630786362505567e-01,4.063129425048828125e-03
1.334896330579368739e-01,3.987550735473632812e-03
1.096890310968903076e-01,3.735485076904296875e-01
1.094890510948905160e-01,1.227569580078125000e-02
1.324867513248675077e-01,1.598810243606567383e+01
5.765914916992187500e-02,1.625776290893554688e-03
2.308891489476690984e-01,4.017591476440429688e-03
4.727568558656165820e-02,3.999471664428710938e-03
1.091890810918908078e-01,3.474745750427246094e-01
1.142885711428857087e-01,1.202321052551269531e-02
2.431756824317568288e-01,1.634906888008117676e+01
5.908966064453125000e-03,2.484083175659179688e-03
1.205709012884377263e-01,4.230976104736328125e-03
7.190625606371310596e-02,4.019021987915039062e-03
9.429057094290570484e-01,3.495709896087646484e-01
9.383061693830616612e-01,1.250839233398437500e-02
9.811018898110188680e-01,1.624183392524719238e+01
5.880985260009765625e-01,1.680612564086914062e-03
8.885990082669692480e-01,4.070758819580078125e-03
9.566186773374387720e-01,3.989934921264648438e-03
7.616238376162384194e-01,3.483526706695556641e-01
7.782221777822218023e-01,1.209306716918945312e-02
7.244275572442755440e-01,1.578064990043640137e+01
5.765914916992187500e-02,1.688241958618164062e-03
6.461164065803972623e-01,4.044294357299804688e-03
7.313421864340681200e-01,3.989219665527343750e-03
2.693730626937306250e-01,3.470199108123779297e-01
2.711728827117288465e-01,1.209139823913574219e-02
2.989701029897010032e-01,1.674579048156738281e+01
1.315879821777343750e-01,1.591920852661132812e-03
2.716271054141014551e-01,4.021644592285156250e-03
2.964891408807723838e-01,3.953695297241210938e-03
8.869113088691131519e-02,3.483726978302001953e-01
9.729027097290271486e-02,1.201367378234863281e-02
2.332766723327667213e-01,1.589630794525146484e+01
5.765914916992187500e-02,2.573728561401367188e-03
8.215512041638550755e-02,4.224538803100585938e-03
1.135300365372339804e-01,4.014730453491210938e-03
3.968603139686031622e-01,5.262129306793212891e-01
4.162583741625837663e-01,1.261043548583984375e-02
4.324567543245675383e-01,1.585342955589294434e+01
2.517223358154296875e-01,1.604318618774414062e-03
3.966327144885675171e-01,4.024505615234375000e-03
3.790784599883368355e-01,4.015922546386718750e-03
7.671232876712328341e-01,3.480405807495117188e-01
7.581241875812418929e-01,1.205253601074218750e-02
8.544145585441456081e-01,1.551118874549865723e+01
1.315879821777343750e-01,1.574993133544921875e-03
6.190163837783407841e-01,4.008293151855468750e-03
7.693257173055954024e-01,3.993272781372070312e-03
1.002899710028997138e-01,3.466103076934814453e-01
1.102889711028897102e-01,1.201391220092773438e-02
1.654834516548345236e-01,1.560030460357666016e+01
2.069473266601562500e-02,1.570940017700195312e-03
1.277123255059260942e-01,4.028081893920898438e-03
1.152685329624117405e-01,3.992795944213867188e-03
5.891410858914108983e-01,3.485295772552490234e-01
5.872412758724127047e-01,1.201415061950683594e-02
4.998500149985001251e-01,1.555747079849243164e+01
2.517223358154296875e-01,2.467870712280273438e-03
5.497233226424314001e-01,4.203319549560546875e-03
6.183284223297231819e-01,4.016160964965820312e-03
2.154784521547845333e-01,3.478283882141113281e-01
2.210778922107789202e-01,1.246833801269531250e-02
2.305769423057694167e-01,1.581068325042724609e+01
1.315879821777343750e-01,1.620769500732421875e-03
2.657643188246999189e-01,4.011392593383789062e-03
2.021710737689111914e-01,3.962755203247070312e-03
2.986701329867013088e-01,3.477101325988769531e-01
3.229677032296770500e-01,1.202726364135742188e-02
2.994700529947005307e-01,1.491507530212402344e+01
2.069473266601562500e-02,1.713275909423828125e-03
2.888620206745906582e-01,4.081249237060546875e-03
2.919634703581553969e-01,4.004478454589843750e-03
1.288871112888711201e-01,3.796172142028808594e-01
1.404859514048595048e-01,1.214456558227539062e-02
1.821817818218178231e-01,1.512644219398498535e+01
5.880985260009765625e-01,1.732826232910156250e-03
3.862294792806396648e-01,4.055738449096679688e-03
1.285014135570405336e-01,4.034042358398437500e-03
4.417558244175582294e-01,4.122114181518554688e-01
4.350564943505649262e-01,1.209282875061035156e-02
3.090690930906909162e-01,1.458060789108276367e+01
5.765914916992187500e-02,2.608060836791992188e-03
3.971883995147504343e-01,4.272222518920898438e-03
4.025370851185838261e-01,4.009008407592773438e-03
5.253474652534746436e-01,3.493118286132812500e-01
5.150484951504848974e-01,1.258707046508789062e-02
3.182681731826817462e-01,1.545929479598999023e+01
5.880985260009765625e-01,1.661777496337890625e-03
4.988726083182283277e-01,4.057645797729492188e-03
5.566330881328390712e-01,3.956556320190429688e-03
2.693730626937306250e-01,3.480393886566162109e-01
2.763723627637236224e-01,1.211929321289062500e-02
5.915408459154084531e-01,1.536816334724426270e+01
1.315879821777343750e-01,1.593351364135742188e-03
3.354820275346494518e-01,3.987789154052734375e-03
2.810814608912145518e-01,3.962755203247070312e-03
1.701829817018298274e-01,3.466875553131103516e-01
1.813818618138186289e-01,1.204228401184082031e-02
4.452554744525547559e-01,1.528142237663269043e+01
5.765914916992187500e-02,1.597881317138671875e-03
2.227935756925117361e-01,4.024028778076171875e-03
1.583137272184468314e-01,3.962516784667968750e-03
6.709329067093290633e-02,3.452177047729492188e-01
7.569243075692430600e-02,1.201295852661132812e-02
4.799520047995200524e-03,1.555529165267944336e+01
5.908966064453125000e-03,2.513408660888671875e-03
9.472568474044051889e-02,4.220485687255859375e-03
6.279386352503836533e-02,4.008293151855468750e-03
4.422557744225577570e-01,3.465836048126220703e-01
4.286571342865713174e-01,1.254296302795410156e-02
6.538346165383461805e-01,1.566369533538818359e+01
1.315879821777343750e-01,1.668691635131835938e-03
4.314345920622866815e-01,4.046201705932617188e-03
4.095243241654569766e-01,4.004001617431640625e-03
4.080591940805919360e-01,3.473253250122070312e-01
4.014598540145985495e-01,1.205348968505859375e-02
3.635636436356364243e-01,1.607761883735656738e+01
5.880985260009765625e-01,1.612663269042968750e-03
4.300908889191880635e-01,4.016637802124023438e-03
4.084171986693284628e-01,4.016637802124023438e-03
6.650334966503349543e-01,3.488175868988037109e-01
6.827317268273173090e-01,1.202917098999023438e-02
4.086591340865913247e-01,1.521952199935913086e+01
7.482776641845703125e-01,1.599788665771484375e-03
5.735562371194679043e-01,4.018068313598632812e-03
6.683757014328197688e-01,3.971099853515625000e-03
2.172782721727827271e-01,3.463821411132812500e-01
2.243775622437756134e-01,1.202583312988281250e-02
2.430756924307569122e-01,1.606908702850341797e+01
5.765914916992187500e-02,2.488374710083007812e-03
3.235071059899868873e-01,4.205465316772460938e-03
2.546500490391667149e-01,3.981590270996093750e-03
4.608539146085391391e-01,5.168948173522949219e-01
4.618538146185381388e-01,1.252102851867675781e-02
4.231576842315768472e-01,1.647627162933349609e+01
2.517223358154296875e-01,1.608610153198242188e-03
4.631898690686056530e-01,4.042625427246093750e-03
4.794556414971472558e-01,4.007577896118164062e-03
3.108689131086891377e-01,3.465380668640136719e-01
3.113688631136886098e-01,1.204228401184082031e-02
5.971402859714028954e-01,1.597617769241333008e+01
2.517223358154296875e-01,1.599788665771484375e-03
3.566870002751906799e-01,4.019021987915039062e-03
3.070253274340005167e-01,3.968477249145507812e-03
1.999800019998000309e-04,3.471596240997314453e-01
5.999400059994000655e-04,1.200795173645019531e-02
1.899810018998100225e-03,1.506627154350280762e+01
2.069473266601562500e-02,1.604318618774414062e-03
1.838262143472844078e-03,3.986358642578125000e-03
5.835231488443002375e-04,3.988981246948242188e-03
4.985501449855014311e-01,3.476397991180419922e-01
4.958504149585041265e-01,1.198005676269531250e-02
6.242375762423757468e-01,1.526442718505859375e+01
5.880985260009765625e-01,2.573013305664062500e-03
4.938525373207889313e-01,4.223108291625976562e-03
4.729383038868367195e-01,4.016637802124023438e-03
9.819018098190180899e-01,3.486089706420898438e-01
9.794020597940206185e-01,1.254320144653320312e-02
9.507049295070493233e-01,1.553170847892761230e+01
8.684120178222656250e-01,1.603603363037109375e-03
9.604080687325444732e-01,4.032611846923828125e-03
9.777352032844086605e-01,3.997325897216796875e-03
9.753024697530247034e-01,3.480677604675292969e-01
9.711028897110288716e-01,1.205110549926757812e-02
9.737026297370262595e-01,1.532612943649291992e+01
9.423408508300781250e-01,1.613855361938476562e-03
9.162780233472523905e-01,1.202368736267089844e-02
9.676311358782501149e-01,3.975152969360351562e-03
7.488251174882512018e-01,4.102883338928222656e-01
7.481251874812518965e-01,1.207447052001953125e-02
4.864513548645135743e-01,1.663272261619567871e+01
5.880985260009765625e-01,1.622915267944335938e-03
7.448833810742336858e-01,4.052162170410156250e-03
7.496192406931444507e-01,3.975868225097656250e-03
6.881311868813119181e-01,3.842771053314208984e-01
6.937306269373062495e-01,1.325154304504394531e-02
7.735226477352264984e-01,1.540536069869995117e+01
1.315879821777343750e-01,1.922369003295898438e-03
6.357813648739391033e-01,4.162311553955078125e-03
6.456241225408672069e-01,4.018306732177734375e-03
4.604539546045395282e-01,3.493025302886962891e-01
4.780521947805219662e-01,1.219391822814941406e-02
5.114488551144885653e-01,1.551897406578063965e+01
1.315879821777343750e-01,1.685857772827148438e-03
4.394438431000197709e-01,4.049062728881835938e-03
4.595524237050304106e-01,3.967761993408203125e-03
9.976002399760024453e-01,3.498408794403076172e-01
9.980001999800020007e-01,1.206159591674804688e-02
9.928007199280072248e-01,1.528882598876953125e+01
7.482776641845703125e-01,1.715898513793945312e-03
9.679083312785911053e-01,4.076957702636718750e-03
9.948668321486163757e-01,3.997564315795898438e-03
6.864313568643135577e-01,3.477489948272705078e-01
6.852314768523147803e-01,1.206707954406738281e-02
6.236376362363763581e-01,1.437538552284240723e+01
5.880985260009765625e-01,1.603603363037109375e-03
6.589206188687100063e-01,4.018783569335937500e-03
6.575268498554581731e-01,3.975152969360351562e-03
5.265473452654734210e-01,3.640546798706054688e-01
5.246475352464753383e-01,1.324629783630371094e-02
6.540345965403460138e-01,1.520338273048400879e+01
5.880985260009765625e-01,1.863002777099609375e-03
5.314015160697829199e-01,4.136323928833007812e-03
5.516814164937332565e-01,4.003286361694335938e-03
8.450154984501550004e-01,3.485476970672607422e-01
8.305169483051695334e-01,1.211428642272949219e-02
8.641135886411358547e-01,1.494418859481811523e+01
8.684120178222656250e-01,1.579523086547851562e-03
8.144683679171370594e-01,4.056215286254882812e-03
8.167201306355161838e-01,3.985404968261718750e-03
3.929607039296070109e-02,3.484365940093994141e-01
4.129587041295870731e-02,1.201033592224121094e-02
1.861813818618138217e-01,1.490688419342041016e+01
5.908966064453125000e-03,1.624107360839843750e-03
9.209681619450149626e-02,4.024267196655273438e-03
3.033730961510239243e-02,3.978729248046875000e-03
1.207879212078792064e-01,4.040675163269042969e-01
1.268873112688731208e-01,1.207756996154785156e-02
1.912808719128087087e-01,1.593736028671264648e+01
5.765914916992187500e-02,1.603364944458007812e-03
1.705734909438222369e-01,4.022598266601562500e-03
1.218038410128206017e-01,3.967523574829101562e-03
5.541445855414458554e-01,3.500204086303710938e-01
5.510448955104489954e-01,1.323008537292480469e-02
5.949405059494050629e-01,1.584433555603027344e+01
4.119014739990234375e-01,1.751184463500976562e-03
5.960606139008770565e-01,4.109382629394531250e-03
5.619884360484938002e-01,3.992080688476562500e-03
3.011698830116988357e-01,3.479828834533691406e-01
3.061693830616938339e-01,1.207065582275390625e-02
6.189381061893810543e-01,1.482684874534606934e+01
5.765914916992187500e-02,1.605510711669921875e-03
3.478378761093589011e-01,4.016876220703125000e-03
3.673212941176789981e-01,3.962516784667968750e-03
6.949305069493050269e-01,3.463859558105468750e-01
6.938306169383061661e-01,1.202178001403808594e-02
8.445155484451555283e-01,1.553969120979309082e+01
1.315879821777343750e-01,1.582145690917968750e-03
6.435877566514989212e-01,4.026889801025390625e-03
6.729632787434345342e-01,3.989934921264648438e-03
9.082091790820917554e-01,3.470947742462158203e-01
9.031096890310968961e-01,1.198267936706542969e-02
8.279172082791720344e-01,1.569806385040283203e+01
8.684120178222656250e-01,1.694917678833007812e-03
8.767926496018858540e-01,4.049539566040039062e-03
9.065720941312233050e-01,3.976821899414062500e-03
6.784321567843215606e-01,3.930575847625732422e-01
6.790320967903209493e-01,1.221966743469238281e-02
7.999200079992000445e-01,1.578824663162231445e+01
4.119014739990234375e-01,2.512454986572265625e-03
5.903282378950760467e-01,4.244327545166015625e-03
6.853302444878387467e-01,4.057168960571289062e-03
3.863613638636136383e-01,4.058184623718261719e-01
3.960603939606039403e-01,1.251721382141113281e-02
2.390760923907609137e-01,1.514184093475341797e+01
5.880985260009765625e-01,1.608371734619140625e-03
4.743858359571069827e-01,4.043817520141601562e-03
4.454398125685361531e-01,3.988265991210937500e-03
8.976102389761023703e-01,3.501696586608886719e-01
9.004099590040995915e-01,1.204562187194824219e-02
9.616038396160383472e-01,1.476449465751647949e+01
2.517223358154296875e-01,1.648187637329101562e-03
8.410176935228361739e-01,4.050970077514648438e-03
8.773183016035881465e-01,3.984212875366210938e-03
7.519248075192480618e-01,3.952138423919677734e-01
7.564243575642435324e-01,1.223373413085937500e-02
9.324067593240675800e-01,1.530650281906127930e+01
5.880985260009765625e-01,1.574754714965820312e-03
6.488593356480846230e-01,3.993511199951171875e-03
7.836591696474313196e-01,3.978013992309570312e-03
7.739226077392260539e-01,3.465626239776611328e-01
7.627237276272372801e-01,1.200842857360839844e-02
7.215278472152785172e-01,1.485650348663330078e+01
8.684120178222656250e-01,2.615213394165039062e-03
7.183464509729198255e-01,4.179954528808593750e-03
7.432388703386363371e-01,4.034042358398437500e-03
7.286271372862713758e-01,3.483853340148925781e-01
7.422257774222578153e-01,1.245546340942382812e-02
7.388261173882612054e-01,1.553222608566284180e+01
1.315879821777343750e-01,1.614093780517578125e-03
6.962977372477237026e-01,4.042148590087890625e-03
6.824861729235744967e-01,3.987550735473632812e-03
7.252274772522747659e-01,3.725912570953369141e-01
7.259274072592740712e-01,1.207208633422851562e-02
5.731426857314269041e-01,1.520358037948608398e+01
2.517223358154296875e-01,1.613140106201171875e-03
6.398526943942242085e-01,4.054069519042968750e-03
7.162314167773489171e-01,3.978013992309570312e-03
6.402359764023597410e-01,3.483512401580810547e-01
6.271372862713728846e-01,1.201701164245605469e-02
4.340565943405659266e-01,1.537798547744750977e+01
4.119014739990234375e-01,1.682996749877929688e-03
5.832571369655590310e-01,4.076242446899414062e-03
6.323900693742716683e-01,4.003763198852539062e-03
9.152084791520848084e-01,3.483278751373291016e-01
9.217078292170782783e-01,1.209831237792968750e-02
9.759024097590240920e-01,1.533800029754638672e+01
9.793052673339843750e-01,2.646684646606445312e-03
7.684664696363927572e-01,4.260540008544921875e-03
8.632748405649897094e-01,4.033088684082031250e-03
1.367863213678632006e-01,3.478267192840576172e-01
1.368863113688631172e-01,1.259016990661621094e-02
1.593840615938406091e-01,1.569828915596008301e+01
5.765914916992187500e-02,1.720666885375976562e-03
1.957721334554577974e-01,4.088640213012695312e-03
1.596556897222109472e-01,4.006624221801757812e-03
3.794620537946205574e-01,3.473775386810302734e-01
3.774622537746225581e-01,1.209139823913574219e-02
3.667633236676332564e-01,1.564762544631958008e+01
2.517223358154296875e-01,1.707553863525390625e-03
3.966689731387477158e-01,4.063606262207031250e-03
3.516217352381869610e-01,3.962755203247070312e-03
9.069093090690931447e-02,3.473262786865234375e-01
9.269073092690731375e-02,1.211714744567871094e-02
5.579442055794420902e-02,1.667522263526916504e+01
2.517223358154296875e-01,1.628637313842773438e-03
9.895805043747407659e-02,4.044771194458007812e-03
9.164249894241111027e-02,4.006385803222656250e-03
9.582041795820418484e-01,3.508958816528320312e-01
9.541045895410459332e-01,1.204657554626464844e-02
9.662033796620338455e-01,1.554790043830871582e+01
8.684120178222656250e-01,2.509117126464843750e-03
9.440479247934054907e-01,4.211425781250000000e-03
9.686889969075009876e-01,4.045248031616210938e-03
3.658634136586341179e-01,3.464014530181884766e-01
3.540645935406459555e-01,1.248240470886230469e-02
3.652634736526347292e-01,1.509218287467956543e+01
7.482776641845703125e-01,1.575469970703125000e-03
4.600203376195486360e-01,4.044294357299804688e-03
4.262393210023825429e-01,3.965377807617187500e-03
9.801019898010199238e-01,3.466804027557373047e-01
9.783021697830216468e-01,1.202869415283203125e-02
9.765023497650234807e-01,1.548654603958129883e+01
5.880985260009765625e-01,1.608133316040039062e-03
9.774008957089674876e-01,4.051685333251953125e-03
9.816756716450957265e-01,3.991842269897460938e-03
2.916708329167083114e-01,3.470296859741210938e-01
2.997700229977002251e-01,1.204228401184082031e-02
1.702829717028297163e-01,1.523266053199768066e+01
1.315879821777343750e-01,1.583337783813476562e-03
2.977820340791803577e-01,4.029273986816406250e-03
3.736637176070830568e-01,3.983020782470703125e-03
6.410358964103589630e-01,3.506772518157958984e-01
6.413358664133587128e-01,1.322698593139648438e-02
5.501449855014498569e-01,1.603860545158386230e+01
2.517223358154296875e-01,1.752376556396484375e-03
6.738294616924631608e-01,4.080533981323242188e-03
6.592631035792327898e-01,4.013776779174804688e-03
4.059594040595940201e-01,3.462960720062255859e-01
4.076592340765923250e-01,1.208949089050292969e-02
3.472652734726527357e-01,1.558280014991760254e+01
5.765914916992187500e-02,1.669406890869140625e-03
3.863913300372862070e-01,4.058122634887695312e-03
4.086007800886266028e-01,3.978013992309570312e-03
5.660433956604339345e-01,3.477008342742919922e-01
5.583441655834416872e-01,1.205539703369140625e-02
4.014598540145985495e-01,1.553789639472961426e+01
2.517223358154296875e-01,1.660585403442382812e-03
5.747426395444847902e-01,4.055023193359375000e-03
5.221259639635653649e-01,3.963232040405273438e-03
6.246375362463754133e-01,3.523576259613037109e-01
6.159384061593841109e-01,1.241612434387207031e-02
5.777422257774222913e-01,1.531042599678039551e+01
8.684120178222656250e-01,2.487897872924804688e-03
5.828477050686677874e-01,4.220247268676757812e-03
6.188685154249914389e-01,4.025697708129882812e-03
6.460353964603540167e-01,3.496778011322021484e-01
6.526347365263474032e-01,1.249742507934570312e-02
6.595340465953404285e-01,1.510247874259948730e+01
4.119014739990234375e-01,1.585245132446289062e-03
6.386246481441586464e-01,4.036426544189453125e-03
6.423924865226167125e-01,3.985166549682617188e-03
9.139086091390860589e-02,3.482441902160644531e-01
8.229177082291770640e-02,1.204967498779296875e-02
1.193880611938806097e-01,1.612559199333190918e+01
1.315879821777343750e-01,1.613140106201171875e-03
1.263191645046922162e-01,4.012346267700195312e-03
8.491668991333101157e-02,3.975391387939453125e-03
2.297770222977702226e-01,3.493998050689697266e-01
2.298770122987701114e-01,1.202082633972167969e-02
2.335766423357664157e-01,1.517607975006103516e+01
4.119014739990234375e-01,1.613616943359375000e-03
3.483282560864489619e-01,1.201057434082031250e-02
2.450484268947908939e-01,3.980875015258789062e-03
2.691730826917308472e-01,4.848959445953369141e-01
2.807719228077192319e-01,1.201605796813964844e-02
3.827617238276172507e-01,1.482515478134155273e+01
1.288414001464843750e-03,2.485752105712890625e-03
3.395076618795952461e-01,4.222154617309570312e-03
2.368991311860469962e-01,4.001855850219726562e-03
8.406159384061593354e-01,3.803966045379638672e-01
8.357164283571643093e-01,2.048563957214355469e-02
7.512248775122487565e-01,1.499805092811584473e+01
4.119014739990234375e-01,1.595973968505859375e-03
7.317185339655895016e-01,4.045724868774414062e-03
8.519698312462413714e-01,4.006147384643554688e-03
2.783721627837216217e-01,3.487884998321533203e-01
3.079692030796920554e-01,1.204848289489746094e-02
3.459654034596540417e-01,1.533102297782897949e+01
2.517223358154296875e-01,1.657485961914062500e-03
2.842297031587441847e-01,4.034280776977539062e-03
3.164124359957635191e-01,3.982067108154296875e-03
6.299370062993700850e-03,3.868317604064941406e-01
7.799220077992201176e-03,1.204133033752441406e-02
2.179782021797820046e-02,1.522409462928771973e+01
5.908966064453125000e-03,1.754999160766601562e-03
1.485110864557977368e-02,4.096984863281250000e-03
1.549873628701627093e-02,3.992319107055664062e-03
3.799620037996200451e-03,3.463764190673828125e-01
4.399560043995600842e-03,1.207208633422851562e-02
4.599540045995400249e-03,1.574472498893737793e+01
5.908966064453125000e-03,2.553462982177734375e-03
1.245990854027635361e-02,4.227876663208007812e-03
7.641919364622822008e-03,4.002571105957031250e-03
3.159684031596840526e-01,3.464789390563964844e-01
3.195680431956804401e-01,1.261997222900390625e-02
3.819618038196180287e-01,1.587565732002258301e+01
1.315879821777343750e-01,1.733541488647460938e-03
3.285115126397871732e-01,4.054069519042968750e-03
2.411140974949060323e-01,3.987312316894531250e-03
7.057294270572942452e-01,3.470859527587890625e-01
7.175282471752825186e-01,1.212906837463378906e-02
5.354464553544645566e-01,1.624612140655517578e+01
1.315879821777343750e-01,1.620769500732421875e-03
6.659079377428982482e-01,4.040479660034179688e-03
6.718663612846592637e-01,3.993988037109375000e-03
4.048595140485951593e-01,3.476138114929199219e-01
4.073592640735926307e-01,1.202797889709472656e-02
2.709729027097290133e-01,1.598954653739929199e+01
2.517223358154296875e-01,1.633405685424804688e-03
4.563572853467100510e-01,4.022598266601562500e-03
4.555205017976206028e-01,3.994941711425781250e-03
7.382261773822618167e-01,3.484640121459960938e-01
7.440255974402559813e-01,1.203393936157226562e-02
7.898210178982101315e-01,1.530845499038696289e+01
9.423408508300781250e-01,2.484798431396484375e-03
6.413120025405489866e-01,4.193305969238281250e-03
7.445436999250296672e-01,4.038333892822265625e-03
9.512048795120487954e-01,3.478283882141113281e-01
9.424057594240575764e-01,1.248311996459960938e-02
9.478052194780521855e-01,1.522758913040161133e+01
7.482776641845703125e-01,1.644849777221679688e-03
8.738677490064290510e-01,4.037857055664062500e-03
9.519606028600477998e-01,4.012823104858398438e-03
6.737326267373262567e-01,3.457829952239990234e-01
6.786321367863213938e-01,1.206135749816894531e-02
7.229277072292771278e-01,1.551935768127441406e+01
2.517223358154296875e-01,1.670598983764648438e-03
5.944159614025822380e-01,4.032373428344726562e-03
6.638385212506208166e-01,4.008293151855468750e-03
7.726227377262273599e-01,3.470499515533447266e-01
7.633236676332366688e-01,1.211571693420410156e-02
8.578142185781422180e-01,1.580301403999328613e+01
4.119014739990234375e-01,1.624107360839843750e-03
6.895972894509586615e-01,4.041194915771484375e-03
7.423105230137732047e-01,3.985404968261718750e-03
5.250474952504750048e-01,3.492741584777832031e-01
5.275472452754724761e-01,1.201915740966796875e-02
4.371562843715628421e-01,1.435402822494506836e+01
2.517223358154296875e-01,2.477645874023437500e-03
4.424944381728937448e-01,4.174947738647460938e-03
5.624895547258237372e-01,4.029035568237304688e-03
3.269673032696730069e-02,3.480000495910644531e-01
3.939606039396060383e-02,1.244997978210449219e-02
2.339766023397660266e-02,1.517151546478271484e+01
5.908966064453125000e-03,1.625776290893554688e-03
5.968479692356740141e-02,4.051446914672851562e-03
2.350028347638995554e-02,3.992319107055664062e-03
9.829017098290171450e-01,3.750915527343750000e-01
9.791020897910208687e-01,1.224422454833984375e-02
9.868013198680132270e-01,1.666327977180480957e+01
9.987115859985351562e-01,1.682758331298828125e-03
9.701086595105546939e-01,4.055261611938476562e-03
9.916917723534431905e-01,3.982067108154296875e-03
2.319768023197680065e-02,3.452880382537841797e-01
2.479752024797520285e-02,1.204609870910644531e-02
1.829817018298170173e-02,1.550644278526306152e+01
2.069473266601562500e-02,1.578330993652343750e-03
2.714724619601948177e-02,4.019737243652343750e-03
6.325411230971875708e-03,3.965139389038085938e-03
4.160583941605839331e-01,3.466365337371826172e-01
4.123587641235876289e-01,1.199865341186523438e-02
4.373562643735626199e-01,1.489711809158325195e+01
5.880985260009765625e-01,2.476692199707031250e-03
3.514651369328655184e-01,4.199504852294921875e-03
4.348476301180093651e-01,4.006862640380859375e-03
5.140485951404859533e-01,3.479754924774169922e-01
5.086491350864913441e-01,1.249933242797851562e-02
7.312268773122687637e-01,1.523084449768066406e+01
4.119014739990234375e-01,1.642227172851562500e-03
5.008348477604737115e-01,4.038810729980468750e-03
5.204381146237068156e-01,3.960132598876953125e-03
2.719728027197280268e-02,3.465003967285156250e-01
3.389661033896610581e-02,1.205182075500488281e-02
1.789821017898210118e-02,1.719863867759704590e+01
5.908966064453125000e-03,1.696109771728515625e-03
1.210250236139104874e-01,1.205706596374511719e-02
2.936761536984401622e-02,4.009485244750976562e-03
5.938406159384062022e-01,3.571538925170898438e-01
6.116388361163883625e-01,1.212811470031738281e-02
5.568443155684431600e-01,1.613106322288513184e+01
2.517223358154296875e-01,1.610994338989257812e-03
5.874479089524116127e-01,4.048347473144531250e-03
5.588640388789888336e-01,3.972530364990234375e-03
7.720227977202279712e-01,3.475928306579589844e-01
7.600239976002399755e-01,1.202368736267089844e-02
7.450254974502549254e-01,1.587441396713256836e+01
5.880985260009765625e-01,2.426624298095703125e-03
7.089691202466965603e-01,4.179239273071289062e-03
7.790190110543302460e-01,3.997802734375000000e-03
7.701229877012298886e-01,3.491015434265136719e-01
7.539246075392460611e-01,1.249766349792480469e-02
8.415158484151584739e-01,1.489096260070800781e+01
7.482776641845703125e-01,1.584053039550781250e-03
5.866891511403105053e-01,4.035711288452148438e-03
7.228963853243451920e-01,3.990650177001953125e-03
2.819718028197180093e-01,3.485190868377685547e-01
2.996700329967003085e-01,1.202464103698730469e-02
2.867713228677132298e-01,1.637162923812866211e+01
2.517223358154296875e-01,1.782655715942382812e-03
3.138526755389107192e-01,4.050493240356445312e-03
2.858940976434515835e-01,4.003047943115234375e-03
1.848815118488151277e-01,3.481583595275878906e-01
1.896810318968103204e-01,1.210284233093261719e-02
2.191780821917808098e-01,1.550010037422180176e+01
2.069473266601562500e-02,1.704931259155273438e-03
2.383624414127058500e-01,4.059314727783203125e-03
1.983560718928064071e-01,4.011631011962890625e-03
8.989101089891010643e-02,3.485445976257324219e-01
9.889011098890110318e-02,1.209473609924316406e-02
1.234876512348765110e-01,1.504501867294311523e+01
5.765914916992187500e-02,2.631187438964843750e-03
3.139231572584831875e-01,4.235506057739257812e-03
1.199891689649557058e-01,4.038810729980468750e-03
7.419258074192580654e-02,3.481085300445556641e-01
8.429157084291570567e-02,1.257848739624023438e-02
1.967803219678032067e-01,1.547461247444152832e+01
2.517223358154296875e-01,1.662492752075195312e-03
1.280037013457022144e-01,4.055976867675781250e-03
4.895228580457498119e-02,3.988504409790039062e-03
7.083291670832916331e-01,3.494107723236083984e-01
7.096290370962903271e-01,1.210784912109375000e-02
7.753224677532246645e-01,1.485013604164123535e+01
2.517223358154296875e-01,1.620054244995117188e-03
6.656102992032275623e-01,4.027128219604492188e-03
6.940324284677541478e-01,3.974199295043945312e-03
1.708829117088291050e-01,3.463461399078369141e-01
1.720827917208279101e-01,1.203131675720214844e-02
7.289271072892711256e-02,1.515058946609497070e+01
2.517223358154296875e-01,1.593112945556640625e-03
2.599358204960203755e-01,4.056692123413085938e-03
1.583066287007307005e-01,3.986597061157226562e-03
1.708829117088291050e-01,3.472013473510742188e-01
1.692830716928307166e-01,1.203489303588867188e-02
1.085891410858914052e-01,1.546110343933105469e+01
2.517223358154296875e-01,1.050829887390136719e-02
2.660648359012435238e-01,4.219055175781250000e-03
1.309490430244102388e-01,1.202034950256347656e-02
4.776522347765223553e-01,5.171985626220703125e-01
4.586541345865413621e-01,1.251411437988281250e-02
4.183581641835816267e-01,1.644261884689331055e+01
5.880985260009765625e-01,1.674413681030273438e-03
4.722863132692862731e-01,4.029989242553710938e-03
4.605779730780633074e-01,3.998994827270507812e-03
8.396160383961603912e-01,3.472542762756347656e-01
8.457154284571543057e-01,1.212334632873535156e-02
8.806119388061194320e-01,1.512767529487609863e+01
5.880985260009765625e-01,1.593351364135742188e-03
7.954922527158643231e-01,3.996610641479492188e-03
8.335974860673622810e-01,3.999948501586914062e-03
9.222077792220777503e-01,3.472864627838134766e-01
9.246075392460754161e-01,1.200580596923828125e-02
8.743125687431256843e-01,1.549716091156005859e+01
2.517223358154296875e-01,1.571178436279296875e-03
8.921857001659505571e-01,4.056453704833984375e-03
9.043033429312898885e-01,3.997087478637695312e-03
1.900809919008099313e-01,3.463611602783203125e-01
1.924807519248075138e-01,1.198697090148925781e-02
2.292770722927707228e-01,1.540861773490905762e+01
2.517223358154296875e-01,2.547740936279296875e-03
2.548762033555970197e-01,4.203081130981445312e-03
2.034114134147197439e-01,4.019737243652343750e-03
7.509249075092491177e-01,3.481156826019287109e-01
7.432256774322567594e-01,1.257920265197753906e-02
6.421357864213578237e-01,1.548837876319885254e+01
7.482776641845703125e-01,1.667737960815429688e-03
6.665273706541197107e-01,4.066944122314453125e-03
7.556756115164803278e-01,3.966093063354492188e-03
1.062893710628937116e-01,3.455247879028320312e-01
1.110888911108889043e-01,1.210212707519531250e-02
4.019598040195980493e-02,1.536661934852600098e+01
5.765914916992187500e-02,1.589775085449218750e-03
1.783053249256720818e-01,3.990650177001953125e-03
5.831611818358136551e-02,3.999710083007812500e-03
8.083191680831917081e-01,3.490917682647705078e-01
8.203179682031797038e-01,1.203966140747070312e-02
6.675332466753324256e-01,1.546544051170349121e+01
2.517223358154296875e-01,1.577615737915039062e-03
5.647917880145643110e-01,3.998041152954101562e-03
8.396646267182181766e-01,3.983259201049804688e-03
8.713128687131287409e-01,3.481144905090332031e-01
8.800119988001200433e-01,1.198506355285644531e-02
9.033096690330967293e-01,1.489341902732849121e+01
7.482776641845703125e-01,2.487897872924804688e-03
8.000217871707799855e-01,4.184007644653320312e-03
8.565525650994968432e-01,4.018068313598632812e-03
1.939806019398060064e-02,3.461828231811523438e-01
1.949805019498050337e-02,1.250576972961425781e-02
5.039496050394960680e-02,1.552642869949340820e+01
1.315879821777343750e-01,1.661777496337890625e-03
3.652354670335122844e-02,4.061937332153320312e-03
1.597761831315678768e-02,3.993988037109375000e-03
1.993800619938006224e-01,3.460686206817626953e-01
2.130786921307869231e-01,1.211190223693847656e-02
1.647835216478352183e-01,1.546774029731750488e+01
4.119014739990234375e-01,1.595735549926757812e-03
2.985597036913089086e-01,4.024267196655273438e-03
1.572059563591838294e-01,3.969430923461914062e-03
3.848615138486151110e-01,3.477199077606201172e-01
3.860613938606139439e-01,1.203751564025878906e-02
5.874412558744125379e-01,1.529271245002746582e+01
2.517223358154296875e-01,1.574516296386718750e-03
4.341836479941444393e-01,4.003763198852539062e-03
3.907040077147955204e-01,3.959655761718750000e-03
3.172682731726827465e-01,3.462228775024414062e-01
3.273672632736726595e-01,1.200461387634277344e-02
3.724627537246275599e-01,1.535719752311706543e+01
4.119014739990234375e-01,2.473831176757812500e-03
4.114940751798990548e-01,4.185438156127929688e-03
3.284547630098759718e-01,3.998279571533203125e-03
9.688031196880312335e-01,3.469283580780029297e-01
9.665033496650334843e-01,1.254963874816894531e-02
9.657034296570342624e-01,1.570286655426025391e+01
7.482776641845703125e-01,1.726150512695312500e-03
8.767571334238728475e-01,4.097938537597656250e-03
9.376109796443597988e-01,3.990173339843750000e-03
7.296270372962703199e-01,3.470201492309570312e-01
7.238276172382761553e-01,1.214861869812011719e-02
7.569243075692431155e-01,1.552081584930419922e+01
7.482776641845703125e-01,1.650810241699218750e-03
6.790706054824753313e-01,4.022359848022460938e-03
7.676271697811776207e-01,3.995656967163085938e-03
6.505349465053494873e-01,3.535659313201904297e-01
6.462353764623537389e-01,1.220083236694335938e-02
6.760323967603240058e-01,1.550547337532043457e+01
4.119014739990234375e-01,1.695632934570312500e-03
5.874354633675493709e-01,4.358768463134765625e-03
6.435029708644401936e-01,4.033803939819335938e-03
3.893610638936106372e-01,3.713014125823974609e-01
3.935606439356064135e-01,2.960586547851562500e-02
5.069493050694930947e-01,1.586872792243957520e+01
4.119014739990234375e-01,1.840353012084960938e-03
4.173143530039516991e-01,4.102468490600585938e-03
3.630375617661913412e-01,4.022836685180664062e-03
2.437756224377562175e-01,4.421617984771728516e-01
2.439756024397560230e-01,1.222062110900878906e-02
2.847715228477152305e-01,1.552470684051513672e+01
2.517223358154296875e-01,1.611232757568359375e-03
3.718996734093930057e-01,4.070281982421875000e-03
2.835366413245848927e-01,3.991603851318359375e-03
1.239876012398760143e-02,3.482856750488281250e-01
1.519848015198480180e-02,1.209235191345214844e-02
4.479552044795520604e-02,1.562702178955078125e+01
2.069473266601562500e-02,1.600742340087890625e-03
3.019328976270904338e-02,4.045486450195312500e-03
9.634456776909961287e-03,3.977537155151367188e-03
3.316668333166683524e-01,3.891503810882568359e-01
3.101689831016898324e-01,1.198744773864746094e-02
2.674732526747325423e-01,1.610358333587646484e+01
7.482776641845703125e-01,1.613140106201171875e-03
3.358125511390913087e-01,4.033088684082031250e-03
3.643379803770152026e-01,3.987789154052734375e-03
1.823817618238176286e-01,3.531725406646728516e-01
1.837816218378162114e-01,1.202893257141113281e-02
1.277872212778722039e-01,1.542025470733642578e+01
2.517223358154296875e-01,2.570390701293945312e-03
2.188728066175699150e-01,4.265785217285156250e-03
1.565484014153483150e-01,4.037857055664062500e-03
4.229577042295770695e-01,3.472030162811279297e-01
4.266573342665733182e-01,1.256322860717773438e-02
5.848415158484151499e-01,1.528190279006958008e+01
2.517223358154296875e-01,1.616001129150390625e-03
4.717640925605777746e-01,4.034042358398437500e-03
3.975047583598402268e-01,3.969907760620117188e-03
5.184481551844815073e-01,4.212751388549804688e-01
5.205479452054794232e-01,1.206326484680175781e-02
5.752424757524247090e-01,1.545123696327209473e+01
7.482776641845703125e-01,1.610517501831054688e-03
5.015930408147304398e-01,4.019260406494140625e-03
5.497614150974048375e-01,4.000425338745117188e-03
6.206379362063794147e-01,3.491806983947753906e-01
6.251374862513748853e-01,1.201462745666503906e-02
5.183481651834817017e-01,1.537267756462097168e+01
5.880985260009765625e-01,2.452850341796875000e-03
5.770370634237547147e-01,4.202127456665039062e-03
6.065703738864265393e-01,4.000902175903320312e-03
6.929307069293070276e-01,3.498871326446533203e-01
6.967303269673033039e-01,1.245975494384765625e-02
7.667233276672332787e-01,1.568838596343994141e+01
5.880985260009765625e-01,1.662731170654296875e-03
6.810064706083567287e-01,4.072427749633789062e-03
6.930705105393510923e-01,3.991365432739257812e-03
4.392560743925607580e-01,3.486442565917968750e-01
4.554544545545445300e-01,1.210927963256835938e-02
4.252574742525747631e-01,1.520738053321838379e+01
2.517223358154296875e-01,1.603126525878906250e-03
4.243189506189056770e-01,4.043102264404296875e-03
4.165035351111762707e-01,3.973722457885742188e-03
1.293870612938706199e-01,3.478920459747314453e-01
1.382861713828617001e-01,1.202940940856933594e-02
1.371862813718628116e-01,1.540217161178588867e+01
1.315879821777343750e-01,1.601219177246093750e-03
1.664668597076823797e-01,4.013776779174804688e-03
1.364017028790073804e-01,4.008769989013671875e-03
8.803119688031196821e-01,3.469130992889404297e-01
8.819118088191181259e-01,1.198935508728027344e-02
8.251174882511749242e-01,1.572897696495056152e+01
4.119014739990234375e-01,2.514839172363281250e-03
8.490502922685279064e-01,4.225015640258789062e-03
9.001132703175934724e-01,4.033327102661132812e-03
3.612638736126387307e-01,3.479485511779785156e-01
3.426657334266573485e-01,1.253223419189453125e-02
3.972602739726027177e-01,1.566173505783081055e+01
5.765914916992187500e-02,1.680374145507812500e-03
3.385031570787054855e-01,4.305362701416015625e-03
3.779812444223957235e-01,4.012107849121093750e-03
8.702129787021297691e-01,3.533694744110107422e-01
8.450154984501550004e-01,1.230311393737792969e-02
6.763323667633236447e-01,1.527420425415039062e+01
5.880985260009765625e-01,1.611471176147460938e-03
8.435785539984226311e-01,4.041671752929687500e-03
8.986248659817199780e-01,3.997087478637695312e-03
2.869713028697130075e-01,3.469779491424560547e-01
3.038696130386961403e-01,1.204109191894531250e-02
1.583841615838416095e-01,1.560212802886962891e+01
1.315879821777343750e-01,9.603977203369140625e-03
2.365296171297275318e-01,4.016876220703125000e-03
2.687908820463018600e-01,1.204204559326171875e-02
7.660233976602339734e-01,6.151463985443115234e-01
7.595240475952405035e-01,1.204872131347656250e-02
6.801319868013199210e-01,1.612670779228210449e+01
4.119014739990234375e-01,2.654790878295898438e-03
7.329344873461798304e-01,4.283428192138671875e-03
7.690052230805117794e-01,4.015207290649414062e-03
9.150084991500849751e-01,3.562901020050048828e-01
9.184081591840815850e-01,1.262545585632324219e-02
8.850114988501149860e-01,1.538697075843811035e+01
5.880985260009765625e-01,1.727581024169921875e-03
8.424905102110797905e-01,4.077672958374023438e-03
9.434253488148085509e-01,3.988981246948242188e-03
7.538246175382461445e-01,3.486144542694091797e-01
7.382261773822618167e-01,1.210165023803710938e-02
6.872312768723127796e-01,1.612160015106201172e+01
7.482776641845703125e-01,1.693248748779296875e-03
7.708598016328271907e-01,4.081010818481445312e-03
7.124677983759171163e-01,3.993749618530273438e-03
9.974002599740026120e-01,3.526043891906738281e-01
9.963003699630037513e-01,1.214313507080078125e-02
9.658034196580341790e-01,1.574573469161987305e+01
7.482776641845703125e-01,1.710653305053710938e-03
9.993651758653602224e-01,4.057645797729492188e-03
9.977183523203930759e-01,3.999948501586914062e-03
5.622437756224377692e-01,4.686708450317382812e-01
5.758424157584242087e-01,1.210498809814453125e-02
4.856514348565143524e-01,1.622931408882141113e+01
1.315879821777343750e-01,2.557277679443359375e-03
5.704955524216437368e-01,1.211524009704589844e-02
5.686685540963776209e-01,4.021644592285156250e-03
8.800119988001200433e-01,3.637478351593017578e-01
8.748125187481251563e-01,1.257252693176269531e-02
8.815118488151184595e-01,1.596635055541992188e+01
9.793052673339843750e-01,1.627206802368164062e-03
8.906680853602240155e-01,4.038095474243164062e-03
9.045521427984326568e-01,3.984451293945312500e-03
4.097590240975902409e-01,4.587750434875488281e-01
4.168583141685831550e-01,1.208162307739257812e-02
3.885611438856114153e-01,1.528247404098510742e+01
2.069473266601562500e-02,1.588106155395507812e-03
4.107669684589964065e-01,4.043340682983398438e-03
3.744807875529178043e-01,3.972530364990234375e-03
7.367263273672632895e-01,3.473687171936035156e-01
7.342265773422658182e-01,1.202964782714843750e-02
7.441255874412558979e-01,1.537710332870483398e+01
4.119014739990234375e-01,1.593589782714843750e-03
7.358764810311198001e-01,4.014730453491210938e-03
7.328369752196365328e-01,3.994703292846679688e-03
6.094390560943905299e-01,3.472154140472412109e-01
6.227377262273772196e-01,1.199603080749511719e-02
7.257274272572742380e-01,1.560676789283752441e+01
2.517223358154296875e-01,2.589225769042968750e-03
5.918132179800937864e-01,4.250764846801757812e-03
6.261370500546942219e-01,4.039049148559570312e-03
1.134886511348865146e-01,3.466417789459228516e-01
1.135886411358864173e-01,1.254510879516601562e-02
1.310868913108689249e-01,1.543715214729309082e+01
2.517223358154296875e-01,1.603603363037109375e-03
1.157084479400227184e-01,4.018545150756835938e-03
9.187765340213543963e-02,3.977060317993164062e-03
4.655534446555344430e-01,3.463544845581054688e-01
4.592540745925407508e-01,1.206636428833007812e-02
5.583441655834416872e-01,1.604536867141723633e+01
7.482776641845703125e-01,1.616477966308593750e-03
4.849908732620332175e-01,4.027366638183593750e-03
4.253102037125409685e-01,3.983736038208007812e-03
1.899810018998100147e-01,4.283084869384765625e-01
1.806819318068193236e-01,1.209878921508789062e-02
1.613838616138386084e-01,1.543537139892578125e+01
4.119014739990234375e-01,1.606941223144531250e-03
2.037604529827924948e-01,4.040241241455078125e-03
1.839857758918492237e-01,3.967761993408203125e-03
4.726527347265273571e-01,3.481485843658447266e-01
4.849515048495150471e-01,1.200890541076660156e-02
4.481551844815518382e-01,1.557689213752746582e+01
5.765914916992187500e-02,2.610206604003906250e-03
4.348950610095027036e-01,4.228353500366210938e-03
4.237451260763175354e-01,4.006385803222656250e-03
9.633036696330367077e-01,4.279265403747558594e-01
9.606039396060394031e-01,1.257872581481933594e-02
9.642035796420358462e-01,1.553045177459716797e+01
7.482776641845703125e-01,1.628160476684570312e-03
9.460031720097938912e-01,4.057407379150390625e-03
9.587759135483413520e-01,3.996610641479492188e-03
1.299870012998700086e-01,3.474385738372802734e-01
1.370862913708629227e-01,1.205444335937500000e-02
1.407859214078592269e-01,1.580675125122070312e+01
1.315879821777343750e-01,1.597642898559570312e-03
1.012003120762894892e-01,4.041194915771484375e-03
1.452155417532772774e-01,3.985166549682617188e-03
4.453554644535546170e-01,3.477234840393066406e-01
4.464553544645535332e-01,1.202821731567382812e-02
4.228577142285771528e-01,1.612163209915161133e+01
5.765914916992187500e-02,1.693010330200195312e-03
4.611828515352998092e-01,4.074096679687500000e-03
3.693677591342441335e-01,4.004478454589843750e-03
1.450854914508549198e-01,3.479280471801757812e-01
1.576842315768423042e-01,1.210665702819824219e-02
6.909309069093090561e-02,1.564671373367309570e+01
2.069473266601562500e-02,2.494096755981445312e-03
1.371859463263841450e-01,1.208376884460449219e-02
1.488345192453126020e-01,4.007577896118164062e-03
4.789521047895210770e-02,4.852378368377685547e-01
4.959504049595040570e-02,1.256895065307617188e-02
6.259374062593740795e-02,1.451802182197570801e+01
5.908966064453125000e-03,1.595735549926757812e-03
1.038937919224594553e-01,4.030942916870117188e-03
4.529652287688236412e-02,3.984928131103515625e-03
7.128287171282872148e-01,3.557016849517822266e-01
7.197280271972802401e-01,1.199960708618164062e-02
7.335266473352665129e-01,1.469731497764587402e+01
2.517223358154296875e-01,1.635789871215820312e-03
7.303395323660095695e-01,4.073619842529296875e-03
7.044009664719490527e-01,4.000663757324218750e-03
8.369163083691630312e-02,3.479709625244140625e-01
8.729127087291270459e-02,1.202201843261718750e-02
1.077892210778922111e-01,1.496805214881896973e+01
2.069473266601562500e-02,1.748561859130859375e-03
1.104406693364399783e-01,4.076719284057617188e-03
5.568641701053834991e-02,3.993511199951171875e-03
8.964103589641035930e-01,3.502893447875976562e-01
8.937106289371062884e-01,1.211047172546386719e-02
9.464053594640535749e-01,1.530765891075134277e+01
9.940910339355468750e-01,2.607822418212890625e-03
7.336919713792174891e-01,4.305601119995117188e-03
8.815248451381358930e-01,4.025936126708984375e-03
2.715728427157284020e-01,5.084736347198486328e-01
2.859714028597140079e-01,2.863240242004394531e-02
2.565743425657434074e-01,1.611602210998535156e+01
2.517223358154296875e-01,1.743078231811523438e-03
2.394576712197098445e-01,4.103422164916992188e-03
2.607472219900283106e-01,3.989458084106445312e-03
2.568743125687431017e-01,4.442265033721923828e-01
2.579742025797420180e-01,1.214313507080078125e-02
3.485651434856514297e-01,1.532726812362670898e+01
2.517223358154296875e-01,1.608133316040039062e-03
2.523130301589621149e-01,4.032850265502929688e-03
2.756706529551826712e-01,3.986597061157226562e-03
4.315568443155684553e-01,3.474521636962890625e-01
4.210578942105789313e-01,1.202511787414550781e-02
3.805619438056194181e-01,1.485590291023254395e+01
4.119014739990234375e-01,1.604080200195312500e-03
4.582013431391185332e-01,4.022836685180664062e-03
3.922465944228641366e-01,4.015207290649414062e-03
1.536846315368463056e-01,3.494341373443603516e-01
1.594840515948405257e-01,1.201605796813964844e-02
1.704829517048295218e-01,1.639316606521606445e+01
1.315879821777343750e-01,1.044654846191406250e-02
1.623841180943597640e-01,4.214048385620117188e-03
1.552724615423964893e-01,1.216387748718261719e-02
5.260473952604739489e-01,5.530409812927246094e-01
4.965503449655034318e-01,2.051520347595214844e-02
5.392460753924607220e-01,1.585385632514953613e+01
8.684120178222656250e-01,1.601457595825195312e-03
4.966688304857594383e-01,4.000425338745117188e-03
5.062304318180819163e-01,3.965616226196289062e-03
3.265673432656734376e-01,3.469455242156982422e-01
3.505649435056494290e-01,1.202011108398437500e-02
3.795620437956204185e-01,1.539881372451782227e+01
1.315879821777343750e-01,1.617193222045898438e-03
3.081174798003767368e-01,4.039287567138671875e-03
3.055550277221902311e-01,3.971338272094726562e-03
8.134186581341865674e-01,3.477649688720703125e-01
8.150184981501850112e-01,1.203560829162597656e-02
7.590240975902409204e-01,1.428203082084655762e+01
2.517223358154296875e-01,1.585006713867187500e-03
8.019290533112393149e-01,4.015684127807617188e-03
8.123899203582365391e-01,3.987550735473632812e-03
3.970602939706029400e-01,3.497080802917480469e-01
4.002599740025997166e-01,1.198744773864746094e-02
2.915708429157084502e-01,1.506957864761352539e+01
2.517223358154296875e-01,2.456426620483398438e-03
4.183014137316838355e-01,4.211902618408203125e-03
3.357562961300598059e-01,4.012584686279296875e-03
4.280571942805719288e-01,3.465139865875244141e-01
4.211578842115788479e-01,1.247525215148925781e-02
5.164483551644835080e-01,1.592909765243530273e+01
5.880985260009765625e-01,1.626253128051757812e-03
4.286391937971316679e-01,4.038810729980468750e-03
4.039532043388231464e-01,3.993034362792968750e-03
4.747525247475252730e-01,3.484687805175781250e-01
4.715528447155284408e-01,1.204037666320800781e-02
3.306669333066693528e-01,1.568080186843872070e+01
1.315879821777343750e-01,1.651048660278320312e-03
4.986974552632263413e-01,4.038572311401367188e-03
4.734202912366314853e-01,3.988504409790039062e-03
8.457154284571543057e-01,3.669402599334716797e-01
8.473152684731526385e-01,1.208686828613281250e-02
8.647135286471352433e-01,1.643042683601379395e+01
4.119014739990234375e-01,1.610517501831054688e-03
8.256998488238329603e-01,4.034996032714843750e-03
7.883834834800921287e-01,3.979444503784179688e-03
9.492050794920507961e-01,3.468523025512695312e-01
9.474052594740526301e-01,1.199722290039062500e-02
9.203079692030796677e-01,1.538745379447937012e+01
5.880985260009765625e-01,2.492189407348632812e-03
9.525556149236078518e-01,4.226684570312500000e-03
9.653863392889111550e-01,4.026889801025390625e-03
6.430356964303569622e-01,3.495225906372070312e-01
6.577342265773422625e-01,1.250576972961425781e-02
7.312268773122687637e-01,1.568773245811462402e+01
8.684120178222656250e-01,1.651287078857421875e-03
5.495578077711384957e-01,4.045248031616210938e-03
7.036838542367516158e-01,4.025220870971679688e-03
6.728327167283271182e-01,3.499493598937988281e-01
6.769323067693230334e-01,1.204323768615722656e-02
6.299370062993701058e-01,1.548416805267333984e+01
2.517223358154296875e-01,1.657485961914062500e-03
7.335754718219906767e-01,4.050254821777343750e-03
6.949980850819484912e-01,3.990650177001953125e-03
5.084491550844915109e-01,3.486273288726806641e-01
4.982501749825017368e-01,1.206231117248535156e-02
3.206679332066793564e-01,1.491866445541381836e+01
2.517223358154296875e-01,1.610040664672851562e-03
4.821404798688299076e-01,4.006862640380859375e-03
4.772364920518170073e-01,3.979682922363281250e-03
4.799520047995200489e-01,3.475313186645507812e-01
4.881511848815118237e-01,1.201248168945312500e-02
3.649635036496350349e-01,1.570788693428039551e+01
7.482776641845703125e-01,2.465486526489257812e-03
4.795783250198266123e-01,4.195213317871093750e-03
5.196890859663465534e-01,3.998041152954101562e-03
2.549745025497450121e-02,3.481225967407226562e-01
2.959704029597040251e-02,1.248073577880859375e-02
3.839616038396160419e-02,1.559962439537048340e+01
1.315879821777343750e-01,1.616239547729492188e-03
8.441522310629451242e-02,4.017114639282226562e-03
4.218587621771412166e-02,3.991603851318359375e-03
6.151384861513848890e-01,3.479166030883789062e-01
5.954404559544045350e-01,1.202058792114257812e-02
7.506249375062493678e-01,1.542835235595703125e+01
2.517223358154296875e-01,1.730203628540039062e-03
5.598605175559752123e-01,4.074335098266601562e-03
5.679597130999382015e-01,3.985881805419921875e-03
9.784021597840215634e-01,3.480219841003417969e-01
9.756024397560243422e-01,1.208639144897460938e-02
9.059094090590941173e-01,1.551305603981018066e+01
7.482776641845703125e-01,1.608133316040039062e-03
9.685342612339881141e-01,4.014730453491210938e-03
9.898795977555451264e-01,3.998756408691406250e-03
7.260273972602739878e-01,3.499681949615478516e-01
7.341265873412659015e-01,1.207184791564941406e-02
7.354264573542645955e-01,1.646595883369445801e+01
7.482776641845703125e-01,2.635002136230468750e-03
6.838590210325767860e-01,4.270792007446289062e-03
7.777190560420845777e-01,4.040479660034179688e-03
6.744325567443255620e-01,3.476605415344238281e-01
6.758324167583241726e-01,1.260948181152343750e-02
5.965403459654035068e-01,1.511731696128845215e+01
2.517223358154296875e-01,1.663684844970703125e-03
6.232478205416771555e-01,4.037857055664062500e-03
6.726441724621475826e-01,3.988027572631835938e-03
6.491350864913508767e-01,3.456041812896728516e-01
6.471352864713528774e-01,1.211094856262207031e-02
7.611238876112388363e-01,1.515024018287658691e+01
2.517223358154296875e-01,1.604795455932617188e-03
6.693800141006676085e-01,4.024982452392578125e-03
6.265653987050420204e-01,3.977298736572265625e-03
2.160783921607839220e-01,3.469760417938232422e-01
2.300769923007699169e-01,1.203918457031250000e-02
4.884511548845115736e-01,1.606257557868957520e+01
5.765914916992187500e-02,1.591682434082031250e-03
2.400711925891220178e-01,4.008293151855468750e-03
1.441004019367115307e-01,3.980875015258789062e-03
8.399160083991601133e-02,5.111134052276611328e-01
9.239076092390760553e-02,1.201319694519042969e-02
1.477852214778522244e-01,1.518827056884765625e+01
2.069473266601562500e-02,2.473592758178710938e-03
8.706894023663125370e-02,4.217386245727539062e-03
7.960797515262479918e-02,4.007339477539062500e-03
2.266773322667733348e-01,3.477447032928466797e-01
2.376762323767623308e-01,1.248502731323242188e-02
1.360863913608639231e-01,1.550990772247314453e+01
2.069473266601562500e-02,1.611709594726562500e-03
2.401109152311813877e-01,4.031658172607421875e-03
2.692103678179437187e-01,3.980636596679687500e-03
3.709629037096290327e-02,3.467710018157958984e-01
3.909609039096090255e-02,1.203322410583496094e-02
3.399660033996600161e-02,1.563433122634887695e+01
2.517223358154296875e-01,1.651048660278320312e-03
1.766400515608206323e-01,4.015684127807617188e-03
6.252939453916096790e-02,3.988742828369140625e-03
9.176082391760823631e-01,3.465490341186523438e-01
9.103089691030896713e-01,1.204466819763183594e-02
9.585041495850414872e-01,1.605375957489013672e+01
9.423408508300781250e-01,1.612663269042968750e-03
8.822329756795980193e-01,3.998517990112304688e-03
9.186503904978824409e-01,3.985404968261718750e-03
5.409459054094590824e-01,3.482179641723632812e-01
5.686431356864313225e-01,1.198697090148925781e-02
7.563243675632437268e-01,1.627600073814392090e+01
2.517223358154296875e-01,2.538204193115234375e-03
5.331625010978223722e-01,4.212856292724609375e-03
6.252094933654036568e-01,4.043340682983398438e-03
7.719228077192280546e-02,3.475186824798583984e-01
7.729227077292270820e-02,1.253700256347656250e-02
1.570842915708429155e-01,1.537708973884582520e+01
5.765914916992187500e-02,1.621246337890625000e-03
7.749188588733403604e-02,4.006147384643554688e-03
1.192050222740029808e-01,3.977060317993164062e-03
2.309769023097690138e-02,3.457648754119873047e-01
2.139786021397860338e-02,1.208734512329101562e-02
1.489851014898510226e-02,1.614480972290039062e+01
2.517223358154296875e-01,1.594066619873046875e-03
2.349596509764038943e-02,4.042387008666992188e-03
1.651467379992719101e-02,4.006385803222656250e-03
9.860013998600140050e-01,3.480706214904785156e-01
9.845015498450154778e-01,1.200079917907714844e-02
9.853014698530146998e-01,1.562890791893005371e+01
5.880985260009765625e-01,1.597881317138671875e-03
9.813680765320564880e-01,4.053354263305664062e-03
9.762771176992510735e-01,4.011392593383789062e-03
8.570142985701429961e-01,3.469133377075195312e-01
8.535146485351464696e-01,1.201677322387695312e-02
7.717228277172283324e-01,1.521339344978332520e+01
4.119014739990234375e-01,2.474069595336914062e-03
7.689703409427983694e-01,4.219055175781250000e-03
8.617608013351776286e-01,4.019975662231445312e-03
4.820517948205179648e-01,3.475339412689208984e-01
5.009499050094990968e-01,1.251983642578125000e-02
5.761423857614238475e-01,1.539402675628662109e+01
5.765914916992187500e-02,1.664876937866210938e-03
5.282696364422422297e-01,4.054069519042968750e-03
4.060203147702948767e-01,4.011631011962890625e-03
3.091690830916908328e-01,3.464591503143310547e-01
3.050694930506949176e-01,1.205635070800781250e-02
3.553644635536446494e-01,1.515099024772644043e+01
2.517223358154296875e-01,1.586675643920898438e-03
3.851034658957480650e-01,4.081487655639648438e-03
3.107121099939603170e-01,3.978490829467773438e-03
9.123087691230876706e-01,3.491771221160888672e-01
9.015098490150984523e-01,1.201677322387695312e-02
8.558144185581442187e-01,1.528975152969360352e+01
9.793052673339843750e-01,2.465724945068359375e-03
7.761125231543155589e-01,4.195213317871093750e-03
9.215727608183316155e-01,4.043817520141601562e-03
6.899310068993100287e-02,3.494257926940917969e-01
7.589241075892411148e-02,1.248240470886230469e-02
1.025897410258974074e-01,1.419283604621887207e+01
2.069473266601562500e-02,1.624107360839843750e-03
1.204582834072737141e-01,4.036903381347656250e-03
5.920071248212291359e-02,4.101753234863281250e-03
8.150184981501850112e-01,3.467812538146972656e-01
8.096190380961904021e-01,1.205801963806152344e-02
7.459254074592540640e-01,1.553139066696166992e+01
4.119014739990234375e-01,1.734256744384765625e-03
7.877723869259123379e-01,4.064321517944335938e-03
8.279354636472784357e-01,3.994464874267578125e-03
3.503649635036496512e-01,3.473176956176757812e-01
3.644635536446355628e-01,1.210784912109375000e-02
2.490750924907509378e-01,1.548615860939025879e+01
5.765914916992187500e-02,1.668930053710937500e-03
3.726937277791316783e-01,4.040479660034179688e-03
3.511769235105474118e-01,3.985166549682617188e-03
2.909709029097090061e-01,3.458676338195800781e-01
2.837716228377162309e-01,1.207566261291503906e-02
3.263673632636736599e-01,1.469958853721618652e+01
4.119014739990234375e-01,2.590417861938476562e-03
2.605835399543691144e-01,4.251956939697265625e-03
3.153890649807223889e-01,4.005908966064453125e-03
4.639536046395360130e-02,3.454642295837402344e-01
4.619538046195380276e-02,1.260685920715332031e-02
7.669233076692330564e-02,1.545378756523132324e+01
5.908966064453125000e-03,1.590251922607421875e-03
4.789989522924804899e-02,4.005908966064453125e-03
5.284822878694100945e-02,3.950595855712890625e-03
9.692030796920307889e-01,3.474056720733642578e-01
9.646035396460354017e-01,1.205611228942871094e-02
8.976102389761023703e-01,1.516100144386291504e+01
9.423408508300781250e-01,1.592874526977539062e-03
9.365971676577456995e-01,4.014968872070312500e-03
9.641881097154467728e-01,3.965377807617187500e-03
3.405659434056594326e-01,3.521044254302978516e-01
3.484651534846515131e-01,1.201534271240234375e-02
3.769623037696230305e-01,1.546416282653808594e+01
2.517223358154296875e-01,1.587152481079101562e-03
2.946698467270148503e-01,3.985881805419921875e-03
3.631826455823835564e-01,3.974914550781250000e-03
6.703329667033296468e-01,3.680639266967773438e-01
6.699330066993300914e-01,1.201295852661132812e-02
4.455554444555544502e-01,1.520099234580993652e+01
4.119014739990234375e-01,2.451658248901367188e-03
6.876032744546792808e-01,4.190444946289062500e-03
6.829382227775172565e-01,4.014968872070312500e-03
3.509649035096490399e-02,3.487286567687988281e-01
4.359564043595640093e-02,1.248526573181152344e-02
5.799420057994200683e-02,1.527019047737121582e+01
5.765914916992187500e-02,1.613616943359375000e-03
3.770607173351284147e-02,4.005908966064453125e-03
3.613685932686298841e-02,3.955602645874023438e-03
4.783521647835216606e-01,4.172363281250000000e-01
4.781521847815218274e-01,1.202559471130371094e-02
5.454454554544545530e-01,1.632576918601989746e+01
1.315879821777343750e-01,1.620292663574218750e-03
5.416748246366432928e-01,4.032135009765625000e-03
5.584789496210963433e-01,3.989219665527343750e-03
7.732226777322267486e-01,3.701231479644775391e-01
7.714228577142285825e-01,1.220512390136718750e-02
6.585341465853414844e-01,1.626474404335021973e+01
2.517223358154296875e-01,9.629726409912109375e-03
7.376775123243148879e-01,4.026889801025390625e-03
8.016796893900880461e-01,1.199793815612792969e-02
7.787221277872212744e-01,4.137606620788574219e-01
7.832216778322167450e-01,1.203727722167968750e-02
7.257274272572742380e-01,1.531659436225891113e+01
2.517223358154296875e-01,2.480506896972656250e-03
8.136964918765179355e-01,4.197120666503906250e-03
7.058625045936697262e-01,4.024028778076171875e-03
5.540445955404459388e-01,3.486044406890869141e-01
5.588441155884411593e-01,1.247072219848632812e-02
3.386661333866613499e-01,1.511040425300598145e+01
4.119014739990234375e-01,1.701354980468750000e-03
5.463807799237181406e-01,4.063844680786132812e-03
5.611262741910556517e-01,3.990173339843750000e-03
7.550244975502449218e-01,3.761484622955322266e-01
7.594240575942405869e-01,1.203966140747070312e-02
3.923607639236076361e-01,1.628867268562316895e+01
4.119014739990234375e-01,1.603841781616210938e-03
7.340653974496598178e-01,4.022598266601562500e-03
6.859579982347077109e-01,3.952980041503906250e-03
3.065693430656934448e-01,3.543665409088134766e-01
3.107689231076892211e-01,1.203966140747070312e-02
2.246775322467753355e-01,1.643588566780090332e+01
5.765914916992187500e-02,1.613378524780273438e-03
2.768010130780929612e-01,4.029989242553710938e-03
2.487068462259989787e-01,4.010200500488281250e-03
4.867513248675132687e-01,3.501021862030029297e-01
4.863513648635136577e-01,1.200747489929199219e-02
4.309569043095690666e-01,1.453754138946533203e+01
1.315879821777343750e-01,2.545356750488281250e-03
4.499195287106810270e-01,4.240512847900390625e-03
4.920361589113330103e-01,4.033803939819335938e-03
6.664333566643335649e-01,3.488879203796386719e-01
6.630336966303369550e-01,1.252341270446777344e-02
6.717328267173282574e-01,1.600144863128662109e+01
5.880985260009765625e-01,1.628637313842773438e-03
5.556774541375277821e-01,4.060029983520507812e-03
6.427028686908929922e-01,3.976106643676757812e-03
4.817518248175182705e-01,3.503296375274658203e-01
4.833516648335166588e-01,1.212215423583984375e-02
5.880411958804119266e-01,1.459866142272949219e+01
7.482776641845703125e-01,1.596212387084960938e-03
4.855311167420462981e-01,4.034757614135742188e-03
5.148622399923514781e-01,4.142045974731445312e-03
5.723427657234276822e-01,3.493452072143554688e-01
5.619438056194380193e-01,1.202130317687988281e-02
3.125687431256874427e-01,1.466390132904052734e+01
5.880985260009765625e-01,1.601696014404296875e-03
6.256688607327303142e-01,4.024505615234375000e-03
6.713126989094475583e-01,3.963470458984375000e-03
2.295770422957704171e-01,3.472888469696044922e-01
2.349765023497650263e-01,1.199483871459960938e-02
3.907609239076092478e-01,1.585214567184448242e+01
4.119014739990234375e-01,2.454757690429687500e-03
3.009247839742267283e-01,4.197359085083007812e-03
2.256183562235801743e-01,4.020929336547851562e-03
1.698830116988301053e-01,3.478527069091796875e-01
1.777822217778222136e-01,1.249623298645019531e-02
5.239476052394760608e-02,1.514606022834777832e+01
5.880985260009765625e-01,1.752376556396484375e-03
2.319812453802082008e-01,4.081010818481445312e-03
1.591896322285997201e-01,4.016637802124023438e-03
6.897310268973102509e-01,4.025905132293701172e-01
6.872312768723127796e-01,2.017736434936523438e-02
8.546145385461453303e-01,1.563890719413757324e+01
5.880985260009765625e-01,1.628637313842773438e-03
6.751995877799894519e-01,4.046678543090820312e-03
6.743599777705162612e-01,4.004240036010742188e-03
8.501149885011498597e-01,3.472430706024169922e-01
8.436156384361563898e-01,1.208448410034179688e-02
7.924207579242076305e-01,1.518151092529296875e+01
5.880985260009765625e-01,1.701116561889648438e-03
7.536683077387740237e-01,4.086971282958984375e-03
8.629529567934868250e-01,4.016637802124023438e-03
1.325867413258674243e-01,3.473284244537353516e-01
1.356864313568643121e-01,1.209950447082519531e-02
3.746625337466253369e-01,1.655663299560546875e+01
2.517223358154296875e-01,2.516746520996093750e-03
2.004771104606654086e-01,4.226446151733398438e-03
1.298707495185409400e-01,4.052162170410156250e-03
1.315868413158684247e-01,4.062931537628173828e-01
1.418858114188581154e-01,1.283693313598632812e-02
1.441855814418558090e-01,1.542358970642089844e+01
2.517223358154296875e-01,1.662731170654296875e-03
1.529205616806064150e-01,4.041671752929687500e-03
1.536440106116054860e-01,3.985404968261718750e-03
8.208179182081791758e-01,3.478505611419677734e-01
8.202179782021797871e-01,1.209998130798339844e-02
8.371162883711629199e-01,1.548173093795776367e+01
7.482776641845703125e-01,1.592874526977539062e-03
7.803907894087590558e-01,4.020452499389648438e-03
7.851033297605669592e-01,3.975391387939453125e-03
4.871512848715128241e-01,3.484280109405517578e-01
4.777522247775222719e-01,1.199579238891601562e-02
5.562443755624437713e-01,1.493611073493957520e+01
2.517223358154296875e-01,1.597881317138671875e-03
4.389953211954139567e-01,4.046916961669921875e-03
4.538247032960270322e-01,3.983020782470703125e-03
2.325767423257674160e-01,3.486363887786865234e-01
2.529747025297470198e-01,1.202106475830078125e-02
3.384661533846615167e-01,1.538387012481689453e+01
5.908966064453125000e-03,2.601385116577148438e-03
2.735261220775854207e-01,4.258155822753906250e-03
2.220181625606170717e-01,4.041671752929687500e-03
2.422757724227577181e-01,3.485038280487060547e-01
2.473752624737526329e-01,1.260447502136230469e-02
4.769523047695230500e-01,1.504560446739196777e+01
4.119014739990234375e-01,1.600980758666992188e-03
3.509859736109802175e-01,4.020214080810546875e-03
2.476348948612696055e-01,3.998041152954101562e-03
2.657734226577342374e-01,3.481388092041015625e-01
2.700729927007299302e-01,1.206445693969726562e-02
2.485751424857514380e-01,1.519384598731994629e+01
2.517223358154296875e-01,1.591444015502929688e-03
3.138890541568423176e-01,3.997325897216796875e-03
2.284884379796444098e-01,3.995656967163085938e-03
1.430856914308569205e-01,3.470082283020019531e-01
1.425857414258574207e-01,1.200914382934570312e-02
2.589741025897410176e-02,1.549037718772888184e+01
5.880985260009765625e-01,1.624822616577148438e-03
9.634484829454453836e-02,4.025459289550781250e-03
1.856798967723628513e-01,4.001140594482421875e-03
6.903309669033096396e-01,3.491048812866210938e-01
6.924307569243075555e-01,1.202869415283203125e-02
7.895210478952104927e-01,1.497813391685485840e+01
4.119014739990234375e-01,2.469062805175781250e-03
6.130365631715856134e-01,4.204988479614257812e-03
6.578442167411263641e-01,4.040002822875976562e-03
9.789021097890210354e-02,3.488755226135253906e-01
1.052894710528947120e-01,1.246118545532226562e-02
1.352864713528647012e-01,1.545388793945312500e+01
1.315879821777343750e-01,1.630544662475585938e-03
2.205748527095283684e-01,4.058361053466796875e-03
8.581104038508685639e-02,4.018545150756835938e-03
3.858614138586141662e-01,3.477046489715576172e-01
4.001599840015998555e-01,1.203274726867675781e-02
1.303869613038696196e-01,1.511440157890319824e+01
5.765914916992187500e-02,1.601219177246093750e-03
3.868164475352725007e-01,4.020690917968750000e-03
3.163309651272361300e-01,4.002332687377929688e-03
4.784521547845215217e-01,3.497519493103027344e-01
4.912508749125087393e-01,1.202511787414550781e-02
5.684431556844316002e-01,1.592593789100646973e+01
1.315879821777343750e-01,1.569509506225585938e-03
4.625900060526519919e-01,4.022836685180664062e-03
4.872604536835041800e-01,4.007339477539062500e-03
2.177782221777822269e-01,3.495309352874755859e-01
2.150784921507849223e-01,1.197147369384765625e-02
2.208779122087791147e-01,1.540043497085571289e+01
5.765914916992187500e-02,2.517700195312500000e-03
3.337166471340970997e-01,4.187583923339843750e-03
2.464890079851543292e-01,4.010438919067382812e-03
5.159484051594840359e-01,3.473525047302246094e-01
5.050494950504949010e-01,1.259636878967285156e-02
4.287571242875712341e-01,1.521106672286987305e+01
5.880985260009765625e-01,1.577377319335937500e-03
4.840269845473202937e-01,4.026889801025390625e-03
5.261409268102384962e-01,3.973722457885742188e-03
2.075792420757924250e-01,3.495936393737792969e-01
2.148785121487851169e-01,1.204633712768554688e-02
1.642835716428357185e-01,1.507674002647399902e+01
1.315879821777343750e-01,1.593112945556640625e-03
2.768336063831817739e-01,4.050493240356445312e-03
1.540458653302135827e-01,3.993988037109375000e-03
9.559044095590440993e-02,3.472127914428710938e-01
8.559144085591441353e-02,1.202964782714843750e-02
6.909309069093090561e-02,1.650331187248229980e+01
2.012252807617187500e-04,9.614467620849609375e-03
9.833703669828247618e-02,4.036426544189453125e-03
7.986045480759362825e-02,1.197433471679687500e-02
3.438656134386561258e-01,5.864560604095458984e-01
3.574642535746425098e-01,2.003693580627441406e-02
3.832616738326167227e-01,1.570847678184509277e+01
2.517223358154296875e-01,2.635478973388671875e-03
3.383671171955796586e-01,4.227638244628906250e-03
3.021268636955299902e-01,4.036903381347656250e-03
6.654334566543346208e-01,3.479578495025634766e-01
6.610338966103389557e-01,1.262569427490234375e-02
4.300569943005699280e-01,1.521665549278259277e+01
5.880985260009765625e-01,1.682519912719726562e-03
6.680940899410063860e-01,4.054069519042968750e-03
6.861678935619260900e-01,3.972053527832031250e-03
6.168383161683831384e-01,3.465554714202880859e-01
6.144385561443855837e-01,1.210927963256835938e-02
5.029497050294970961e-01,1.646700620651245117e+01
9.423408508300781250e-01,1.759290695190429688e-03
5.624468622719881461e-01,4.059314727783203125e-03
6.125181931306467042e-01,3.980875015258789062e-03
8.829117088291170423e-02,3.638627529144287109e-01
9.959004099590040848e-02,1.208949089050292969e-02
1.423857614238576152e-01,1.540919828414916992e+01
5.908966064453125000e-03,1.589059829711914062e-03
2.077487079017144578e-01,4.023790359497070312e-03
1.414140630120849784e-01,3.978490829467773438e-03
1.321867813218678134e-01,3.951404094696044922e-01
1.381861813818618112e-01,1.222443580627441406e-02
1.015898410158984078e-01,1.545706892013549805e+01
1.288414001464843750e-03,2.572059631347656250e-03
1.742109656843957022e-01,4.227161407470703125e-03
1.135634616470466152e-01,4.012823104858398438e-03
9.249075092490750827e-02,3.493037223815917969e-01
1.010898910108989079e-01,1.258921623229980469e-02
9.249075092490750827e-02,1.546131181716918945e+01
1.288414001464843750e-03,1.608610153198242188e-03
9.750653134538594946e-02,4.042387008666992188e-03
6.875828816438520064e-02,3.977298736572265625e-03
9.447055294470553255e-01,3.477771282196044922e-01
9.392060793920607997e-01,1.203632354736328125e-02
9.817018298170182566e-01,1.545466756820678711e+01
4.119014739990234375e-01,1.574039459228515625e-03
9.008788055339453926e-01,4.002809524536132812e-03
9.458529057882446578e-01,3.966093063354492188e-03
2.060793920607939256e-01,3.458392620086669922e-01
1.992800719928007336e-01,1.200342178344726562e-02
1.334866513348665074e-01,1.560881924629211426e+01
2.517223358154296875e-01,1.672267913818359375e-03
2.094672431815642888e-01,4.049062728881835938e-03
2.026933581404238849e-01,3.995418548583984375e-03
6.329367063293670492e-01,4.298381805419921875e-01
6.268373162683731348e-01,1.209115982055664062e-02
6.563343665633436519e-01,1.589838314056396484e+01
4.119014739990234375e-01,2.485752105712890625e-03
6.186063517221348507e-01,4.198312759399414062e-03
6.212167801983042859e-01,1.207327842712402344e-02
1.928807119288071248e-01,3.671290874481201172e-01
1.993800619938006224e-01,2.453851699829101562e-02
2.813718628137186206e-01,1.575807905197143555e+01
1.315879821777343750e-01,1.609802246093750000e-03
2.922329774838799965e-01,4.013538360595703125e-03
2.255080766505240253e-01,4.005193710327148438e-03
2.315768423157684164e-01,4.107756614685058594e-01
2.410758924107589130e-01,2.003669738769531250e-02
4.701529847015298302e-01,1.511457180976867676e+01
4.119014739990234375e-01,1.601457595825195312e-03
2.815882235129948397e-01,4.023075103759765625e-03
2.087829676259887468e-01,3.957271575927734375e-03
9.615038496150385416e-01,4.276773929595947266e-01
9.586041395860414038e-01,1.203632354736328125e-02
9.212078792120788062e-01,1.539916324615478516e+01
2.517223358154296875e-01,1.647710800170898438e-03
9.125417560702695496e-01,4.030227661132812500e-03
9.654011421164427897e-01,3.964185714721679688e-03
6.832316768323167810e-01,3.480784893035888672e-01
6.827317268273173090e-01,1.204943656921386719e-02
5.914408559144085364e-01,1.511312627792358398e+01
7.482776641845703125e-01,2.534866333007812500e-03
5.344105922570148159e-01,4.231691360473632812e-03
6.924265557167483820e-01,4.043102264404296875e-03
1.102889711028897102e-01,4.407377243041992188e-01
1.189881011898810126e-01,2.046704292297363281e-02
1.548845115488451107e-01,1.592089867591857910e+01
2.517223358154296875e-01,1.596689224243164062e-03
2.480549142027863030e-01,4.026174545288085938e-03
1.026614913854574929e-01,3.976821899414062500e-03
1.744825517448255203e-01,3.472754955291748047e-01
1.805819418058194070e-01,1.204681396484375000e-02
2.088791120887911190e-01,1.609035396575927734e+01
5.908966064453125000e-03,1.682281494140625000e-03
1.976459071365253561e-01,4.028558731079101562e-03
1.409519530456028180e-01,3.990173339843750000e-03
2.954704529547045322e-01,3.737111091613769531e-01
3.027697230276972240e-01,1.227378845214843750e-02
3.282671732826717426e-01,1.555225014686584473e+01
1.315879821777343750e-01,1.690387725830078125e-03
2.781648197614182694e-01,4.050016403198242188e-03
2.792365068784751214e-01,3.992557525634765625e-03
3.124687531246875261e-01,3.464198112487792969e-01
3.214678532146785228e-01,1.208233833312988281e-02
3.778622137786221136e-01,1.566605424880981445e+01
5.765914916992187500e-02,2.491474151611328125e-03
3.070730799592956139e-01,4.232406616210937500e-03
3.021898643721924183e-01,4.049777984619140625e-03
8.306169383061693390e-01,3.465764522552490234e-01
8.304169583041696168e-01,1.250100135803222656e-02
8.284171582841716175e-01,1.498048281669616699e+01
7.482776641845703125e-01,1.595497131347656250e-03
7.535462187319683647e-01,4.044771194458007812e-03
8.545395622923869228e-01,3.957748413085937500e-03
1.068893110688931142e-01,3.475546836853027344e-01
1.106889311068893073e-01,1.203536987304687500e-02
1.338866113388661183e-01,1.532483911514282227e+01
1.315879821777343750e-01,1.591444015502929688e-03
1.702901697266158143e-01,4.010438919067382812e-03
1.095979869476196300e-01,3.990173339843750000e-03
1.979802019798020118e-01,3.480257987976074219e-01
2.039796020397960097e-01,1.200199127197265625e-02
1.734826517348265207e-01,1.517425155639648438e+01
5.765914916992187500e-02,1.732587814331054688e-03
2.076357312887449069e-01,4.056453704833984375e-03
2.357310799522909783e-01,4.020214080810546875e-03
6.406359364063594075e-01,3.477811813354492188e-01
6.436356364363563509e-01,1.206636428833007812e-02
6.635336466353364271e-01,1.464900588989257812e+01
9.423408508300781250e-01,2.580881118774414062e-03
5.658192419567260600e-01,4.223585128784179688e-03
6.766851444906345492e-01,4.000186920166015625e-03
2.129787021297870064e-02,3.467292785644531250e-01
1.859814018598140301e-02,1.253867149353027344e-02
4.919508049195080168e-02,1.553842568397521973e+01
5.765914916992187500e-02,1.728296279907226562e-03
2.431409034778043710e-01,4.115819931030273438e-03
2.409623112624497202e-02,4.007101058959960938e-03
7.417258274172582322e-01,3.761308193206787109e-01
7.246275372462753772e-01,1.230359077453613281e-02
6.652334766523347875e-01,1.581078076362609863e+01
8.684120178222656250e-01,1.725435256958007812e-03
5.827156638984007930e-01,1.200437545776367188e-02
7.021145146829135264e-01,4.019021987915039062e-03
1.155884411558844166e-01,4.994013309478759766e-01
1.253874612538746214e-01,1.213288307189941406e-02
1.091890810918908078e-01,1.589067745208740234e+01
1.288414001464843750e-03,1.615762710571289062e-03
7.717752136611112646e-02,4.065513610839843750e-03
1.322948518645150062e-01,3.969192504882812500e-03
3.841615838416158613e-01,3.460967540740966797e-01
3.826617338266173340e-01,1.205158233642578125e-02
2.703729627037296246e-01,1.543050384521484375e+01
2.517223358154296875e-01,2.486467361450195312e-03
4.717563540434722147e-01,4.178762435913085938e-03
3.927932451248195012e-01,4.025936126708984375e-03
2.783721627837216217e-01,3.478546142578125000e-01
2.814718528147185372e-01,1.250123977661132812e-02
2.817718228177182316e-01,1.515727758407592773e+01
5.765914916992187500e-02,1.575231552124023438e-03
3.750148537874674615e-01,4.033565521240234375e-03
2.450092965650460530e-01,3.976821899414062500e-03
1.939806019398060064e-02,3.459525108337402344e-01
2.709729027097290341e-02,1.203489303588867188e-02
2.859714028597140287e-02,1.535096192359924316e+01
5.765914916992187500e-02,1.604557037353515625e-03
6.275862025915419917e-02,4.046440124511718750e-03
3.081378873732287110e-02,3.999233245849609375e-03
2.892710728927107566e-01,3.479802608489990234e-01
2.929707029297070053e-01,1.200747489929199219e-02
2.943705629437056159e-01,1.467814183235168457e+01
1.315879821777343750e-01,1.579761505126953125e-03
3.423596559167638720e-01,4.019975662231445312e-03
2.812554035322661905e-01,3.990411758422851562e-03
2.442755724427557174e-01,3.471369743347167969e-01
2.442755724427557174e-01,1.198148727416992188e-02
3.360663933606639064e-01,1.469928646087646484e+01
2.517223358154296875e-01,2.476930618286132812e-03
3.480597709442850851e-01,4.174470901489257812e-03
1.765758772930751119e-01,4.026412963867187500e-03
6.726327367263273960e-01,3.486552238464355469e-01
6.721327867213278129e-01,1.248836517333984375e-02
6.053394660533946148e-01,1.562610220909118652e+01
5.880985260009765625e-01,1.652240753173828125e-03
6.431953738177256241e-01,4.035234451293945312e-03
6.993454555166316311e-01,3.980875015258789062e-03
7.391260873912608442e-01,3.501701354980468750e-01
7.397260273972602329e-01,1.208114624023437500e-02
7.815218478152184955e-01,1.559186124801635742e+01
4.119014739990234375e-01,1.667976379394531250e-03
7.246558245035571444e-01,4.039525985717773438e-03
7.477567569900858135e-01,4.000663757324218750e-03
6.482351764823517382e-01,4.113516807556152344e-01
6.496350364963503488e-01,2.008295059204101562e-02
7.289271072892711256e-01,1.590899395942687988e+01
4.119014739990234375e-01,1.607418060302734375e-03
5.732523388197251490e-01,4.019737243652343750e-03
5.629674036947445170e-01,3.999710083007812500e-03
5.710428957104289882e-01,4.688823223114013672e-01
5.673432656734326285e-01,1.204013824462890625e-02
4.838516148385161308e-01,1.574766206741333008e+01
5.880985260009765625e-01,2.484083175659179688e-03
6.023897442016404868e-01,4.188060760498046875e-03
4.924684914952582315e-01,4.004478454589843750e-03
3.310668933106689082e-01,3.480505943298339844e-01
3.431656834316568205e-01,1.254177093505859375e-02
2.275772422757724178e-01,1.561291384696960449e+01
2.517223358154296875e-01,1.598358154296875000e-03
3.400978454364329551e-01,4.041433334350585938e-03
3.033681647161612371e-01,3.967285156250000000e-03
7.451254874512548421e-01,3.464367389678955078e-01
7.485251474852514519e-01,1.202416419982910156e-02
5.951404859514048962e-01,1.542073917388916016e+01
4.119014739990234375e-01,1.668214797973632812e-03
6.373172299478364611e-01,4.066944122314453125e-03
8.187859985467811352e-01,3.978729248046875000e-03
9.618038196180381805e-01,3.440797328948974609e-01
9.578042195780421819e-01,1.206612586975097656e-02
9.927007299270073082e-01,1.550486350059509277e+01
7.482776641845703125e-01,1.576662063598632812e-03
9.125593722113278794e-01,4.002332687377929688e-03
9.559219706539683337e-01,3.971815109252929688e-03
5.640435956404359352e-01,3.482007980346679688e-01
5.719428057194280157e-01,1.201033592224121094e-02
2.900709929007099230e-01,1.558947706222534180e+01
4.119014739990234375e-01,2.455472946166992188e-03
5.245977337664471385e-01,4.187345504760742188e-03
5.911721517032323403e-01,4.008293151855468750e-03
2.332766723327667213e-01,3.486204147338867188e-01
2.238776122387761136e-01,1.248478889465332031e-02
2.275772422757724178e-01,1.529648923873901367e+01
2.517223358154296875e-01,1.645088195800781250e-03
2.569742582744046766e-01,4.055976867675781250e-03
2.739927092556678767e-01,3.976583480834960938e-03
8.919108089191081501e-02,3.465917110443115234e-01
8.689131086891310751e-02,1.209068298339843750e-02
4.254574542545745408e-01,1.508364748954772949e+01
5.908966064453125000e-03,1.752614974975585938e-03
1.245914369416236678e-01,4.083871841430664062e-03
9.862360215953192011e-02,3.991842269897460938e-03
7.223277672232776281e-01,3.481597900390625000e-01
7.025297470252974685e-01,1.214337348937988281e-02
9.331066893310668853e-01,1.581391954421997070e+01
4.119014739990234375e-01,2.541303634643554688e-03
6.582039682922580237e-01,4.254341125488281250e-03
7.656398633142409427e-01,4.008293151855468750e-03
9.775022497750225359e-01,3.478794097900390625e-01
9.756024397560243422e-01,1.254677772521972656e-02
9.563043695630436547e-01,1.509215188026428223e+01
4.119014739990234375e-01,1.731634140014648438e-03
9.681770409977668024e-01,4.081487655639648438e-03
9.744448946348148732e-01,4.006147384643554688e-03
4.469553044695530608e-01,3.471920490264892578e-01
4.665533446655334426e-01,1.214432716369628906e-02
4.527547245275472254e-01,1.616244912147521973e+01
7.482776641845703125e-01,1.690626144409179688e-03
4.782180755010134732e-01,4.063129425048828125e-03
4.713458488798202284e-01,4.015922546386718750e-03
2.639736026397360158e-01,3.639731407165527344e-01
2.645735426457354045e-01,1.211690902709960938e-02
3.110688931106889155e-01,1.561352157592773438e+01
2.517223358154296875e-01,1.614570617675781250e-03
3.647737503506557344e-01,4.033565521240234375e-03
2.077795526525818559e-01,3.995418548583984375e-03
2.609739026097390169e-01,3.492591381072998047e-01
2.690730926907309306e-01,1.202130317687988281e-02
2.273772622737726123e-01,1.565278649330139160e+01
1.315879821777343750e-01,2.492189407348632812e-03
3.368794963477143023e-01,4.229307174682617188e-03
2.385018732848754319e-01,4.016637802124023438e-03
5.736426357364263762e-01,3.480715751647949219e-01
5.873412658734126213e-01,1.250433921813964844e-02
6.856314368563143358e-01,1.610623669624328613e+01
5.880985260009765625e-01,1.662492752075195312e-03
6.201394633430976633e-01,4.049301147460937500e-03
5.807157543695926627e-01,3.961086273193359375e-03
9.823017698230176453e-01,3.471357822418212891e-01
9.812018798120187846e-01,1.211690902709960938e-02
9.905009499050094757e-01,1.504355931282043457e+01
5.880985260009765625e-01,1.589059829711914062e-03
9.810669844399506623e-01,4.022836685180664062e-03
9.806144337956298473e-01,3.991842269897460938e-03
1.699830016998300081e-02,3.665411472320556641e-01
1.669833016698330300e-02,2.803158760070800781e-02
5.929407059294070775e-02,1.565243315696716309e+01
2.517223358154296875e-01,1.600265502929687500e-03
2.674902429046224217e-01,4.019975662231445312e-03
2.963736703830033292e-02,3.996849060058593750e-03
2.873712628737126185e-01,3.453772068023681641e-01
2.929707029297070053e-01,1.199126243591308594e-02
2.310768923107689166e-01,1.531268501281738281e+01
2.517223358154296875e-01,2.450942993164062500e-03
2.797319049961006776e-01,4.213094711303710938e-03
2.703987733843395969e-01,4.025936126708984375e-03
8.888111188881111513e-01,4.234962463378906250e-01
8.914108589141085393e-01,1.250672340393066406e-02
8.993100689931007308e-01,1.580166721343994141e+01
7.482776641845703125e-01,1.607418060302734375e-03
9.154039590148292937e-01,4.050016403198242188e-03
8.652755251433799089e-01,4.023075103759765625e-03
2.243775622437756134e-01,3.498232364654541016e-01
2.419758024197580237e-01,1.206517219543457031e-02
2.019798020197980173e-02,1.535096049308776855e+01
5.765914916992187500e-02,1.639366149902343750e-03
2.433764915111413241e-01,4.040479660034179688e-03
2.038947893811609569e-01,3.994464874267578125e-03
2.146785321467853114e-01,3.476426601409912109e-01
2.230776922307769194e-01,1.206779479980468750e-02
2.823717628237176203e-01,1.571171331405639648e+01
2.517223358154296875e-01,1.590490341186523438e-03
1.980386600658877727e-01,4.035949707031250000e-03
2.687505770677668382e-01,3.986597061157226562e-03
9.262073792620737489e-01,3.502571582794189453e-01
9.270072992700729708e-01,1.197814941406250000e-02
9.907009299070093089e-01,1.591579532623291016e+01
7.482776641845703125e-01,2.455949783325195312e-03
6.005020574773273223e-01,4.204750061035156250e-03
9.334447236830285544e-01,4.026651382446289062e-03
3.349665033496650457e-01,3.484842777252197266e-01
3.310668933106689082e-01,1.251387596130371094e-02
3.655634436556344236e-01,1.493024826049804688e+01
2.517223358154296875e-01,1.645803451538085938e-03
3.529212492074096930e-01,4.030704498291015625e-03
3.634515548902913507e-01,3.999710083007812500e-03
6.588341165883411232e-01,3.491001129150390625e-01
6.604339566043395671e-01,1.204872131347656250e-02
8.623137686231376886e-01,1.547122073173522949e+01
5.765914916992187500e-02,1.670122146606445312e-03
6.917760715027277962e-01,4.027843475341796875e-03
7.221451990819506284e-01,3.986358642578125000e-03
8.905109489051095117e-01,3.478863239288330078e-01
8.855114488551144580e-01,1.209926605224609375e-02
7.628237176282371967e-01,1.463311147689819336e+01
7.482776641845703125e-01,1.606941223144531250e-03
8.706547035265421730e-01,4.061937332153320312e-03
8.694310868495865874e-01,4.009246826171875000e-03
6.499350064993500986e-01,3.475918769836425781e-01
6.472352764723527940e-01,1.201081275939941406e-02
5.533446655334466335e-01,1.633599925041198730e+01
5.880985260009765625e-01,2.468347549438476562e-03
6.513853199362475976e-01,4.234790802001953125e-03
6.507390700926551919e-01,4.026651382446289062e-03
9.005099490050995081e-01,3.492019176483154297e-01
8.958104189581042043e-01,1.248574256896972656e-02
8.765123487651235168e-01,1.520666956901550293e+01
7.482776641845703125e-01,1.685857772827148438e-03
8.423911949627562734e-01,4.068136215209960938e-03
9.019733621822567660e-01,3.977060317993164062e-03
2.215778422157784200e-01,3.481855392456054688e-01
2.170782921707829216e-01,1.204514503479003906e-02
6.002399760023997555e-01,1.562758111953735352e+01
1.315879821777343750e-01,1.712799072265625000e-03
2.814359810038314369e-01,1.207923889160156250e-02
2.432476845213472627e-01,4.041671752929687500e-03
1.633836616338366077e-01,3.481488227844238281e-01
1.715828417158284103e-01,1.214385032653808594e-02
1.647835216478352183e-01,1.542346167564392090e+01
2.517223358154296875e-01,1.685380935668945312e-03
2.164084415421896890e-01,4.077196121215820312e-03
1.638568020556639415e-01,3.976345062255859375e-03
5.667433256674332398e-01,3.551404476165771484e-01
5.830416958304169839e-01,1.206755638122558594e-02
6.353364663533647150e-01,1.530358982086181641e+01
4.119014739990234375e-01,2.598285675048828125e-03
5.898114137103064314e-01,4.248857498168945312e-03
5.512605782452906222e-01,4.031181335449218750e-03
5.703429657034296829e-01,3.479287624359130859e-01
5.702429757024297663e-01,1.258516311645507812e-02
6.268373162683731348e-01,1.539524912834167480e+01
5.765914916992187500e-02,1.690626144409179688e-03
4.834899548127654656e-01,4.073381423950195312e-03
5.931091441826571442e-01,3.984451293945312500e-03
5.609439056094390752e-01,3.485412597656250000e-01
5.584441555844416039e-01,1.207590103149414062e-02
4.500549945005499208e-01,1.569343829154968262e+01
2.517223358154296875e-01,1.617431640625000000e-03
5.101934155035476870e-01,4.060506820678710938e-03
5.413022593917585779e-01,3.982782363891601562e-03
6.577342265773422625e-01,3.480658531188964844e-01
6.386361363863614082e-01,1.199531555175781250e-02
8.641135886411358547e-01,1.506229281425476074e+01
8.684120178222656250e-01,1.585483551025390625e-03
6.076079293842010509e-01,3.987789154052734375e-03
7.077615875595344441e-01,3.998279571533203125e-03
3.090690930906909162e-01,3.489096164703369141e-01
3.235676432356764387e-01,1.200175285339355469e-02
2.660733926607339317e-01,1.572959518432617188e+01
1.315879821777343750e-01,1.042461395263671875e-02
3.062483882629054577e-01,4.196643829345703125e-03
2.634880360149098877e-01,8.047819137573242188e-03
8.077192280771923194e-01,5.024731159210205078e-01
8.149185081491850946e-01,1.252031326293945312e-02
7.952204779522047406e-01,1.525167703628540039e+01
2.517223358154296875e-01,1.683950424194335938e-03
8.266795147795620302e-01,4.051446914672851562e-03
7.669386624532811281e-01,3.970146179199218750e-03
5.583441655834416872e-01,3.478689193725585938e-01
5.725427457254274044e-01,1.207900047302246094e-02
3.669633036696330342e-01,1.586430954933166504e+01
4.119014739990234375e-01,1.624107360839843750e-03
5.429799180970923400e-01,1.204037666320800781e-02
5.559787183713991165e-01,3.997325897216796875e-03
4.404559544045595354e-01,4.530415534973144531e-01
4.359564043595640648e-01,1.202011108398437500e-02
5.916408359164083697e-01,1.586971855163574219e+01
2.517223358154296875e-01,1.576662063598632812e-03
4.356717408914099199e-01,4.017829895019531250e-03
3.669031713409255380e-01,4.003047943115234375e-03
5.180481951804819518e-01,3.464179039001464844e-01
5.122487751224877872e-01,1.197695732116699219e-02
6.317368263173682719e-01,1.522774147987365723e+01
2.517223358154296875e-01,2.551317214965820312e-03
4.830139762768588807e-01,4.203796386718750000e-03
5.282863990504755858e-01,4.018783569335937500e-03
4.082591740825917137e-01,3.644685745239257812e-01
3.931606839316068580e-01,1.255655288696289062e-02
4.864513548645135743e-01,1.567752885818481445e+01
5.880985260009765625e-01,1.731634140014648438e-03
4.525973534158319600e-01,4.080295562744140625e-03
3.442230691255599995e-01,4.006624221801757812e-03
2.680731926807319310e-01,3.499116897583007812e-01
2.581741825817418512e-01,1.213908195495605469e-02
5.529447055294470781e-01,1.492832279205322266e+01
4.119014739990234375e-01,1.589298248291015625e-03
3.109861449932602717e-01,4.036188125610351562e-03
2.645196763895892866e-01,3.987312316894531250e-03
9.080091990800920332e-01,3.651738166809082031e-01
9.108089191080891434e-01,1.203083992004394531e-02
7.571242875712428377e-01,1.537004351615905762e+01
8.684120178222656250e-01,1.581430435180664062e-03
8.565006693365510015e-01,3.999710083007812500e-03
8.640159582260198423e-01,3.978729248046875000e-03
8.072192780721927363e-01,3.467433452606201172e-01
8.003199680031997110e-01,1.198029518127441406e-02
7.498250174982501459e-01,1.520786070823669434e+01
4.119014739990234375e-01,2.467393875122070312e-03
7.881676497138196957e-01,4.183292388916015625e-03
6.430375637090255392e-01,4.006624221801757812e-03
3.998600139986001611e-01,3.471586704254150391e-01
3.972602739726027177e-01,1.245832443237304688e-02
4.398560143985601467e-01,1.579895377159118652e+01
8.684120178222656250e-01,9.701251983642578125e-03
3.500857864398115860e-01,4.095077514648437500e-03
3.543284508801350929e-01,8.001565933227539062e-03
8.370162983701630033e-01,4.052302837371826172e-01
8.458154184581542223e-01,1.210403442382812500e-02
9.293070692930707200e-01,1.564373803138732910e+01
5.765914916992187500e-02,1.589536666870117188e-03
7.747668933445845951e-01,4.023790359497070312e-03
8.386518203393238391e-01,3.978252410888671875e-03
5.888411158884111485e-01,3.777523040771484375e-01
5.893410658934106205e-01,1.218628883361816406e-02
5.518448155184481063e-01,1.574546742439270020e+01
4.119014739990234375e-01,1.607894897460937500e-03
5.374330576196391096e-01,4.021883010864257812e-03
5.524256124583298844e-01,4.005670547485351562e-03
9.317068293170682747e-01,3.751602172851562500e-01
9.295070492950704422e-01,1.202654838562011719e-02
9.068093190680931448e-01,1.631586551666259766e+01
9.940910339355468750e-01,2.653837203979492188e-03
7.258283610102288508e-01,4.262685775756835938e-03
8.851143969953361168e-01,4.019498825073242188e-03
3.041695830416958346e-01,3.730762004852294922e-01
3.074692530746925279e-01,1.265192031860351562e-02
3.684631536846315614e-01,1.539726209640502930e+01
2.517223358154296875e-01,1.723527908325195312e-03
3.125932912290523280e-01,4.076480865478515625e-03
3.241171876486401704e-01,3.971338272094726562e-03
7.190280971902809348e-01,4.278688430786132812e-01
7.259274072592740712e-01,1.230049133300781250e-02
9.277072292770722761e-01,1.557341909408569336e+01
1.315879821777343750e-01,1.713991165161132812e-03
7.236287934651185472e-01,4.095077514648437500e-03
6.991719170611767620e-01,4.011154174804687500e-03
3.477652234776522078e-01,3.497350215911865234e-01
3.502649735026497346e-01,1.211547851562500000e-02
3.788621137886211132e-01,1.482689881324768066e+01
4.119014739990234375e-01,1.708984375000000000e-03
2.985691823852081317e-01,4.047393798828125000e-03
3.364302780629034317e-01,3.998041152954101562e-03
9.174082591740826409e-01,3.474810123443603516e-01
9.163083691630836691e-01,1.205062866210937500e-02
8.693130686931307416e-01,1.567219209671020508e+01
8.684120178222656250e-01,2.575397491455078125e-03
8.736951089855471420e-01,4.229545593261718750e-03
9.555307187656018053e-01,4.019021987915039062e-03
2.537746225377462417e-01,3.488745689392089844e-01
2.542745725427457137e-01,1.256680488586425781e-02
4.679532046795320532e-01,1.544874572753906250e+01
4.119014739990234375e-01,1.621961593627929688e-03
2.734404312308378882e-01,4.042148590087890625e-03
2.198430106801284034e-01,3.998994827270507812e-03
9.148085191480851419e-01,3.489251136779785156e-01
9.073092690730927279e-01,1.207113265991210938e-02
8.850114988501149860e-01,1.566933465003967285e+01
9.423408508300781250e-01,1.590490341186523438e-03
7.911563471164342332e-01,4.004478454589843750e-03
9.397975652705867766e-01,3.974914550781250000e-03
7.206279372062793787e-01,3.470027446746826172e-01
7.255274472552745157e-01,1.202225685119628906e-02
7.075292470752925222e-01,1.540749406814575195e+01
2.517223358154296875e-01,1.641035079956054688e-03
6.563210514749164837e-01,4.036903381347656250e-03
6.719900047406117682e-01,3.988742828369140625e-03
6.107389261073892239e-01,3.477296829223632812e-01
6.144385561443855837e-01,1.203870773315429688e-02
6.846315368463153916e-01,1.435199475288391113e+01
8.684120178222656250e-01,2.566576004028320312e-03
6.303420722846077018e-01,4.224777221679687500e-03
6.214691230578414105e-01,4.010915756225585938e-03
1.019898010198980187e-02,3.595497608184814453e-01
1.199880011998800088e-02,1.254630088806152344e-02
2.799720027997200378e-02,1.563942289352416992e+01
2.069473266601562500e-02,1.616001129150390625e-03
4.351682597306028022e-02,1.205182075500488281e-02
2.618060129430703747e-03,3.985166549682617188e-03
5.697430256974302942e-01,5.950033664703369141e-01
5.669433056694330730e-01,1.210212707519531250e-02
1.503849615038496124e-01,1.538674950599670410e+01
5.880985260009765625e-01,1.597166061401367188e-03
5.222942879183739562e-01,4.033327102661132812e-03
5.686925942779151866e-01,3.970623016357421875e-03
3.349665033496650457e-01,3.485040664672851562e-01
3.424657534246575152e-01,1.201653480529785156e-02
3.925607439256074138e-01,1.577463936805725098e+01
2.517223358154296875e-01,1.590013504028320312e-03
4.181323874399176521e-01,4.000425338745117188e-03
3.850013410483476006e-01,3.942251205444335938e-03
3.124687531246875261e-01,4.283037185668945312e-01
3.147685231476852197e-01,1.994276046752929688e-02
4.941505849415058771e-01,1.540692234039306641e+01
2.517223358154296875e-01,2.478361129760742188e-03
3.324562708965531632e-01,4.226446151733398438e-03
3.182405419570412675e-01,4.026412963867187500e-03
8.487151284871512491e-01,3.485527038574218750e-01
8.485151484851515269e-01,1.250886917114257812e-02
9.304069593040695807e-01,1.486162543296813965e+01
5.880985260009765625e-01,1.610994338989257812e-03
8.198798039956453065e-01,4.030704498291015625e-03
8.431027464170266494e-01,3.986358642578125000e-03
1.447855214478552255e-01,3.467314243316650391e-01
1.530846915308469169e-01,1.201224327087402344e-02
2.257774222577742240e-01,1.500866007804870605e+01
4.119014739990234375e-01,1.585006713867187500e-03
2.763865702347951259e-01,4.053831100463867188e-03
1.738707179013332382e-01,3.984928131103515625e-03
7.426257374262573707e-01,3.479197025299072266e-01
7.364263573642635397e-01,1.203107833862304688e-02
7.558244175582441438e-01,1.572546148300170898e+01
9.423408508300781250e-01,1.643896102905273438e-03
6.700398632782147423e-01,4.039049148559570312e-03
7.219272292822779269e-01,3.970861434936523438e-03
1.460853914608539195e-01,3.489501476287841797e-01
1.429857014298570039e-01,1.202940940856933594e-02
1.337866213378662017e-01,1.514836049079895020e+01
2.517223358154296875e-01,2.548933029174804688e-03
1.461183428655459804e-01,4.237413406372070312e-03
1.553914200178105887e-01,4.014492034912109375e-03
1.103889611038896129e-01,3.471014499664306641e-01
1.244875512448755106e-01,1.254749298095703125e-02
3.539646035396460527e-02,1.468520689010620117e+01
4.119014739990234375e-01,1.624345779418945312e-03
2.270479308869711166e-01,4.049539566040039062e-03
1.912881184057737549e-01,3.980159759521484375e-03
6.362363763623637425e-01,3.799326419830322266e-01
6.384361563843615750e-01,1.205873489379882812e-02
3.973602639736026343e-01,1.556755065917968750e+01
7.482776641845703125e-01,1.610755920410156250e-03
6.362718734165588863e-01,4.034996032714843750e-03
6.116643122645956110e-01,3.980636596679687500e-03
5.394460553944605552e-01,3.468401432037353516e-01
5.339466053394660294e-01,1.201486587524414062e-02
6.831316868313168644e-01,1.606030392646789551e+01
9.793052673339843750e-01,1.666069030761718750e-03
5.587125259871165150e-01,4.075288772583007812e-03
5.712579537746150793e-01,4.032135009765625000e-03
8.929107089291070387e-02,3.717570304870605469e-01
9.449055094490550755e-02,1.206827163696289062e-02
7.969203079692030456e-02,1.491749119758605957e+01
2.517223358154296875e-01,2.646207809448242188e-03
1.854635678506268981e-01,4.222154617309570312e-03
9.037388268986434881e-02,4.033803939819335938e-03
2.278772122787721122e-01,3.477869033813476562e-01
2.364763523647635257e-01,1.262664794921875000e-02
3.285671432856714369e-01,1.535963749885559082e+01
5.880985260009765625e-01,1.686573028564453125e-03
2.800087108912227007e-01,4.050016403198242188e-03
2.177661645692876013e-01,3.970146179199218750e-03
1.387861213878612276e-01,3.483717441558837891e-01
1.384861513848615056e-01,1.209592819213867188e-02
1.930806919308069303e-01,1.550066661834716797e+01
5.765914916992187500e-02,1.694679260253906250e-03
1.799680406610439931e-01,4.065752029418945312e-03
1.984252232805355232e-01,3.997564315795898438e-03
9.211078892110788896e-01,3.473343849182128906e-01
9.111088891110888932e-01,1.212263107299804688e-02
9.008099190080991470e-01,1.546939158439636230e+01
9.423408508300781250e-01,1.627683639526367188e-03
6.928012661030038544e-01,4.043102264404296875e-03
9.525640426093786584e-01,3.996372222900390625e-03
4.699530046995300386e-02,3.461472988128662109e-01
5.989401059894010337e-02,1.204800605773925781e-02
1.022897710228977131e-01,1.526233863830566406e+01
5.765914916992187500e-02,2.472162246704101562e-03
4.112058628409807903e-02,4.222869873046875000e-03
5.928726688217068191e-02,4.023313522338867188e-03
8.219178082191780366e-02,3.483622074127197266e-01
9.789021097890210354e-02,1.252055168151855469e-02
1.035896410358964070e-01,1.539441609382629395e+01
1.315879821777343750e-01,1.582860946655273438e-03
1.031735877491037900e-01,4.017114639282226562e-03
8.829193687041275718e-02,4.005670547485351562e-03
2.237776222377762247e-01,3.482210636138916016e-01
2.218778122187781143e-01,1.205611228942871094e-02
2.410758924107589130e-01,1.566010832786560059e+01
2.069473266601562500e-02,1.582145690917968750e-03
2.477632225522619080e-01,4.023313522338867188e-03
1.811764407911780617e-01,3.968477249145507812e-03
3.658634136586341179e-01,3.477714061737060547e-01
3.802619738026197238e-01,1.201105117797851562e-02
3.464653534646535138e-01,1.542683172225952148e+01
4.119014739990234375e-01,1.664876937866210938e-03
4.967374695052182987e-01,4.025459289550781250e-03
2.841435617889732645e-01,3.965139389038085938e-03
3.486651334866513463e-01,3.481528759002685547e-01
3.397660233976602107e-01,1.202392578125000000e-02
3.474652534746525134e-01,1.547468256950378418e+01
7.482776641845703125e-01,2.469301223754882812e-03
3.690742647652355268e-01,4.192113876342773438e-03
3.486751356889009057e-01,3.988027572631835938e-03
3.158684131586841359e-01,3.472740650177001953e-01
3.054694530546945286e-01,1.252293586730957031e-02
3.255674432556744380e-01,1.564854669570922852e+01
5.880985260009765625e-01,1.613855361938476562e-03
3.607438822036940773e-01,1.204967498779296875e-02
3.462170224600982227e-01,3.984451293945312500e-03
7.752224777522247479e-01,5.476121902465820312e-01
7.849215078492151054e-01,1.203536987304687500e-02
7.828217178282171895e-01,1.539581465721130371e+01
2.517223358154296875e-01,1.631975173950195312e-03
7.461419868585379422e-01,4.019975662231445312e-03
7.784475367722563099e-01,3.986120223999023438e-03
2.125787421257874232e-01,3.494164943695068359e-01
2.032796720327967321e-01,1.206064224243164062e-02
2.351764823517648317e-01,1.528877592086791992e+01
7.482776641845703125e-01,2.477407455444335938e-03
2.267288706518806318e-01,4.204988479614257812e-03
1.698800121547904274e-01,4.014730453491210938e-03
2.750724927507249284e-01,3.481776714324951172e-01
2.659734026597340151e-01,1.251387596130371094e-02
1.930806919308069303e-01,1.553631877899169922e+01
7.482776641845703125e-01,1.615524291992187500e-03
3.422327543891305335e-01,4.030466079711914062e-03
2.310914755739357229e-01,3.983259201049804688e-03
8.858114188581142079e-01,3.478412628173828125e-01
8.711128887111289076e-01,1.204156875610351562e-02
8.352164783521648372e-01,1.622631192207336426e+01
5.880985260009765625e-01,1.606464385986328125e-03
6.333226220420842267e-01,4.034996032714843750e-03
8.618566403612122340e-01,3.990173339843750000e-03
6.223377662233776642e-01,3.466677665710449219e-01
6.336366363363663545e-01,1.202225685119628906e-02
6.610338966103389557e-01,1.536118340492248535e+01
5.880985260009765625e-01,1.586198806762695312e-03
6.235655764191792017e-01,4.030227661132812500e-03
6.339574361359613386e-01,4.003524780273437500e-03
5.944405559444055909e-01,3.621368408203125000e-01
6.036396360363963653e-01,1.204061508178710938e-02
6.427357264273572124e-01,1.580212235450744629e+01
5.880985260009765625e-01,2.427339553833007812e-03
5.781909147573806029e-01,1.218771934509277344e-02
5.745164934282868119e-01,4.009485244750976562e-03
2.559744025597440187e-01,3.869643211364746094e-01
2.678732126787321532e-01,1.249408721923828125e-02
1.812818718128187123e-01,1.528169536590576172e+01
2.517223358154296875e-01,1.619338989257812500e-03
4.517876106654360457e-01,4.058122634887695312e-03
2.730522159773604574e-01,4.007101058959960938e-03
2.275772422757724178e-01,3.450644016265869141e-01
2.393760623937606358e-01,1.205134391784667969e-02
2.215778422157784200e-01,1.501029348373413086e+01
5.880985260009765625e-01,1.591444015502929688e-03
1.584659035711081798e-01,3.997564315795898438e-03
2.398965094230098294e-01,4.004955291748046875e-03
2.173782621737826160e-01,3.480677604675292969e-01
2.329767023297670270e-01,1.203775405883789062e-02
2.334766523347665268e-01,1.560576009750366211e+01
5.765914916992187500e-02,1.746892929077148438e-03
2.556423800148616143e-01,4.061937332153320312e-03
1.817961589470368788e-01,4.014492034912109375e-03
7.631236876312368356e-01,3.503527641296386719e-01
7.612238776122387529e-01,1.213693618774414062e-02
7.903209679032097146e-01,1.615059614181518555e+01
5.880985260009765625e-01,2.606391906738281250e-03
7.634843942533180439e-01,4.248142242431640625e-03
7.591247235480769184e-01,4.021167755126953125e-03
5.528447155284471615e-01,3.494031429290771484e-01
5.500449955004499403e-01,1.268386840820312500e-02
4.040595940405959374e-01,1.464686179161071777e+01
4.119014739990234375e-01,1.736879348754882812e-03
5.093663835151422958e-01,4.177808761596679688e-03
5.483294772107222270e-01,4.001617431640625000e-03
2.294770522947705282e-01,3.497340679168701172e-01
2.298770122987701114e-01,1.214957237243652344e-02
2.658734126587341540e-01,1.617715930938720703e+01
4.119014739990234375e-01,1.729726791381835938e-03
2.105828676362350160e-01,4.078388214111328125e-03
1.691712862058348810e-01,3.985881805419921875e-03
1.226877312268773168e-01,3.474390506744384766e-01
1.333866613338666185e-01,1.208710670471191406e-02
2.346765323467653319e-01,1.584013915061950684e+01
1.315879821777343750e-01,1.593589782714843750e-03
2.515853689907914248e-01,4.021883010864257812e-03
1.487782698231492340e-01,4.001855850219726562e-03
7.028297170282972184e-01,3.471460342407226562e-01
7.085291470852914664e-01,1.202416419982910156e-02
8.891110888911109011e-01,1.590950393676757812e+01
7.482776641845703125e-01,2.488374710083007812e-03
6.060843245288743963e-01,4.194974899291992188e-03
7.218749825902497363e-01,4.033088684082031250e-03
2.739726027397260122e-02,5.763700008392333984e-01
2.929707029297070123e-02,1.247334480285644531e-02
1.979802019798020118e-02,1.618330764770507812e+01
4.119014739990234375e-01,1.607418060302734375e-03
8.425227840527832468e-02,4.040002822875976562e-03
4.181081240589151760e-02,3.981351852416992188e-03
5.264473552644735044e-01,3.474795818328857422e-01
5.213478652134786451e-01,1.203823089599609375e-02
4.920507949205079612e-01,1.575972700119018555e+01
9.423408508300781250e-01,1.628875732421875000e-03
5.132680327047600688e-01,4.049539566040039062e-03
4.584479192776633183e-01,3.984212875366210938e-03
4.764523547645235224e-01,3.475325107574462891e-01
4.967503249675032651e-01,1.204180717468261719e-02
6.051394860513948926e-01,1.693000054359436035e+01
2.517223358154296875e-01,1.675128936767578125e-03
5.059756997884041763e-01,4.044532775878906250e-03
4.324525514521196934e-01,3.987550735473632812e-03
7.859214078592140496e-01,3.634128570556640625e-01
7.909209079092091033e-01,1.203489303588867188e-02
6.644335566443355656e-01,1.572105932235717773e+01
5.880985260009765625e-01,2.467870712280273438e-03
7.668906264734076661e-01,4.193067550659179688e-03
8.531286443739831693e-01,4.029750823974609375e-03
7.040295970402959957e-01,3.473210334777832031e-01
7.075292470752925222e-01,1.249623298645019531e-02
6.667333266673333148e-01,1.530246138572692871e+01
8.684120178222656250e-01,1.580238342285156250e-03
5.587406521054516517e-01,4.061937332153320312e-03
6.897352744691080950e-01,3.995895385742187500e-03
6.970302969703029428e-01,3.460927009582519531e-01
6.833316668333166977e-01,1.203346252441406250e-02
6.723327667233276461e-01,1.534113073348999023e+01
5.880985260009765625e-01,1.571178436279296875e-03
6.989277002343869949e-01,3.987550735473632812e-03
7.097907788811497198e-01,3.958463668823242188e-03
5.972402759724028121e-01,3.458182811737060547e-01
5.774422557744225415e-01,1.198863983154296875e-02
6.155384461553844444e-01,1.503276920318603516e+01
7.482776641845703125e-01,1.572608947753906250e-03
5.729684196528237461e-01,4.034996032714843750e-03
5.261734201646247611e-01,4.004955291748046875e-03
5.050494950504949010e-01,3.465127944946289062e-01
5.291470852914708090e-01,1.199460029602050781e-02
5.246475352464753383e-01,1.540789198875427246e+01
1.315879821777343750e-01,2.453088760375976562e-03
4.837801118576435799e-01,4.204511642456054688e-03
5.272768325159441494e-01,4.009723663330078125e-03
3.525647435256474282e-01,3.480298519134521484e-01
3.584641535846415095e-01,1.247739791870117188e-02
3.972602739726027177e-01,1.515795207023620605e+01
5.880985260009765625e-01,1.606702804565429688e-03
4.450127459574609312e-01,4.024505615234375000e-03
3.436683488809583187e-01,3.987550735473632812e-03
2.329767023297670339e-02,3.457505702972412109e-01
2.369763023697630394e-02,1.204633712768554688e-02
1.039896010398960041e-02,1.556825089454650879e+01
4.119014739990234375e-01,1.747131347656250000e-03
1.945392236735131730e-01,4.050493240356445312e-03
2.231988964764571731e-02,1.201319694519042969e-02
4.350564943505649262e-01,4.466497898101806641e-01
4.494550544945505322e-01,1.215481758117675781e-02
4.430556944305569234e-01,1.519214272499084473e+01
7.482776641845703125e-01,1.608848571777343750e-03
4.562670166543494332e-01,4.029273986816406250e-03
5.060045692574186571e-01,3.971576690673828125e-03
6.179382061793820685e-02,3.527054786682128906e-01
6.749325067493250341e-02,1.203584671020507812e-02
6.649335066493350377e-02,1.529158425331115723e+01
2.069473266601562500e-02,2.496719360351562500e-03
1.005202449104586337e-01,4.189729690551757812e-03
3.524109044227750898e-02,4.043579101562500000e-03
2.320767923207679162e-01,3.489389419555664062e-01
2.340765923407659155e-01,1.253962516784667969e-02
2.339766023397660266e-01,1.587511897087097168e+01
2.517223358154296875e-01,1.595020294189453125e-03
3.444859331184939588e-01,4.031896591186523438e-03
1.973207653735589706e-01,3.959894180297851562e-03
7.889211078892111040e-02,3.486287593841552734e-01
8.109189081091890128e-02,1.201224327087402344e-02
9.379062093790621613e-02,1.587232923507690430e+01
5.765914916992187500e-02,1.743793487548828125e-03
1.048279860495193172e-01,4.084348678588867188e-03
6.081052641566892653e-02,3.997325897216796875e-03
3.723627637236276433e-01,3.472568988800048828e-01
3.817618238176182510e-01,1.211118698120117188e-02
3.721627837216278101e-01,1.505223488807678223e+01
7.482776641845703125e-01,1.718282699584960938e-03
4.467271288687801323e-01,4.065036773681640625e-03
3.355341148645357707e-01,4.003524780273437500e-03
9.811018898110188680e-01,3.492124080657958984e-01
9.777022297770222581e-01,1.208519935607910156e-02
9.824017598240175619e-01,1.464701795578002930e+01
9.793052673339843750e-01,2.642869949340820312e-03
9.280364704756474126e-01,4.255771636962890625e-03
9.624978910178969560e-01,4.027128219604492188e-03
9.212078792120788062e-01,3.463528156280517578e-01
9.205079492050795009e-01,1.261925697326660156e-02
9.128087191280871426e-01,1.473321127891540527e+01
8.684120178222656250e-01,1.691341400146484375e-03
9.110317898646389523e-01,4.075288772583007812e-03
9.318884052785597616e-01,3.991365432739257812e-03
7.245275472452754606e-01,3.480980396270751953e-01
7.164283571642835469e-01,2.816128730773925781e-02
6.939306069393060827e-01,1.581719017028808594e+01
8.684120178222656250e-01,1.668930053710937500e-03
5.223289876633043782e-01,4.048347473144531250e-03
7.052091279388024159e-01,3.985166549682617188e-03
1.258874112588741212e-01,3.481144905090332031e-01
1.284871512848715092e-01,1.207947731018066406e-02
1.291870812918708145e-01,1.576196432113647461e+01
7.482776641845703125e-01,1.593112945556640625e-03
1.555981650295615304e-01,3.998279571533203125e-03
1.195150665445876004e-01,3.972053527832031250e-03
7.225277472252774613e-01,3.463928699493408203e-01
7.354264573542645955e-01,1.202321052551269531e-02
7.722227777222278045e-01,1.565684819221496582e+01
4.119014739990234375e-01,2.485275268554687500e-03
6.993514682958631434e-01,4.198551177978515625e-03
6.886850876404386756e-01,3.999471664428710938e-03
5.261473852614738655e-01,3.475890159606933594e-01
5.256474352564743935e-01,1.249766349792480469e-02
5.647435256474352405e-01,1.574339485168457031e+01
5.880985260009765625e-01,1.586437225341796875e-03
5.124521659605494328e-01,4.035472869873046875e-03
5.253469822723589866e-01,3.972291946411132812e-03
9.699030096990300664e-02,3.462238311767578125e-01
1.055894410558944063e-01,1.203680038452148438e-02
8.519148085191480257e-02,1.579886174201965332e+01
1.315879821777343750e-01,1.688241958618164062e-03
1.174038569427269252e-01,1.207876205444335938e-02
8.723668038796889013e-02,4.017829895019531250e-03
5.058494150584941229e-01,4.522571563720703125e-01
5.043495650434955957e-01,1.208448410034179688e-02
4.910508949105089616e-01,1.542870950698852539e+01
7.482776641845703125e-01,1.604080200195312500e-03
4.374574441860996643e-01,4.003286361694335938e-03
5.007383400054300493e-01,3.965854644775390625e-03
3.370662933706629061e-01,3.543081283569335938e-01
3.531646835316468169e-01,1.201653480529785156e-02
4.047595240475952427e-01,1.544707560539245605e+01
2.517223358154296875e-01,2.409458160400390625e-03
3.460732631535500259e-01,4.186868667602539062e-03
3.401665721173442458e-01,4.003524780273437500e-03
9.816018398160184510e-01,3.470075130462646484e-01
9.796020397960204518e-01,1.248669624328613281e-02
9.698030196980301776e-01,1.570065021514892578e+01
9.423408508300781250e-01,1.621246337890625000e-03
9.744490359116556588e-01,4.033565521240234375e-03
9.797738201045247397e-01,3.994464874267578125e-03
1.353864613538646178e-01,3.476688861846923828e-01
1.385861413858614222e-01,1.204347610473632812e-02
1.161883811618838053e-01,1.540229368209838867e+01
4.119014739990234375e-01,1.581430435180664062e-03
2.075142696576804946e-01,4.021406173706054688e-03
1.223466650437110004e-01,3.962755203247070312e-03
1.162883711628837080e-01,3.473429679870605469e-01
1.259874012598740101e-01,1.199364662170410156e-02
9.979002099790021396e-02,1.558384346961975098e+01
2.517223358154296875e-01,1.577138900756835938e-03
2.052987067311859981e-01,4.012823104858398438e-03
1.203795724011496593e-01,3.946065902709960938e-03
1.480851914808519187e-01,3.457570075988769531e-01
1.562843715628437213e-01,1.198458671569824219e-02
4.709529047095290660e-02,1.596496367454528809e+01
5.880985260009765625e-01,2.472400665283203125e-03
1.927442320097043638e-01,4.208803176879882812e-03
1.472988542168933712e-01,4.045486450195312500e-03
1.500849915008499180e-01,4.217128753662109375e-01
1.537846215378462222e-01,1.249313354492187500e-02
2.229777022297770306e-01,1.566708970069885254e+01
1.315879821777343750e-01,1.656532287597656250e-03
2.183705624328434736e-01,4.053592681884765625e-03
1.459617864607145599e-01,3.961324691772460938e-03
2.839716028397160433e-02,3.475689888000488281e-01
3.139686031396859978e-02,1.207375526428222656e-02
1.609839016098390044e-02,1.574200558662414551e+01
2.517223358154296875e-01,1.570701599121093750e-03
1.940198201107743436e-01,3.998756408691406250e-03
2.728986223051703061e-02,3.979682922363281250e-03
4.454554544545545336e-01,3.472468852996826172e-01
4.322567743225677606e-01,1.199698448181152344e-02
6.761323867613239225e-01,1.579853701591491699e+01
5.880985260009765625e-01,1.580953598022460938e-03
4.596909893675830139e-01,4.012584686279296875e-03
4.098564281827387079e-01,3.985166549682617188e-03
9.959004099590040848e-02,3.469629287719726562e-01
1.073892610738926140e-01,1.202034950256347656e-02
2.202779722027797260e-01,1.656499981880187988e+01
2.069473266601562500e-02,2.454757690429687500e-03
1.465905903835105772e-01,4.208326339721679688e-03
1.098478069458639905e-01,4.006147384643554688e-03
4.193580641935806264e-01,3.529608249664306641e-01
4.267573242675732348e-01,1.258659362792968750e-02
4.435556444355564509e-01,1.481029748916625977e+01
2.517223358154296875e-01,1.758098602294921875e-03
4.274548653487734162e-01,4.098653793334960938e-03
4.056202041773735445e-01,4.007577896118164062e-03
4.476552344765523661e-01,3.623561859130859375e-01
4.403559644035596188e-01,1.210308074951171875e-02
7.830216978302170228e-01,1.573644065856933594e+01
5.880985260009765625e-01,1.693964004516601562e-03
4.785778629338376389e-01,4.053115844726562500e-03
4.071796009885751966e-01,3.988504409790039062e-03
7.467253274672532859e-01,3.518908023834228516e-01
7.569243075692431155e-01,1.210331916809082031e-02
7.516248375162484230e-01,1.553411149978637695e+01
4.119014739990234375e-01,1.701831817626953125e-03
6.614808675009089534e-01,4.048109054565429688e-03
7.502957212959617816e-01,3.978252410888671875e-03
6.117388261173882791e-01,3.474414348602294922e-01
5.936406359364063690e-01,1.209545135498046875e-02
6.227377262273772196e-01,1.592486119270324707e+01
7.482776641845703125e-01,2.666950225830078125e-03
5.200371531176005702e-01,4.259824752807617188e-03
6.339165980368788311e-01,4.003524780273437500e-03
6.758324167583241726e-01,3.838267326354980469e-01
6.877312268773122517e-01,1.257729530334472656e-02
7.022297770222977187e-01,1.528253316879272461e+01
7.482776641845703125e-01,1.659631729125976562e-03
6.620953450218454162e-01,4.043102264404296875e-03
6.555958287500723847e-01,4.010200500488281250e-03
6.494350564943505155e-01,3.954567909240722656e-01
6.454354564543545170e-01,1.211524009704589844e-02
5.926407359264073138e-01,1.527274131774902344e+01
4.119014739990234375e-01,1.614332199096679688e-03
5.675369682205686495e-01,4.028558731079101562e-03
6.178838342199250988e-01,3.973960876464843750e-03
9.156084391560843638e-01,3.460247516632080078e-01
9.155084491550844472e-01,1.213550567626953125e-02
9.092090790920908105e-01,1.498902726173400879e+01
8.684120178222656250e-01,1.610755920410156250e-03
8.826403045640448530e-01,4.040956497192382812e-03
9.182126066457850788e-01,3.983020782470703125e-03
7.369263073692631227e-01,3.478434085845947266e-01
7.498250174982501459e-01,1.200294494628906250e-02
7.726227377262273599e-01,1.549395012855529785e+01
9.423408508300781250e-01,2.542734146118164062e-03
7.512654024024800758e-01,4.209518432617187500e-03
7.563338261124746831e-01,3.998517990112304688e-03
3.874612538746125545e-01,3.460574150085449219e-01
4.011598840115988551e-01,1.256394386291503906e-02
4.258574142585741518e-01,1.521570110321044922e+01
4.119014739990234375e-01,1.610517501831054688e-03
4.390247340649243712e-01,4.030466079711914062e-03
3.447274537593194577e-01,3.978729248046875000e-03
1.996800319968003168e-01,4.200341701507568359e-01
1.990800919908009281e-01,1.202893257141113281e-02
1.945805419458054297e-01,1.534840393066406250e+01
2.517223358154296875e-01,1.593589782714843750e-03
2.759845317267920484e-01,4.032373428344726562e-03
2.310135514680790036e-01,3.961563110351562500e-03
2.041795820417958152e-01,4.021382331848144531e-01
1.971802819718028177e-01,1.203131675720214844e-02
3.181681831816818296e-01,1.500601649284362793e+01
1.315879821777343750e-01,1.595497131347656250e-03
2.656375822458189595e-01,4.038095474243164062e-03
2.367848535037039293e-01,3.980398178100585938e-03
9.930006999300069470e-01,3.482990264892578125e-01
9.931006899310068636e-01,1.196956634521484375e-02
9.766023397660233973e-01,1.473017096519470215e+01
9.423408508300781250e-01,2.550840377807617188e-03
9.256236869226469599e-01,4.216909408569335938e-03
9.985441103273942076e-01,4.029273986816406250e-03
6.989301069893010254e-01,3.474125862121582031e-01
6.897310268973102509e-01,1.256108283996582031e-02
7.605239476052394476e-01,1.511640381813049316e+01
8.684120178222656250e-01,1.590967178344726562e-03
6.887337055105474670e-01,4.013061523437500000e-03
7.026976787582117634e-01,3.943204879760742188e-03
1.156884311568843055e-01,3.469314575195312500e-01
1.146885311468853058e-01,1.202535629272460938e-02
8.859114088591141245e-02,1.637642621994018555e+01
5.880985260009765625e-01,1.595497131347656250e-03
2.265365606712825830e-01,4.010438919067382812e-03
1.505157167859064171e-01,3.986597061157226562e-03
9.376062393760623559e-01,3.527426719665527344e-01
9.374062593740626337e-01,1.237750053405761719e-02
8.312168783121687277e-01,1.624708461761474609e+01
8.684120178222656250e-01,1.597642898559570312e-03
8.915252967240168136e-01,4.023551940917968750e-03
9.289408362866248270e-01,4.015445709228515625e-03
4.957504249575042654e-01,3.476772308349609375e-01
4.873512648735126573e-01,1.201128959655761719e-02
4.995500449955004307e-01,1.543256044387817383e+01
4.119014739990234375e-01,2.596616744995117188e-03
4.586520603444353972e-01,4.390001296997070312e-03
4.542251127380317888e-01,4.010438919067382812e-03
4.224577542245775419e-01,3.452827930450439453e-01
4.215578442155784589e-01,1.256275177001953125e-02
5.227477252274772557e-01,1.534012484550476074e+01
4.119014739990234375e-01,1.593828201293945312e-03
4.030876109159050591e-01,4.007816314697265625e-03
4.109246655136167825e-01,3.960371017456054688e-03
3.581641835816418151e-01,3.460195064544677734e-01
3.562643735626437325e-01,1.204371452331542969e-02
3.822617738226177231e-01,1.489592504501342773e+01
4.119014739990234375e-01,1.582860946655273438e-03
3.786930481004905369e-01,3.985404968261718750e-03
2.939793880402425952e-01,3.944873809814453125e-03
5.507449255074492456e-01,3.704776763916015625e-01
5.570442955704429933e-01,1.200008392333984375e-02
4.732526747325267458e-01,1.509499931335449219e+01
1.315879821777343750e-01,1.608371734619140625e-03
5.689982216952581551e-01,1.215004920959472656e-02
5.553330726272255324e-01,4.013776779174804688e-03
6.796320367963203379e-01,4.613146781921386719e-01
6.797320267973202546e-01,1.202297210693359375e-02
5.812418758124187068e-01,1.533452248573303223e+01
2.517223358154296875e-01,2.664327621459960938e-03
6.721629166529403676e-01,4.237174987792968750e-03
6.796805999874420134e-01,4.017829895019531250e-03
4.047595240475952427e-01,3.748919963836669922e-01
4.029597040295970212e-01,1.266050338745117188e-02
4.184581541845815433e-01,1.541995143890380859e+01
4.119014739990234375e-01,1.689672470092773438e-03
4.424600550705750646e-01,4.056453704833984375e-03
4.028379961581909918e-01,3.986835479736328125e-03
9.469053094690530470e-01,4.055562019348144531e-01
9.411058894110588824e-01,1.227355003356933594e-02
9.429057094290570484e-01,1.557012605667114258e+01
8.684120178222656250e-01,1.716613769531250000e-03
5.120686598814665480e-01,4.065990447998046875e-03
9.358306399392445352e-01,3.996372222900390625e-03
5.806419358064193181e-01,3.490903377532958984e-01
5.755424457554244588e-01,1.211118698120117188e-02
6.004399560043995887e-01,1.535177826881408691e+01
8.684120178222656250e-01,1.687288284301757812e-03
5.317199954180403809e-01,4.036188125610351562e-03
6.328035915080054696e-01,3.968954086303710938e-03
3.900609939006099425e-01,3.888676166534423828e-01
4.020597940205979381e-01,1.202058792114257812e-02
3.218678132186781338e-01,1.536537933349609375e+01
5.880985260009765625e-01,2.506494522094726562e-03
4.060565980051908386e-01,4.198074340820312500e-03
4.012325161617067981e-01,4.015445709228515625e-03
9.064093590640935894e-01,4.190909862518310547e-01
9.012098790120988134e-01,2.848696708679199219e-02
8.908109189081091506e-01,1.604293632507324219e+01
9.940910339355468750e-01,1.607418060302734375e-03
8.472628533086774549e-01,4.038333892822265625e-03
9.041749109424409570e-01,1.200199127197265625e-02
6.020397960203979215e-01,3.462862968444824219e-01
6.001399860013998389e-01,1.203775405883789062e-02
8.314168583141685609e-01,1.559029006958007812e+01
7.482776641845703125e-01,1.608610153198242188e-03
6.243986924584220555e-01,3.996133804321289062e-03
6.236497908740810114e-01,3.965616226196289062e-03
8.051194880511949314e-01,3.704304695129394531e-01
8.003199680031997110e-01,1.199126243591308594e-02
8.648135186481351599e-01,1.516139936447143555e+01
5.880985260009765625e-01,2.447366714477539062e-03
7.684228835839576055e-01,4.219293594360351562e-03
8.066609519820382435e-01,4.005193710327148438e-03
3.200679932006799122e-01,3.494105339050292969e-01
3.199680031996800511e-01,1.249575614929199219e-02
2.545745425457454081e-01,1.536080360412597656e+01
2.517223358154296875e-01,1.592874526977539062e-03
3.485422606890877240e-01,4.029273986816406250e-03
3.050676205203797231e-01,3.985166549682617188e-03
6.409359064093590741e-02,3.583428859710693359e-01
7.339266073392661238e-02,1.200842857360839844e-02
7.309269073092690416e-02,1.494020628929138184e+01
1.315879821777343750e-01,1.594066619873046875e-03
1.241664791056359962e-01,4.059553146362304688e-03
5.582196684177859886e-02,3.969192504882812500e-03
3.404659534046595160e-01,5.264303684234619141e-01
3.642635736426357296e-01,1.204013824462890625e-02
4.031596840315968544e-01,1.623195409774780273e+01
1.315879821777343750e-01,1.605033874511718750e-03
3.327428552249971361e-01,4.034042358398437500e-03
3.519310277723675107e-01,3.965854644775390625e-03
7.069293070692930225e-01,3.715252876281738281e-01
6.858314168583141690e-01,2.797913551330566406e-02
7.002299770022997194e-01,1.594843268394470215e+01
5.880985260009765625e-01,2.605199813842773438e-03
6.174133231047762571e-01,4.238128662109375000e-03
7.368325799579560353e-01,4.023790359497070312e-03
8.242175782421757857e-01,3.584775924682617188e-01
8.200179982001799539e-01,1.282215118408203125e-02
8.190180981901810098e-01,1.489511418342590332e+01
7.482776641845703125e-01,1.625537872314453125e-03
6.211591439171346707e-01,4.031181335449218750e-03
8.009858799490542358e-01,3.974199295043945312e-03
4.584541545845415289e-01,3.466639518737792969e-01
4.632536746325367494e-01,1.203966140747070312e-02
4.643535646435356656e-01,1.575322341918945312e+01
5.880985260009765625e-01,1.585721969604492188e-03
3.523970240808737553e-01,4.046201705932617188e-03
4.245883064777246085e-01,3.946065902709960938e-03
5.947405259474052297e-01,3.482244014739990234e-01
5.944405559444055909e-01,1.199841499328613281e-02
6.691330866913308695e-01,1.536024117469787598e+01
8.684120178222656250e-01,1.593351364135742188e-03
5.101902723981029952e-01,3.999948501586914062e-03
5.645631448197502289e-01,3.955841064453125000e-03
7.570242975702429211e-01,4.305922985076904297e-01
7.502249775022498124e-01,1.216006278991699219e-02
7.614238576142385861e-01,1.488266968727111816e+01
7.482776641845703125e-01,2.505302429199218750e-03
7.068243052499117995e-01,4.206418991088867188e-03
7.294507830568150997e-01,4.013299942016601562e-03
2.704729527047295412e-01,3.839437961578369141e-01
2.603739626037396282e-01,1.274061203002929688e-02
2.628737126287370995e-01,1.479259657859802246e+01
4.119014739990234375e-01,1.594781875610351562e-03
2.977729285816104188e-01,4.028081893920898438e-03
2.206996438055141563e-01,3.985881805419921875e-03
6.520347965203480145e-01,3.481736183166503906e-01
6.492350764923507933e-01,1.201653480529785156e-02
6.803319668033196432e-01,1.526102948188781738e+01
5.880985260009765625e-01,1.592159271240234375e-03
6.228589231176547836e-01,4.051446914672851562e-03
7.050268369525978240e-01,3.978252410888671875e-03
8.597140285971403006e-01,3.468198776245117188e-01
8.695130486951304638e-01,1.198673248291015625e-02
8.665133486651335204e-01,1.541703963279724121e+01
4.119014739990234375e-01,1.575231552124023438e-03
8.607739195695672807e-01,4.004955291748046875e-03
8.339520650784350009e-01,4.005670547485351562e-03
5.501449855014498569e-01,3.458189964294433594e-01
5.584441555844416039e-01,1.199150085449218750e-02
6.974302569743026092e-01,1.520834326744079590e+01
5.880985260009765625e-01,2.637624740600585938e-03
5.578615222059467582e-01,4.239797592163085938e-03
5.438056966923069391e-01,3.995895385742187500e-03
6.032396760323968099e-01,3.461558818817138672e-01
6.009399060093990608e-01,1.256966590881347656e-02
7.000299970002999972e-01,1.631096887588500977e+01
5.880985260009765625e-01,1.672506332397460938e-03
5.979790054677126543e-01,4.048824310302734375e-03
6.190234290218428193e-01,3.996372222900390625e-03
6.504349565043495707e-01,3.791213035583496094e-01
6.559344065593440964e-01,2.015805244445800781e-02
7.022297770222977187e-01,1.544043374061584473e+01
4.119014739990234375e-01,1.733303070068359375e-03
5.111035058340899218e-01,4.064798355102539062e-03
6.935653702846109603e-01,3.983497619628906250e-03
5.661433856614338511e-01,3.453404903411865234e-01
5.656434356564343791e-01,1.211619377136230469e-02
7.514248575142485898e-01,1.600553655624389648e+01
4.119014739990234375e-01,1.604080200195312500e-03
5.129459270388766479e-01,4.049062728881835938e-03
5.010985227285461585e-01,3.995656967163085938e-03
3.402659734026597382e-01,3.459868431091308594e-01
3.450654934506549587e-01,1.206183433532714844e-02
3.958604139586041626e-01,1.431042051315307617e+01
7.482776641845703125e-01,2.498388290405273438e-03
4.540926842575599975e-01,4.211425781250000000e-03
3.319011842625466668e-01,4.024744033813476562e-03
5.611438856114389084e-01,3.496952056884765625e-01
5.763423657634236807e-01,1.249623298645019531e-02
5.601439856014398533e-01,1.543069672584533691e+01
9.423408508300781250e-01,1.601219177246093750e-03
5.286741237685357309e-01,4.034996032714843750e-03
5.097268830451758825e-01,3.982782363891601562e-03
7.142285771422858254e-01,3.455369472503662109e-01
7.217278272172782394e-01,1.202273368835449219e-02
7.494250574942505905e-01,1.535323739051818848e+01
5.880985260009765625e-01,1.579284667968750000e-03
5.802693040563449145e-01,4.021644592285156250e-03
6.515333037212606149e-01,3.984451293945312500e-03
8.799120087991200989e-02,3.484163284301757812e-01
9.019098090190981465e-02,1.201748847961425781e-02
4.819518048195180204e-02,1.526258015632629395e+01
1.315879821777343750e-01,1.644611358642578125e-03
4.131568442648711481e-01,4.039525985717773438e-03
8.390652681757088116e-02,3.992080688476562500e-03
3.204679532046795232e-01,3.485503196716308594e-01
3.199680031996800511e-01,1.204323768615722656e-02
2.958704129587041431e-01,1.533643221855163574e+01
5.880985260009765625e-01,2.478361129760742188e-03
3.535106349491237143e-01,1.219940185546875000e-02
2.799227318584670554e-01,3.999471664428710938e-03
2.758724127587241504e-01,5.134871006011962891e-01
2.622737726227377109e-01,2.842450141906738281e-02
1.678832116788321061e-01,1.652141499519348145e+01
7.482776641845703125e-01,1.610755920410156250e-03
3.260744487971780625e-01,4.035234451293945312e-03
2.909412876529150482e-01,3.975152969360351562e-03
3.689631036896310334e-01,3.489933013916015625e-01
3.811618838116188623e-01,1.201701164245605469e-02
3.426657334266573485e-01,1.589539337158203125e+01
4.119014739990234375e-01,1.591920852661132812e-03
2.836898024135153795e-01,4.021883010864257812e-03
3.537228812380491805e-01,4.007339477539062500e-03
7.829217078292170784e-02,3.569667339324951172e-01
7.899210078992101314e-02,1.204156875610351562e-02
5.989401059894010337e-02,1.525677824020385742e+01
2.517223358154296875e-01,1.676797866821289062e-03
8.271003100108181849e-02,4.046916961669921875e-03
6.658461670313400860e-02,4.007339477539062500e-03
6.566343365663434017e-01,3.480300903320312500e-01
6.634336566343366215e-01,1.205897331237792969e-02
6.251374862513748853e-01,1.552229404449462891e+01
5.880985260009765625e-01,2.471446990966796875e-03
6.805879622258781403e-01,4.211425781250000000e-03
6.683168324962229789e-01,4.030227661132812500e-03
1.751824817518248256e-01,4.615588188171386719e-01
1.856814318568143218e-01,1.252675056457519531e-02
1.494850514948505016e-01,1.561100244522094727e+01
2.517223358154296875e-01,1.589059829711914062e-03
2.063503612572424872e-01,4.019260406494140625e-03
1.938505416388747737e-01,4.002094268798828125e-03
2.802719728027197044e-01,3.482856750488281250e-01
2.848715128487151471e-01,1.202082633972167969e-02
2.521747825217477978e-01,1.655341744422912598e+01
4.119014739990234375e-01,1.597881317138671875e-03
2.805534039944547198e-01,4.023313522338867188e-03
2.897055671097974461e-01,3.977775573730468750e-03
9.602039796020398477e-01,3.791704177856445312e-01
9.570042995700429600e-01,1.201152801513671875e-02
9.327067293270673298e-01,1.534273052215576172e+01
9.423408508300781250e-01,1.679182052612304688e-03
9.279748746655975822e-01,4.038095474243164062e-03
9.823647246251524523e-01,3.984451293945312500e-03
9.771022897710228694e-01,3.468554019927978516e-01
9.770022997700229528e-01,1.205897331237792969e-02
9.702029797020298441e-01,1.391972565650939941e+01
8.684120178222656250e-01,2.494812011718750000e-03
9.863668141534663869e-01,4.186868667602539062e-03
9.789408397262944206e-01,3.999710083007812500e-03
4.603539646035396671e-01,3.563921451568603516e-01
4.718528147185281352e-01,1.251149177551269531e-02
5.361463853614638619e-01,1.515442466735839844e+01
4.119014739990234375e-01,1.604080200195312500e-03
4.825037729356889682e-01,4.035711288452148438e-03
4.912400915273399948e-01,3.989458084106445312e-03
2.470752924707529385e-01,3.474578857421875000e-01
2.443755624437556340e-01,1.205921173095703125e-02
4.115588441155884625e-01,1.571119832992553711e+01
5.880985260009765625e-01,1.570940017700195312e-03
2.719510632896056102e-01,4.038095474243164062e-03
2.214548934192780982e-01,3.971338272094726562e-03
6.563343665633436519e-01,4.129438400268554688e-01
6.645335466453354822e-01,1.200985908508300781e-02
7.166283371662833801e-01,1.576814413070678711e+01
5.880985260009765625e-01,1.718282699584960938e-03
5.805637866381321288e-01,4.072666168212890625e-03
5.670852303952258477e-01,4.014968872070312500e-03
5.197480251974802012e-01,3.481154441833496094e-01
5.157484251574842027e-01,1.210451126098632812e-02
2.287771222877712229e-01,1.582983088493347168e+01
4.119014739990234375e-01,2.525091171264648438e-03
5.106484299286023765e-01,4.227399826049804688e-03
5.059510729031774234e-01,4.027366638183593750e-03
8.208179182081791758e-01,3.501873016357421875e-01
8.296170382961703949e-01,1.252484321594238281e-02
7.892210778922107428e-01,1.584887266159057617e+01
5.880985260009765625e-01,1.736640930175781250e-03
8.747924779743394552e-01,4.055023193359375000e-03
7.938528011923758898e-01,4.038095474243164062e-03
8.771122887711229055e-01,3.469071388244628906e-01
8.650134986501349932e-01,1.211428642272949219e-02
8.233176682331766472e-01,1.625721096992492676e+01
8.684120178222656250e-01,1.677036285400390625e-03
8.992211144145304536e-01,4.076480865478515625e-03
8.338304037943640168e-01,4.001140594482421875e-03
8.492150784921508322e-01,4.691383838653564453e-01
8.559144085591441353e-01,1.214599609375000000e-02
8.507149285071492484e-01,1.624719429016113281e+01
9.423408508300781250e-01,1.617670059204101562e-03
8.337628361102610297e-01,4.033803939819335938e-03
8.137429688589981058e-01,3.977060317993164062e-03
9.114088591140886431e-01,3.487708568572998047e-01
9.067093290670933392e-01,1.205587387084960938e-02
8.972102789721028149e-01,1.570169281959533691e+01
9.793052673339843750e-01,2.501726150512695312e-03
7.262935526419608268e-01,4.226684570312500000e-03
8.893875030534197368e-01,4.035711288452148438e-03
4.163583641635836274e-01,3.483388423919677734e-01
4.394560543945605358e-01,1.252961158752441406e-02
3.339666033396660461e-01,1.583584237098693848e+01
2.517223358154296875e-01,1.595497131347656250e-03
4.260670823580298139e-01,4.026889801025390625e-03
4.053012012101804284e-01,3.988504409790039062e-03
3.202679732026797454e-01,3.464360237121582031e-01
3.232676732326767444e-01,1.204180717468261719e-02
4.282571742825717620e-01,1.543848156929016113e+01
4.119014739990234375e-01,1.659393310546875000e-03
3.732848715627670177e-01,4.070043563842773438e-03
3.883541824612865012e-01,3.987789154052734375e-03
6.159384061593840831e-02,4.072945117950439453e-01
6.059394060593940867e-02,1.209545135498046875e-02
9.009099090090991191e-02,1.499615716934204102e+01
5.765914916992187500e-02,1.601696014404296875e-03
6.747726220548388998e-02,4.014968872070312500e-03
3.436792858140379908e-02,4.153966903686523438e-03
5.343465653434656959e-01,3.477954864501953125e-01
5.464453554644536082e-01,1.201820373535156250e-02
5.357464253574643065e-01,1.536483597755432129e+01
7.482776641845703125e-01,2.467155456542968750e-03
6.151867242409677639e-01,4.183053970336914062e-03
5.159042486014157047e-01,3.990650177001953125e-03
3.563643635636436491e-01,4.194309711456298828e-01
3.747625237476252535e-01,1.276659965515136719e-02
3.792620737926207242e-01,1.536797142028808594e+01
5.880985260009765625e-01,1.582860946655273438e-03
4.330598229103659880e-01,4.019975662231445312e-03
4.007349710201332793e-01,4.000186920166015625e-03
8.421157884211578626e-01,3.492751121520996094e-01
8.288171182881711729e-01,1.202082633972167969e-02
8.160183981601839553e-01,1.538917088508605957e+01
9.423408508300781250e-01,1.663684844970703125e-03
7.436031083173785250e-01,4.044771194458007812e-03
8.597702071049446726e-01,4.001140594482421875e-03
7.610238976102390307e-01,3.549828529357910156e-01
7.531246875312468392e-01,1.211285591125488281e-02
8.988101189881011477e-01,1.559050917625427246e+01
5.880985260009765625e-01,1.617193222045898438e-03
6.717525374620538781e-01,4.032135009765625000e-03
7.568897441437482110e-01,4.003524780273437500e-03
1.563843615638436102e-01,3.556902408599853516e-01
1.654834516548345236e-01,1.998519897460937500e-02
2.768723127687231500e-01,1.636233043670654297e+01
2.517223358154296875e-01,2.520799636840820312e-03
1.955778740737564303e-01,4.208803176879882812e-03
1.022912620422850583e-01,4.048824310302734375e-03
7.892210778922107428e-01,3.464424610137939453e-01
7.783221677832217189e-01,1.250505447387695312e-02
7.417258274172582322e-01,1.529789090156555176e+01
5.880985260009765625e-01,1.605510711669921875e-03
7.451792921178566065e-01,4.039764404296875000e-03
7.739238197840627720e-01,4.004716873168945312e-03
7.751224877512248312e-01,3.474638462066650391e-01
7.962203779622037958e-01,1.200389862060546875e-02
8.111188881111889293e-01,1.548391222953796387e+01
1.315879821777343750e-01,1.679897308349609375e-03
7.238315263463385163e-01,4.044055938720703125e-03
7.549623890944242577e-01,3.991127014160156250e-03
5.860413958604139273e-01,3.476181030273437500e-01
5.906409359064093145e-01,1.210761070251464844e-02
5.178482151784821186e-01,1.600360941886901855e+01
4.119014739990234375e-01,1.607894897460937500e-03
5.796270015722756463e-01,4.041910171508789062e-03
6.356620756674209449e-01,4.006147384643554688e-03
4.271572842715728457e-01,3.486192226409912109e-01
4.484551544845515325e-01,1.200866699218750000e-02
4.291570842915708450e-01,1.563496661186218262e+01
2.517223358154296875e-01,2.484798431396484375e-03
4.588254110423028442e-01,4.228115081787109375e-03
4.255732338706864626e-01,3.993034362792968750e-03
5.051494850514948176e-01,3.488249778747558594e-01
5.136486351364863978e-01,1.252961158752441406e-02
6.265373462653734959e-01,1.544757723808288574e+01
4.119014739990234375e-01,1.716852188110351562e-03
5.067760625337794922e-01,4.075527191162109375e-03
4.770866160657035171e-01,3.987312316894531250e-03
4.626537346265373607e-01,3.509876728057861328e-01
4.575542445755424459e-01,1.216721534729003906e-02
2.935706429357064495e-01,1.592946219444274902e+01
8.684120178222656250e-01,1.731634140014648438e-03
4.585527471412679246e-01,4.084587097167968750e-03
4.471265715058605483e-01,3.995895385742187500e-03
2.213778622137786145e-01,3.468637466430664062e-01
2.453754624537546336e-01,1.210260391235351562e-02
3.260673932606739100e-01,1.516873145103454590e+01
4.119014739990234375e-01,1.664876937866210938e-03
2.250760439885923780e-01,4.051923751831054688e-03
2.265806007746593020e-01,3.997802734375000000e-03
7.077292270772922445e-01,5.083954334259033203e-01
7.071292870712928558e-01,2.812886238098144531e-02
6.221377862213778309e-01,1.541592144966125488e+01
5.880985260009765625e-01,2.631425857543945312e-03
7.453413204405213710e-01,4.281282424926757812e-03
6.573574691796436609e-01,4.055738449096679688e-03
4.350564943505649262e-01,3.475596904754638672e-01
4.300569943005699280e-01,1.260757446289062500e-02
1.987801219878012060e-01,1.592073106765747070e+01
5.880985260009765625e-01,1.686811447143554688e-03
4.237080940307830224e-01,4.037141799926757812e-03
4.221324526906794494e-01,3.983497619628906250e-03
8.831116888311169033e-01,3.473517894744873047e-01
8.818118188181182093e-01,1.208662986755371094e-02
6.774322567743226164e-01,1.546770763397216797e+01
8.684120178222656250e-01,1.591682434082031250e-03
8.759707088578674306e-01,4.004478454589843750e-03
9.019039056495541384e-01,3.969907760620117188e-03
7.474252574742525912e-01,3.471312522888183594e-01
7.431256874312568428e-01,1.202321052551269531e-02
5.628437156284371579e-01,1.565090131759643555e+01
7.482776641845703125e-01,1.594066619873046875e-03
7.348950012621000560e-01,4.024267196655273438e-03
8.095463567969938268e-01,4.033327102661132812e-03
1.502849715028497235e-01,3.462564945220947266e-01
1.495850414958504182e-01,1.201677322387695312e-02
3.065693430656934448e-01,1.594089174270629883e+01
2.517223358154296875e-01,2.433776855468750000e-03
2.015976900715021336e-01,4.242658615112304688e-03
2.193888735431239190e-01,4.008531570434570312e-03
4.214578542145785423e-01,3.576526641845703125e-01
4.261573842615738461e-01,1.250362396240234375e-02
2.471752824717528274e-01,1.523143935203552246e+01
5.880985260009765625e-01,1.627206802368164062e-03
4.157131060407198153e-01,4.024267196655273438e-03
3.878497585597341368e-01,3.999710083007812500e-03
4.026597340265973268e-01,3.585016727447509766e-01
4.093590640935906300e-01,1.222920417785644531e-02
3.504649535046495124e-01,1.549772453308105469e+01
8.684120178222656250e-01,1.594781875610351562e-03
3.095537972456257059e-01,4.017829895019531250e-03
3.589445597960687628e-01,3.982543945312500000e-03
9.019098090190981465e-02,3.491368293762207031e-01
9.539046095390460445e-02,1.202893257141113281e-02
9.649035096490350683e-02,1.523971962928771973e+01
2.517223358154296875e-01,1.575231552124023438e-03
1.170497750703720086e-01,4.019260406494140625e-03
9.612727865591441656e-02,3.973007202148437500e-03
6.015398460153984495e-01,3.478868007659912109e-01
6.079392060793921138e-01,1.200222969055175781e-02
5.907409259074092311e-01,1.548842287063598633e+01
2.517223358154296875e-01,2.496719360351562500e-03
6.194047096941778241e-01,4.195213317871093750e-03
6.410511869668191753e-01,3.996372222900390625e-03
7.505249475052494512e-01,3.479778766632080078e-01
7.417258274172582322e-01,1.246905326843261719e-02
7.367263273672632895e-01,1.545314002037048340e+01
8.684120178222656250e-01,1.689195632934570312e-03
7.045964620842891657e-01,4.024505615234375000e-03
7.237740882632123229e-01,3.959655761718750000e-03
9.021097890210978409e-01,3.480367660522460938e-01
8.980101989801020368e-01,1.209306716918945312e-02
9.114088591140886431e-01,1.520197939872741699e+01
7.482776641845703125e-01,1.612901687622070312e-03
7.420209029849164084e-01,4.032135009765625000e-03
8.858170735689592235e-01,3.997564315795898438e-03
3.124687531246875261e-01,3.971228599548339844e-01
3.188681131886811349e-01,1.205372810363769531e-02
1.526847315268473060e-01,1.576751732826232910e+01
4.119014739990234375e-01,2.447366714477539062e-03
2.892927406324932171e-01,4.205942153930664062e-03
2.801146827147774632e-01,4.035711288452148438e-03
9.927007299270073082e-01,3.497345447540283203e-01
9.912008799120087810e-01,2.841520309448242188e-02
9.883011698830117542e-01,1.652405047416687012e+01
9.987115859985351562e-01,1.708030700683593750e-03
7.393097030115519663e-01,4.068136215209960938e-03
9.885812009896827179e-01,3.984689712524414062e-03
2.464753524647535221e-01,3.480849266052246094e-01
2.462753724627537166e-01,1.211857795715332031e-02
1.952804719528047073e-01,1.505786514282226562e+01
4.119014739990234375e-01,1.614093780517578125e-03
2.681502868505636350e-01,4.022836685180664062e-03
2.134959141989528075e-01,3.993272781372070312e-03
4.023597640235976325e-01,3.465926647186279297e-01
4.096590340965903243e-01,1.201057434082031250e-02
3.474652534746525134e-01,1.599791026115417480e+01
7.482776641845703125e-01,1.585960388183593750e-03
3.715253740209090716e-01,4.019021987915039062e-03
3.961668651596788604e-01,3.993749618530273438e-03
4.552544745525447523e-01,3.908960819244384766e-01
4.500549945005499208e-01,1.199364662170410156e-02
3.850614938506149443e-01,1.639614558219909668e+01
4.119014739990234375e-01,1.587867736816406250e-03
4.767674176785213214e-01,4.011869430541992188e-03
4.111078507191347486e-01,3.972053527832031250e-03
4.907509249075092672e-01,3.496234416961669922e-01
5.063493650634937060e-01,1.319813728332519531e-02
4.099590040995900186e-01,1.525037193298339844e+01
2.517223358154296875e-01,1.885414123535156250e-03
4.744205212356402135e-01,4.143476486206054688e-03
4.364256673565890532e-01,3.998756408691406250e-03
7.197280271972802401e-01,3.442902565002441406e-01
7.115288471152885208e-01,1.213908195495605469e-02
4.766523347665233556e-01,1.564870476722717285e+01
7.482776641845703125e-01,1.750946044921875000e-03
7.414847258593125767e-01,4.077911376953125000e-03
7.494520063062799498e-01,4.037141799926757812e-03
9.846015398460153945e-01,3.466296195983886719e-01
9.848015198480152277e-01,1.209282875061035156e-02
9.466053394660534082e-01,1.601524686813354492e+01
4.119014739990234375e-01,1.693248748779296875e-03
9.748865188467477072e-01,4.061222076416015625e-03
9.913795043489209702e-01,4.005193710327148438e-03
4.350564943505649262e-01,3.480033874511718750e-01
4.333566643335666213e-01,1.207089424133300781e-02
2.170782921707829216e-01,1.589151763916015625e+01
2.517223358154296875e-01,1.711606979370117188e-03
4.108645734218238643e-01,4.082202911376953125e-03
4.534447038340220226e-01,3.997087478637695312e-03
6.706329367063293967e-01,3.793654441833496094e-01
6.813318668133186984e-01,1.371574401855468750e-02
5.224477552244775058e-01,1.603329825401306152e+01
2.517223358154296875e-01,1.841545104980468750e-03
6.505086629314049684e-01,4.105091094970703125e-03
6.937967438335477244e-01,3.988742828369140625e-03
3.758624137586241143e-01,3.489911556243896484e-01
3.854614538546145552e-01,1.216721534729003906e-02
1.323867613238676189e-01,1.541988086700439453e+01
5.765914916992187500e-02,1.597881317138671875e-03
4.319280056589957506e-01,4.023313522338867188e-03
3.601610719631545554e-01,3.959655761718750000e-03
4.193580641935806264e-01,3.458101749420166016e-01
4.144585541445855448e-01,1.202034950256347656e-02
3.218678132186781338e-01,1.561260604858398438e+01
5.880985260009765625e-01,1.579284667968750000e-03
4.217018136172567822e-01,4.019021987915039062e-03
3.838918100816783863e-01,3.970146179199218750e-03
9.202079792020797511e-01,3.453910350799560547e-01
9.163083691630836691e-01,1.202607154846191406e-02
9.377062293770622725e-01,1.530418205261230469e+01
5.880985260009765625e-01,2.415418624877929688e-03
9.120959787572298083e-01,4.181146621704101562e-03
9.224905640464432510e-01,4.022836685180664062e-03
1.652834716528347181e-01,3.479356765747070312e-01
1.816818318168183233e-01,1.247191429138183594e-02
7.469253074692530636e-02,1.573826599121093750e+01
2.069473266601562500e-02,1.679182052612304688e-03
1.397175490114249685e-01,4.059553146362304688e-03
1.564623416220871643e-01,3.997564315795898438e-03
2.614738526147385445e-01,3.480184078216552734e-01
2.615738426157384056e-01,1.206326484680175781e-02
4.949505049495050435e-01,1.512900161743164062e+01
2.517223358154296875e-01,1.592159271240234375e-03
3.862185834467054546e-01,4.018783569335937500e-03
2.718858925863276710e-01,3.985404968261718750e-03
1.755824417558244088e-01,3.485286235809326172e-01
1.834816518348165171e-01,1.202011108398437500e-02
4.618538146185381388e-01,1.599807548522949219e+01
1.315879821777343750e-01,1.576423645019531250e-03
2.271062703993312892e-01,4.012107849121093750e-03
1.596651429021647695e-01,3.997325897216796875e-03
4.662533746625337483e-01,3.474590778350830078e-01
4.657534246575342207e-01,1.197719573974609375e-02
3.825617438256174174e-01,1.602083754539489746e+01
4.119014739990234375e-01,2.602577209472656250e-03
4.447556510443752553e-01,4.207134246826171875e-03
4.353105661785613423e-01,4.001855850219726562e-03
5.099490050994900936e-03,3.454325199127197266e-01
8.699130086991300678e-03,1.253390312194824219e-02
9.299070092990701503e-03,1.629150366783142090e+01
1.315879821777343750e-01,9.627103805541992188e-03
3.429158519793991111e-01,4.052400588989257812e-03
4.021890948475002718e-03,1.195931434631347656e-02
3.791620837916208631e-01,4.778499603271484375e-01
3.890610938906109428e-01,1.208090782165527344e-02
2.922707729227077555e-01,1.620989251136779785e+01
1.315879821777343750e-01,1.573801040649414062e-03
4.120972971097380810e-01,4.019737243652343750e-03
3.738535314711542989e-01,3.997325897216796875e-03
1.558844115588441104e-01,3.483915328979492188e-01
1.572842715728427210e-01,1.203250885009765625e-02
2.140785921407859227e-01,1.527481484413146973e+01
2.517223358154296875e-01,1.565694808959960938e-03
1.811781741258551293e-01,4.026412963867187500e-03
1.327191914541064888e-01,3.967285156250000000e-03
7.795220477952204963e-01,3.457970619201660156e-01
7.645235476452354462e-01,1.199436187744140625e-02
8.347165283471652542e-01,1.521667981147766113e+01
9.423408508300781250e-01,2.450942993164062500e-03
7.079757784447577862e-01,4.182577133178710938e-03
7.739355522996995695e-01,4.033088684082031250e-03
5.734426557344265429e-01,3.499755859375000000e-01
5.735426457354264596e-01,1.246929168701171875e-02
2.429757024297570234e-01,1.561250424385070801e+01
4.119014739990234375e-01,1.596212387084960938e-03
5.600528784356945122e-01,4.040479660034179688e-03
5.778397122621177218e-01,3.960609436035156250e-03
6.943305669433056382e-01,3.458089828491210938e-01
7.061293870612939116e-01,1.203155517578125000e-02
9.332066793320668019e-01,1.557549643516540527e+01
2.517223358154296875e-01,1.585721969604492188e-03
6.537309236586114070e-01,4.052162170410156250e-03
7.638897638573364235e-01,3.993749618530273438e-03
3.952604739526047184e-01,3.483734130859375000e-01
4.091590840915908522e-01,1.201057434082031250e-02
4.799520047995200489e-01,1.513720750808715820e+01
2.517223358154296875e-01,1.583099365234375000e-03
3.303617592064648223e-01,4.038572311401367188e-03
4.600278043496732194e-01,3.986120223999023438e-03
3.322667733226677411e-01,3.487751483917236328e-01
3.317668233176682135e-01,1.201391220092773438e-02
4.429557044295570623e-01,1.534919714927673340e+01
2.517223358154296875e-01,2.629995346069335938e-03
3.085133115897149558e-01,4.254102706909179688e-03
2.954748271396305803e-01,4.043817520141601562e-03
9.720027997200280101e-01,4.187734127044677734e-01
9.671032896710328730e-01,1.293969154357910156e-02
8.672132786721328257e-01,1.533083868026733398e+01
5.880985260009765625e-01,1.708269119262695312e-03
9.615711005347487017e-01,4.086494445800781250e-03
9.679364850820333377e-01,4.005908966064453125e-03
5.559444055594440354e-02,3.468418121337890625e-01
6.469353064693530997e-02,1.208734512329101562e-02
9.239076092390760553e-02,1.545739483833312988e+01
2.069473266601562500e-02,1.717329025268554688e-03
5.229203788156715216e-02,4.073858261108398438e-03
7.486724477770226316e-02,4.000663757324218750e-03
9.159084091590841137e-02,3.473758697509765625e-01
1.030896910308969072e-01,1.208496093750000000e-02
1.436856314368563092e-01,1.506505060195922852e+01
2.069473266601562500e-02,1.610517501831054688e-03
1.059278002597927593e-01,4.034996032714843750e-03
1.079825191757016190e-01,3.994226455688476562e-03
3.762623737626237252e-01,3.470830917358398438e-01
3.833616638336166393e-01,1.205587387084960938e-02
3.852614738526147220e-01,1.551788806915283203e+01
8.684120178222656250e-01,2.499580383300781250e-03
4.756405352213268767e-01,4.196405410766601562e-03
4.247303733949040483e-01,4.048347473144531250e-03
4.331566843315668436e-01,3.482003211975097656e-01
4.286571342865713174e-01,1.252913475036621094e-02
4.992500749925007364e-01,1.597337841987609863e+01
7.482776641845703125e-01,1.601934432983398438e-03
4.693072817528849972e-01,4.026174545288085938e-03
4.409425692033140942e-01,3.977298736572265625e-03
3.173682631736826076e-01,3.473947048187255859e-01
3.189681031896810515e-01,1.202917098999023438e-02
1.727827217278272154e-01,1.546280694007873535e+01
2.517223358154296875e-01,1.600980758666992188e-03
3.896770779500709492e-01,4.019975662231445312e-03
3.319206093339164276e-01,3.994941711425781250e-03
6.959304069593040820e-01,3.472881317138671875e-01
7.066293370662933837e-01,1.203989982604980469e-02
7.081291870812919109e-01,1.546271324157714844e+01
4.119014739990234375e-01,1.606225967407226562e-03
6.714113351870933943e-01,4.018545150756835938e-03
6.681027403639752116e-01,3.984928131103515625e-03
1.058894110588941145e-01,3.466696739196777344e-01
1.129887011298870148e-01,1.199650764465332031e-02
1.200879912008799150e-01,1.556610703468322754e+01
5.765914916992187500e-02,2.476692199707031250e-03
1.373924565930347841e-01,4.194736480712890625e-03
1.572099181970570969e-01,4.030227661132812500e-03
4.805519448055194376e-01,3.497707843780517578e-01
4.811518848115188263e-01,1.249313354492187500e-02
6.715328467153284242e-01,1.600794005393981934e+01
4.119014739990234375e-01,1.596450805664062500e-03
4.774775970644709044e-01,4.026889801025390625e-03
5.153607051917629134e-01,4.010915756225585938e-03
4.959504049595040570e-02,4.510173797607421875e-01
5.279472052794720316e-02,1.239776611328125000e-02
3.222677732226777447e-01,1.539446520805358887e+01
1.315879821777343750e-01,1.600027084350585938e-03
1.646263291590030486e-01,4.041910171508789062e-03
6.289898294821068270e-02,4.012823104858398438e-03
2.308769123087691111e-01,3.482291698455810547e-01
2.385761423857614139e-01,1.197052001953125000e-02
2.243775622437756134e-01,1.536173629760742188e+01
8.684120178222656250e-01,1.596927642822265625e-03
2.962754117749908378e-01,4.029989242553710938e-03
2.057202318145857078e-01,3.983259201049804688e-03
6.329367063293670492e-01,3.474640846252441406e-01
6.318368163183681885e-01,1.196646690368652344e-02
5.053494650534946508e-01,1.540483236312866211e+01
4.119014739990234375e-01,2.460241317749023438e-03
6.062029360199246986e-01,4.202604293823242188e-03
5.674864521940397033e-01,4.022836685180664062e-03
9.038096190380962014e-01,3.473956584930419922e-01
8.889111088891110679e-01,1.248621940612792969e-02
9.243075692430756662e-01,1.602283072471618652e+01
9.423408508300781250e-01,1.594305038452148438e-03
8.668837631096927288e-01,4.033565521240234375e-03
9.112707104303781058e-01,3.951549530029296875e-03
5.167483251674832578e-01,3.469641208648681641e-01
5.132486751324867313e-01,1.204419136047363281e-02
5.718428157184282101e-01,1.684499335289001465e+01
4.119014739990234375e-01,1.586914062500000000e-03
4.998536954324032666e-01,4.015207290649414062e-03
5.295063040178052960e-01,4.011631011962890625e-03
5.434456554344565538e-01,3.491473197937011719e-01
5.488451154884511629e-01,1.198387145996093750e-02
3.445655434456554311e-01,1.493820905685424805e+01
7.482776641845703125e-01,1.708984375000000000e-03
5.397033596389777532e-01,4.096269607543945312e-03
5.427733417951303707e-01,3.994941711425781250e-03
6.653334666533347042e-01,3.483638763427734375e-01
6.565343465653434851e-01,1.209330558776855469e-02
7.762223777622238030e-01,1.495187950134277344e+01
7.482776641845703125e-01,2.491474151611328125e-03
5.496954261528124164e-01,4.200696945190429688e-03
7.213695817209357930e-01,4.028797149658203125e-03
9.824017598240175619e-01,3.510551452636718750e-01
9.789021097890211465e-01,1.250529289245605469e-02
9.506049395060494067e-01,1.517287611961364746e+01
7.482776641845703125e-01,1.600980758666992188e-03
9.733348026812788101e-01,4.024028778076171875e-03
9.719146633032703653e-01,3.968954086303710938e-03
4.139586041395860172e-01,3.453218936920166016e-01
4.164583541645835441e-01,1.206231117248535156e-02
6.718328167183281741e-01,1.509975290298461914e+01
5.880985260009765625e-01,1.587629318237304688e-03
4.996236742816186349e-01,4.033088684082031250e-03
3.944844690783457786e-01,3.984689712524414062e-03
1.639836016398360241e-01,4.691579341888427734e-01
1.708829117088291050e-01,1.203823089599609375e-02
4.163583641635836274e-01,1.568308138847351074e+01
5.765914916992187500e-02,1.743793487548828125e-03
1.959855920998574974e-01,4.085302352905273438e-03
1.739739540595138800e-01,4.002332687377929688e-03
3.437656234376562092e-01,3.482215404510498047e-01
3.481651834816518187e-01,1.212716102600097656e-02
2.593740625937406286e-01,1.559956455230712891e+01
1.315879821777343750e-01,2.576112747192382812e-03
3.054550510907669825e-01,4.234790802001953125e-03
3.581477459794907836e-01,3.999710083007812500e-03
7.006299370062993859e-01,4.258289337158203125e-01
7.069293070692930225e-01,1.258349418640136719e-02
5.243475652434756995e-01,1.546337366104125977e+01
1.315879821777343750e-01,1.722574234008789062e-03
6.463482512478870845e-01,4.070043563842773438e-03
7.007017802598820566e-01,3.992557525634765625e-03
1.570842915708429155e-01,3.479592800140380859e-01
1.694830516948305221e-01,1.214146614074707031e-02
1.509849015098490288e-01,1.552194976806640625e+01
4.119014739990234375e-01,1.620769500732421875e-03
1.462264304266863713e-01,4.023075103759765625e-03
1.208158947405589267e-01,3.979921340942382812e-03
6.949305069493050269e-02,3.467659950256347656e-01
7.419258074192580654e-02,1.205849647521972656e-02
6.799320067993200323e-02,1.576896286010742188e+01
7.482776641845703125e-01,1.614809036254882812e-03
1.762359028419145379e-01,4.026174545288085938e-03
8.942675339952704805e-02,3.969192504882812500e-03
8.710128987101289910e-01,3.471553325653076172e-01
8.618138186181382165e-01,1.206302642822265625e-02
7.849215078492151054e-01,1.571571636199951172e+01
4.119014739990234375e-01,2.484083175659179688e-03
8.299743098214581449e-01,4.189968109130859375e-03
9.096723155085765233e-01,4.025459289550781250e-03
9.623037696230376525e-01,3.476073741912841797e-01
9.660033996600340123e-01,1.246905326843261719e-02
8.965103489651035096e-01,1.568930006027221680e+01
8.684120178222656250e-01,1.608133316040039062e-03
5.351133793851283738e-01,4.034996032714843750e-03
9.645110576080008213e-01,4.010438919067382812e-03
7.716228377162284158e-01,3.477978706359863281e-01
7.757224277572243309e-01,1.202178001403808594e-02
4.916508349165083502e-01,1.592155146598815918e+01
2.517223358154296875e-01,1.667261123657226562e-03
7.084221551247156246e-01,4.029512405395507812e-03
7.598413567519584078e-01,3.963470458984375000e-03
6.380361963803619085e-01,3.743097782135009766e-01
6.421357864213578237e-01,1.203751564025878906e-02
5.490450954904509961e-01,1.548803615570068359e+01
2.517223358154296875e-01,1.617670059204101562e-03
5.489767551147634039e-01,4.028320312500000000e-03
5.921591355407689328e-01,3.969430923461914062e-03
8.989101089891010643e-02,3.481848239898681641e-01
9.099090090990900881e-02,1.204538345336914062e-02
2.602739726027397116e-01,1.566501545906066895e+01
1.315879821777343750e-01,2.478599548339843750e-03
1.612651313840964828e-01,4.170179367065429688e-03
1.230298991846108803e-01,4.017829895019531250e-03
6.930306969303069442e-01,3.459730148315429688e-01
6.975302469753024148e-01,1.249480247497558594e-02
6.814318568143186150e-01,1.434195256233215332e+01
4.119014739990234375e-01,1.602411270141601562e-03
6.432720860174729882e-01,4.042625427246093750e-03
6.857865893137113922e-01,3.985643386840820312e-03
1.480851914808519187e-01,3.483536243438720703e-01
1.495850414958504182e-01,1.200985908508300781e-02
7.879212078792120766e-02,1.618183827400207520e+01
2.517223358154296875e-01,1.675367355346679688e-03
1.546619389734336658e-01,4.009246826171875000e-03
1.590650326503270651e-01,3.977775573730468750e-03
5.753424657534246256e-01,3.450291156768798828e-01
5.693430656934306278e-01,1.209831237792968750e-02
6.555344465553444300e-01,1.639580702781677246e+01
2.517223358154296875e-01,1.616239547729492188e-03
5.039746156033496627e-01,4.027128219604492188e-03
5.792721523882159440e-01,3.967761993408203125e-03
3.183681631836816073e-01,3.453969955444335938e-01
3.313668633136686581e-01,1.204609870910644531e-02
2.728727127287271514e-01,1.645415186882019043e+01
5.765914916992187500e-02,2.476215362548828125e-03
3.296679603474296227e-01,4.190206527709960938e-03
3.331697416281690360e-01,4.023313522338867188e-03
8.732126787321268235e-01,3.480303287506103516e-01
8.673132686731326313e-01,1.246452331542968750e-02
7.083291670832916331e-01,1.569497299194335938e+01
9.940910339355468750e-01,1.609325408935546875e-03
8.149099670767745440e-01,4.038333892822265625e-03
8.738846803323624401e-01,3.963470458984375000e-03
6.173382661733826104e-01,3.722727298736572266e-01
6.150384961503849723e-01,1.203656196594238281e-02
5.714428557144285437e-01,1.526829123497009277e+01
2.517223358154296875e-01,1.603126525878906250e-03
6.033841038131950718e-01,4.042863845825195312e-03
5.574307731367782459e-01,4.002094268798828125e-03
2.579742025797420180e-01,3.483240604400634766e-01
2.548745125487451024e-01,1.204133033752441406e-02
1.438856114388561147e-01,1.527052855491638184e+01
1.315879821777343750e-01,1.586437225341796875e-03
2.289129537677346282e-01,4.045486450195312500e-03
2.997667386411075885e-01,3.977775573730468750e-03
5.159484051594840498e-02,3.476088047027587891e-01
5.609439056094390336e-02,1.198983192443847656e-02
8.419158084191580294e-02,1.544126129150390625e+01
5.765914916992187500e-02,2.463102340698242188e-03
5.563070362402448149e-02,4.226446151733398438e-03
4.608982283551014969e-02,4.042863845825195312e-03
9.572042795720427932e-01,3.880596160888671875e-01
9.539046095390461000e-01,1.246118545532226562e-02
9.588041195880412371e-01,1.582725143432617188e+01
4.119014739990234375e-01,1.684904098510742188e-03
9.178663657779589924e-01,4.058837890625000000e-03
9.578557091513666411e-01,4.010915756225585938e-03
5.862413758624137605e-01,3.485448360443115234e-01
5.798420157984202072e-01,1.206302642822265625e-02
6.232376762323768027e-01,1.517690777778625488e+01
4.119014739990234375e-01,1.727104187011718750e-03
5.467542889621261892e-01,4.065036773681640625e-03
6.319678191697011282e-01,4.025220870971679688e-03
4.093590640935906300e-01,3.476026058197021484e-01
4.205579442055794592e-01,1.211905479431152344e-02
4.063593640635936310e-01,1.562301826477050781e+01
8.684120178222656250e-01,1.698493957519531250e-03
4.448373316795283250e-01,4.088878631591796875e-03
4.223543455409912162e-01,4.012346267700195312e-03
4.680531946805319699e-01,3.485507965087890625e-01
4.801519848015198266e-01,1.208424568176269531e-02
4.422557744225577570e-01,1.438813471794128418e+01
2.517223358154296875e-01,2.630472183227539062e-03
5.020187657478427656e-01,4.258871078491210938e-03
4.365518805797921620e-01,4.040241241455078125e-03
4.555544445555444466e-01,3.578333854675292969e-01
4.570542945705429183e-01,1.261591911315917969e-02
4.880511948805119626e-01,1.464242243766784668e+01
1.315879821777343750e-01,1.612663269042968750e-03
4.246448429252283052e-01,4.048347473144531250e-03
4.064053829547991104e-01,3.993988037109375000e-03
4.499550044995500597e-01,3.570673465728759766e-01
4.485551444855514491e-01,1.206326484680175781e-02
2.453754624537546336e-01,1.429366207122802734e+01
5.880985260009765625e-01,1.596212387084960938e-03
4.475849837976542123e-01,4.049301147460937500e-03
5.103907861394922918e-01,4.002809524536132812e-03
9.943005699430057520e-01,3.506805896759033203e-01
9.947005299470053075e-01,1.198267936706542969e-02
9.937006299370062523e-01,1.480981469154357910e+01
9.423408508300781250e-01,1.589775085449218750e-03
9.927998165708198375e-01,4.065036773681640625e-03
9.975829860452173348e-01,4.001855850219726562e-03
4.662533746625337483e-01,3.558087348937988281e-01
4.729527047295270514e-01,1.204347610473632812e-02
5.750424957504249868e-01,1.489641737937927246e+01
1.315879821777343750e-01,2.470970153808593750e-03
4.688689500730364168e-01,4.187345504760742188e-03
4.791678028553567614e-01,4.009246826171875000e-03
3.419658034196580432e-01,3.472182750701904297e-01
3.466653334666533470e-01,1.247930526733398438e-02
3.200679932006799122e-01,1.407035112380981445e+01
5.880985260009765625e-01,1.680374145507812500e-03
3.742698573766118919e-01,4.083156585693359375e-03
3.486918595807285692e-01,3.998041152954101562e-03
8.471152884711529163e-01,3.494055271148681641e-01
8.472152784721528329e-01,1.208281517028808594e-02
8.304169583041696168e-01,1.571499848365783691e+01
7.482776641845703125e-01,1.614332199096679688e-03
8.503180235606044857e-01,4.033565521240234375e-03
8.116741971895460317e-01,4.011631011962890625e-03
1.333866613338666185e-01,3.911132812500000000e-01
1.354864513548645066e-01,1.205563545227050781e-02
1.935806419358064301e-01,1.505469107627868652e+01
5.765914916992187500e-02,1.602172851562500000e-03
1.317357944759146582e-01,4.051208496093750000e-03
1.543861044800132198e-01,3.970623016357421875e-03
8.299170082991701169e-02,3.478500843048095703e-01
9.199080091990800845e-02,1.201081275939941406e-02
7.189281071892811292e-02,1.509545922279357910e+01
1.315879821777343750e-01,2.433538436889648438e-03
6.679305837962454251e-02,4.208326339721679688e-03
8.255216253186015152e-02,3.996133804321289062e-03
4.888511148885111290e-01,3.491008281707763672e-01
4.932506749325067386e-01,1.252269744873046875e-02
3.932606739326067191e-01,1.533369398117065430e+01
4.119014739990234375e-01,1.657485961914062500e-03
4.845069108615648878e-01,4.055261611938476562e-03
4.616325781831693842e-01,4.002571105957031250e-03
3.192680731926807458e-01,3.484382629394531250e-01
3.181681831816818296e-01,1.207423210144042969e-02
4.158584141585841554e-01,1.584782266616821289e+01
1.315879821777343750e-01,1.601219177246093750e-03
3.039259718661201926e-01,4.001855850219726562e-03
3.588228743265667875e-01,3.998994827270507812e-03
9.753024697530247034e-01,4.061744213104248047e-01
9.769023097690231472e-01,2.012395858764648438e-02
9.040095990400960346e-01,1.609049940109252930e+01
9.423408508300781250e-01,1.601457595825195312e-03
9.608715350797724097e-01,4.023551940917968750e-03
9.927565845019535873e-01,3.984212875366210938e-03
6.117388261173882791e-01,3.467135429382324219e-01
5.969403059694030622e-01,1.203227043151855469e-02
7.066293370662933837e-01,1.576801276206970215e+01
5.880985260009765625e-01,2.466917037963867188e-03
5.218685245138986462e-01,4.210948944091796875e-03
5.853614573168348656e-01,4.012584686279296875e-03
6.907309269073093061e-01,3.479776382446289062e-01
6.942305769423057216e-01,1.251864433288574219e-02
7.089291070892910218e-01,1.499330186843872070e+01
4.119014739990234375e-01,1.677751541137695312e-03
6.949443472801972721e-01,4.050731658935546875e-03
7.287851764105400809e-01,4.020452499389648438e-03
2.671732826717328479e-01,3.503167629241943359e-01
2.870712928707129241e-01,1.211357116699218750e-02
5.498450154984501070e-01,1.634825015068054199e+01
2.069473266601562500e-02,1.609086990356445312e-03
2.522242088930346515e-01,4.036188125610351562e-03
2.730242399902552686e-01,3.970146179199218750e-03
9.069093090690930614e-01,3.459293842315673828e-01
9.126087391260874204e-01,1.202893257141113281e-02
8.719128087191281296e-01,1.597763133049011230e+01
9.423408508300781250e-01,1.597404479980468750e-03
8.120731387138173663e-01,4.037380218505859375e-03
9.132582676350902151e-01,4.001140594482421875e-03
5.455454454554544697e-01,3.486831188201904297e-01
5.617438256174382971e-01,1.204729080200195312e-02
6.907309269073093061e-01,1.623260712623596191e+01
5.880985260009765625e-01,2.476453781127929688e-03
5.194563331236637937e-01,4.223346710205078125e-03
4.920874512753434238e-01,4.052162170410156250e-03
5.623437656234376858e-01,3.933005332946777344e-01
5.594440555944405480e-01,1.276350021362304688e-02
6.044395560443955873e-01,1.571112346649169922e+01
5.880985260009765625e-01,1.731634140014648438e-03
5.384430777175046590e-01,4.068136215209960938e-03
5.490529798963148522e-01,3.984689712524414062e-03
9.351064893510648846e-01,3.533592224121093750e-01
9.295070492950704422e-01,1.212358474731445312e-02
9.046095390460954233e-01,1.571267938613891602e+01
8.684120178222656250e-01,1.628875732421875000e-03
8.118706431309491434e-01,4.043102264404296875e-03
9.296204889785647518e-01,3.988981246948242188e-03
9.633036696330367077e-01,3.506457805633544922e-01
9.562043795620438491e-01,1.206541061401367188e-02
9.747025297470253147e-01,1.637936592102050781e+01
9.423408508300781250e-01,1.717567443847656250e-03
9.633554468525385994e-01,4.101991653442382812e-03
9.578436561699606999e-01,4.004240036010742188e-03
5.831416858314169005e-01,3.481001853942871094e-01
5.677432256774322950e-01,1.208496093750000000e-02
7.228277172282772112e-01,1.498750329017639160e+01
8.684120178222656250e-01,2.518177032470703125e-03
5.378943315303449380e-01,4.209041595458984375e-03
6.245173013145067786e-01,4.016637802124023438e-03
5.922407759224077584e-01,3.456656932830810547e-01
6.064393560643935865e-01,1.257228851318359375e-02
7.710228977102290271e-01,1.476684737205505371e+01
2.517223358154296875e-01,1.619338989257812500e-03
5.415717960655815899e-01,4.054069519042968750e-03
6.410837379341841613e-01,3.983020782470703125e-03
6.498350164983501820e-01,3.471858501434326172e-01
6.437356264373562675e-01,1.207399368286132812e-02
6.197380261973802762e-01,1.527895808219909668e+01
7.482776641845703125e-01,1.606464385986328125e-03
6.055447675158962539e-01,4.028797149658203125e-03
5.860476633788699319e-01,3.977060317993164062e-03
5.518448155184481063e-01,3.508057594299316406e-01
5.314468553144685581e-01,1.201462745666503906e-02
4.270572942705729291e-01,1.576406145095825195e+01
5.880985260009765625e-01,1.616001129150390625e-03
4.845691017497104069e-01,4.053831100463867188e-03
5.345230576709061321e-01,4.008293151855468750e-03
8.716128387161283797e-01,4.859223365783691406e-01
8.552144785521448300e-01,1.205587387084960938e-02
8.923107689231076778e-01,1.503817129135131836e+01
7.482776641845703125e-01,2.577781677246093750e-03
8.893344315200615302e-01,4.244565963745117188e-03
8.632950377435963940e-01,4.007577896118164062e-03
8.338166183381662266e-01,3.478558063507080078e-01
8.306169383061693390e-01,1.255393028259277344e-02
7.512248775122487565e-01,1.542639803886413574e+01
4.119014739990234375e-01,1.615524291992187500e-03
8.019150859679815557e-01,4.044771194458007812e-03
8.416631759224796339e-01,3.998041152954101562e-03
4.898510148985101287e-01,3.485023975372314453e-01
4.992500749925007364e-01,1.206445693969726562e-02
3.217678232176782172e-01,1.518608546257019043e+01
2.517223358154296875e-01,1.603126525878906250e-03
5.434028003250185312e-01,4.034280776977539062e-03
4.276665305773774128e-01,4.016637802124023438e-03
9.264073592640735821e-01,3.494946956634521484e-01
9.223077692230776670e-01,1.202368736267089844e-02
9.332066793320668019e-01,1.526793050765991211e+01
5.880985260009765625e-01,1.576185226440429688e-03
8.918988370425982026e-01,4.024505615234375000e-03
8.964800458939383709e-01,3.996610641479492188e-03
4.885511448855114347e-01,3.490362167358398438e-01
4.702529747025297469e-01,1.200032234191894531e-02
6.014398560143985328e-01,1.485548853874206543e+01
5.880985260009765625e-01,2.492666244506835938e-03
4.902120536015130980e-01,4.209518432617187500e-03
5.183999165750952098e-01,4.001855850219726562e-03
6.693330666933307027e-01,3.469059467315673828e-01
6.547345265473453191e-01,1.250672340393066406e-02
5.632436756324367133e-01,1.539618325233459473e+01
7.482776641845703125e-01,1.597166061401367188e-03
6.979541271590630203e-01,4.042148590087890625e-03
6.096768246825446935e-01,3.960609436035156250e-03
4.583541645835416678e-01,3.462848663330078125e-01
4.733526647335266624e-01,1.205086708068847656e-02
4.441555844415558396e-01,1.532469820976257324e+01
5.880985260009765625e-01,1.615285873413085938e-03
4.878847444593202853e-01,4.012346267700195312e-03
4.620840482572934338e-01,3.984451293945312500e-03
6.023397660233976714e-01,3.475224971771240234e-01
6.137386261373862784e-01,1.201057434082031250e-02
6.454354564543545170e-01,1.588653469085693359e+01
4.119014739990234375e-01,2.470493316650390625e-03
5.969600454358825470e-01,4.221677780151367188e-03
6.141528687105390905e-01,4.015684127807617188e-03
9.629037096290370412e-01,3.496112823486328125e-01
9.589041095890410427e-01,1.247906684875488281e-02
9.697030296970302610e-01,1.539855885505676270e+01
4.119014739990234375e-01,1.682043075561523438e-03
9.634754650150765265e-01,4.060983657836914062e-03
9.752717249802966837e-01,4.007577896118164062e-03
3.286671332866713535e-01,3.498575687408447266e-01
3.338666133386661294e-01,1.212739944458007812e-02
2.475752424757524384e-01,1.497189712524414062e+01
1.315879821777343750e-01,1.621007919311523438e-03
3.086350244569381340e-01,4.025936126708984375e-03
3.009514897216180040e-01,3.995418548583984375e-03
6.564343565643435685e-01,3.487100601196289062e-01
6.568343165683431240e-01,1.206588745117187500e-02
6.519348065193480979e-01,1.547325325012207031e+01
2.517223358154296875e-01,1.603364944458007812e-03
6.473374647732739184e-01,4.035472869873046875e-03
7.207910473236852633e-01,3.980159759521484375e-03
4.141585841415858504e-01,3.492875099182128906e-01
4.504549545045495318e-01,1.196980476379394531e-02
4.444555544445555340e-01,1.559041833877563477e+01
1.315879821777343750e-01,2.486944198608398438e-03
4.472209992223579178e-01,4.238367080688476562e-03
4.418883312100859717e-01,4.002809524536132812e-03
8.665133486651335204e-01,3.459880352020263672e-01
8.721127887211278518e-01,1.251077651977539062e-02
6.961303869613039152e-01,1.533510351181030273e+01
2.517223358154296875e-01,1.763820648193359375e-03
8.718144902109151717e-01,4.087209701538085938e-03
8.797109103264406649e-01,4.020929336547851562e-03
7.342265773422658182e-01,3.963241577148437500e-01
7.541245875412458943e-01,2.009773254394531250e-02
8.484151584841516103e-01,1.572904849052429199e+01
2.517223358154296875e-01,1.693248748779296875e-03
5.200205486123651299e-01,4.056930541992187500e-03
6.975104135191481092e-01,3.996610641479492188e-03
4.723527647235276627e-01,4.252781867980957031e-01
4.652534746525347487e-01,2.007746696472167969e-02
4.074592540745925473e-01,1.569284963607788086e+01
2.517223358154296875e-01,1.730680465698242188e-03
5.148924425553794704e-01,4.083871841430664062e-03
4.595731874481834289e-01,3.987550735473632812e-03
7.293270672932706811e-01,3.563082218170166016e-01
7.340265973402659849e-01,1.209521293640136719e-02
8.498150184981502209e-01,1.503931093215942383e+01
1.315879821777343750e-01,2.584218978881835938e-03
7.419413992198342633e-01,4.238367080688476562e-03
7.483889087871269385e-01,4.023075103759765625e-03
1.072892710728927113e-01,3.473196029663085938e-01
1.072892710728927113e-01,1.253843307495117188e-02
3.999600039996000639e-02,1.534372210502624512e+01
1.315879821777343750e-01,1.625061035156250000e-03
1.223298506921428608e-01,4.012346267700195312e-03
1.164339627315909009e-01,3.986120223999023438e-03
3.389661033896610581e-02,3.472645282745361328e-01
3.709629037096290327e-02,1.208353042602539062e-02
5.149485051494850224e-02,1.536861896514892578e+01
2.517223358154296875e-01,1.577377319335937500e-03
4.101371839328504798e-02,4.014015197753906250e-03
5.091287687090149255e-02,3.979444503784179688e-03
9.007099290070993414e-01,3.498566150665283203e-01
8.999100089991001195e-01,1.203298568725585938e-02
8.850114988501149860e-01,1.527469921112060547e+01
7.482776641845703125e-01,1.568317413330078125e-03
8.810001703113656824e-01,4.012823104858398438e-03
8.720162307832262094e-01,4.011869430541992188e-03
6.394360563943605191e-01,3.543148040771484375e-01
6.394360563943605191e-01,1.201438903808593750e-02
5.741425857414258482e-01,1.537039661407470703e+01
5.880985260009765625e-01,2.572774887084960938e-03
5.924438193693070120e-01,4.214048385620117188e-03
6.264706642705464290e-01,4.014492034912109375e-03
5.830416958304169839e-01,3.478662967681884766e-01
5.934406559344065357e-01,1.252651214599609375e-02
6.494350564943505155e-01,1.535395956039428711e+01
2.517223358154296875e-01,1.627683639526367188e-03
5.194604223224397188e-01,4.051685333251953125e-03
6.413199764531398728e-01,4.132986068725585938e-03
2.489751024897510212e-02,3.459982872009277344e-01
2.589741025897410176e-02,1.208424568176269531e-02
3.179682031796820380e-02,1.536496186256408691e+01
2.069473266601562500e-02,1.600503921508789062e-03
2.465129763869884985e-02,4.017829895019531250e-03
1.919314682463344954e-02,4.003047943115234375e-03
1.001899810018998110e-01,3.493759632110595703e-01
1.188881111888811098e-01,1.198649406433105469e-02
1.615838416158384139e-01,1.563940286636352539e+01
4.119014739990234375e-01,1.575708389282226562e-03
1.129976211630674965e-01,3.972768783569335938e-03
6.978237996511998942e-02,3.988265991210937500e-03
8.369163083691630312e-02,3.479921817779541016e-01
8.789121087891210715e-02,1.199531555175781250e-02
1.117888211178882096e-01,1.531924843788146973e+01
2.517223358154296875e-01,2.471446990966796875e-03
3.314306287169269671e-01,4.195928573608398438e-03
8.195742499790614755e-02,4.001617431640625000e-03
7.965203479652034346e-01,3.467855453491210938e-01
7.955204479552044905e-01,1.250267028808593750e-02
8.883111688831116792e-01,1.549521541595458984e+01
7.482776641845703125e-01,1.590013504028320312e-03
8.403617939699270512e-01,4.040479660034179688e-03
8.289909156730161932e-01,3.975629806518554688e-03
7.254274572542745991e-01,3.479919433593750000e-01
7.280271972802719871e-01,1.203060150146484375e-02
7.095290470952905215e-01,1.552317810058593750e+01
4.119014739990234375e-01,1.571893692016601562e-03
6.888401641065110548e-01,4.013299942016601562e-03
7.514652812215665278e-01,3.988981246948242188e-03
5.217478252174782005e-01,3.453726768493652344e-01
5.103489651034897046e-01,1.199984550476074219e-02
5.367463253674632506e-01,1.549337911605834961e+01
4.119014739990234375e-01,1.562595367431640625e-03
4.907652199829658501e-01,4.000186920166015625e-03
5.274847677199022700e-01,3.981828689575195312e-03
2.646735326467353211e-01,3.459417819976806641e-01
2.814718528147185372e-01,1.197886466979980469e-02
2.922707729227077555e-01,1.545337200164794922e+01
5.880985260009765625e-01,2.619504928588867188e-03
3.245028556104868622e-01,4.235029220581054688e-03
2.756840948947527625e-01,4.059314727783203125e-03
3.517648235176482618e-01,3.479835987091064453e-01
3.559644035596440381e-01,1.255369186401367188e-02
4.384561543845615361e-01,1.548405504226684570e+01
1.315879821777343750e-01,1.608133316040039062e-03
3.644618603581923910e-01,4.013299942016601562e-03
3.132447488821326620e-01,4.014015197753906250e-03
6.459354064593541001e-01,3.489017486572265625e-01
6.570342965703429572e-01,1.204109191894531250e-02
6.486351364863514046e-01,1.545685529708862305e+01
4.119014739990234375e-01,1.569747924804687500e-03
6.118753290788456756e-01,4.012823104858398438e-03
6.277890741451851442e-01,3.960609436035156250e-03
1.124887511248875149e-01,3.461275100708007812e-01
1.184881511848815128e-01,1.201343536376953125e-02
1.204879512048795120e-01,1.532514929771423340e+01
5.765914916992187500e-02,1.588821411132812500e-03
4.179643134067291266e-01,4.032135009765625000e-03
1.391879799005923402e-01,3.963470458984375000e-03
2.150784921507849223e-01,3.606295585632324219e-01
2.226777322267773085e-01,1.326084136962890625e-02
3.893610638936106372e-01,1.520566344261169434e+01
5.765914916992187500e-02,1.919746398925781250e-03
2.482767933884378331e-01,4.158973693847656250e-03
1.945128687489852681e-01,4.003763198852539062e-03
6.337366263373662711e-01,3.479692935943603516e-01
6.362363763623637425e-01,1.219034194946289062e-02
7.453254674532546753e-01,1.586733889579772949e+01
7.482776641845703125e-01,1.656770706176757812e-03
6.646599271617894544e-01,4.057407379150390625e-03
6.623812642670364736e-01,3.966808319091796875e-03
4.875512448755124351e-01,4.264824390411376953e-01
4.921507849215078223e-01,1.206302642822265625e-02
4.921507849215078223e-01,1.547564840316772461e+01
7.482776641845703125e-01,1.725673675537109375e-03
5.096454907529488487e-01,4.077911376953125000e-03
5.084558661177744909e-01,4.014492034912109375e-03
4.850514948505149637e-01,3.489859104156494141e-01
4.838516148385161308e-01,1.212096214294433594e-02
5.666433356664333232e-01,1.545417690277099609e+01
4.119014739990234375e-01,2.580404281616210938e-03
5.071891469619544957e-01,4.242181777954101562e-03
4.424182242163630652e-01,4.016637802124023438e-03
2.127787221277872287e-01,3.497269153594970703e-01
2.201779822017798094e-01,1.255631446838378906e-02
2.058794120587941201e-01,1.549545526504516602e+01
5.765914916992187500e-02,1.616954803466796875e-03
2.721292171157361772e-01,4.017114639282226562e-03
1.926708703578839943e-01,3.974199295043945312e-03
8.435156484351564732e-01,3.475668430328369141e-01
8.458154184581542223e-01,1.206946372985839844e-02
7.728227177282271931e-01,1.487099432945251465e+01
8.684120178222656250e-01,1.572370529174804688e-03
7.445666006355207145e-01,3.988265991210937500e-03
7.932633174294845269e-01,3.968000411987304688e-03
9.726027397260273988e-01,3.479599952697753906e-01
9.677032296770322617e-01,1.203870773315429688e-02
9.809019098090191457e-01,1.645669150352478027e+01
8.684120178222656250e-01,1.592874526977539062e-03
9.744197757833135132e-01,4.035472869873046875e-03
9.614858706413431655e-01,4.002332687377929688e-03
1.576842315768423042e-01,3.466019630432128906e-01
1.630836916308369133e-01,1.197886466979980469e-02
1.553844615538446106e-01,1.715654683113098145e+01
2.517223358154296875e-01,2.518892288208007812e-03
2.610357653058659189e-01,1.222801208496093750e-02
1.751448749409663108e-01,4.024982452392578125e-03
5.286471352864713369e-01,3.555042743682861328e-01
5.129487051294870925e-01,1.260924339294433594e-02
4.789521047895210493e-01,1.655362343788146973e+01
4.119014739990234375e-01,1.593828201293945312e-03
5.305084245749459582e-01,1.195240020751953125e-02
5.122334132829954312e-01,3.951311111450195312e-03
5.439456054394560258e-01,5.183353424072265625e-01
5.332466753324667241e-01,2.009630203247070312e-02
5.114488551144885653e-01,1.724044823646545410e+01
2.517223358154296875e-01,1.606702804565429688e-03
5.148001309774429268e-01,4.028797149658203125e-03
5.419795097564134023e-01,3.991603851318359375e-03
1.014898510148985050e-01,3.954980373382568359e-01
1.135886411358864173e-01,1.203536987304687500e-02
7.919208079192080474e-02,1.563154244422912598e+01
1.315879821777343750e-01,1.601219177246093750e-03
9.313528723053970948e-02,4.030227661132812500e-03
1.611834380271887079e-01,3.987550735473632812e-03
5.123487651234877038e-01,3.485743999481201172e-01
5.086491350864913441e-01,1.202130317687988281e-02
5.076492350764924000e-01,1.532406973838806152e+01
1.315879821777343750e-01,2.577066421508789062e-03
5.533598286647927189e-01,4.253387451171875000e-03
5.107834961172755817e-01,4.010200500488281250e-03
8.811118888111189040e-01,3.482320308685302734e-01
8.732126787321268235e-01,1.255440711975097656e-02
8.666133386661334370e-01,1.556688666343688965e+01
8.684120178222656250e-01,1.603364944458007812e-03
8.488754536253084737e-01,4.007339477539062500e-03
8.902734267029943638e-01,3.956317901611328125e-03
7.341265873412659015e-01,3.476691246032714844e-01
7.390260973902609276e-01,1.203107833862304688e-02
8.275172482751724790e-01,1.566821479797363281e+01
2.517223358154296875e-01,1.579999923706054688e-03
6.423043830598130777e-01,3.997087478637695312e-03
7.523851369057817928e-01,3.976345062255859375e-03
8.900109989001100397e-01,3.490717411041259766e-01
8.808119188081191542e-01,1.201200485229492188e-02
9.261073892610739433e-01,1.626058697700500488e+01
5.880985260009765625e-01,1.648426055908203125e-03
9.080406005484639165e-01,4.065752029418945312e-03
8.763402520843739385e-01,4.003763198852539062e-03
3.135686431356864423e-01,5.780897140502929688e-01
3.358664133586641287e-01,1.212143898010253906e-02
3.011698830116988357e-01,1.561960387229919434e+01
5.908966064453125000e-03,2.497196197509765625e-03
3.253383194532691314e-01,4.212141036987304688e-03
3.171985791836059443e-01,4.014968872070312500e-03
4.248575142485751521e-01,3.483726978302001953e-01
4.231576842315768472e-01,2.066278457641601562e-02
3.448655134486551255e-01,1.574313139915466309e+01
2.517223358154296875e-01,1.603126525878906250e-03
4.183500319198201756e-01,4.019737243652343750e-03
3.669338596779133099e-01,3.998517990112304688e-03
3.602639736026397310e-01,3.468635082244873047e-01
3.764623537646235585e-01,1.204180717468261719e-02
5.726427357264273210e-01,1.591024684906005859e+01
1.315879821777343750e-01,1.576185226440429688e-03
4.194152255915177263e-01,4.018783569335937500e-03
3.693857915097535916e-01,3.959655761718750000e-03
5.481451854814518576e-01,3.480222225189208984e-01
5.449455054494550810e-01,1.199460029602050781e-02
5.232476752324767277e-01,1.640717172622680664e+01
2.517223358154296875e-01,1.746654510498046875e-03
4.849910234403776443e-01,4.028320312500000000e-03
5.369946991976768391e-01,3.971099853515625000e-03
8.830116988301169867e-01,3.482506275177001953e-01
8.818118188181182093e-01,1.210498809814453125e-02
8.686131386861314363e-01,1.528019213676452637e+01
5.880985260009765625e-01,2.613544464111328125e-03
8.422416388325305592e-01,4.242658615112304688e-03
9.083214166578915671e-01,4.021644592285156250e-03
9.301069893010699419e-01,3.462808132171630859e-01
9.240075992400760274e-01,1.309943199157714844e-02
9.188081191880811405e-01,1.555248332023620605e+01
5.880985260009765625e-01,1.733541488647460938e-03
8.583248193802119896e-01,4.078388214111328125e-03
9.046608173579383516e-01,3.999471664428710938e-03
1.219878012198780115e-02,3.449730873107910156e-01
1.339866013398660106e-02,1.208496093750000000e-02
2.079792020797920082e-02,1.545673227310180664e+01
1.315879821777343750e-01,1.600503921508789062e-03
1.480317970624159436e-02,4.019737243652343750e-03
2.339814376897623657e-02,3.981828689575195312e-03
5.465453454654534138e-01,3.466312885284423828e-01
5.318468153184681135e-01,1.207494735717773438e-02
5.165483451654834246e-01,1.526699805259704590e+01
5.880985260009765625e-01,1.583814620971679688e-03
4.954783257712054301e-01,4.036903381347656250e-03
5.980247651678319842e-01,3.957033157348632812e-03
8.469153084691530831e-01,3.492827415466308594e-01
8.291170882911709228e-01,1.199388504028320312e-02
8.109189081091890960e-01,1.518956589698791504e+01
9.423408508300781250e-01,2.484798431396484375e-03
7.929097922601766602e-01,4.198074340820312500e-03
8.595416431070159735e-01,4.004955291748046875e-03
3.322667733226677411e-01,3.484976291656494141e-01
3.251674832516748270e-01,1.245951652526855469e-02
3.961603839616038569e-01,1.510623145103454590e+01
2.517223358154296875e-01,1.577854156494140625e-03
3.425804358594272125e-01,3.997802734375000000e-03
3.031149559491300716e-01,3.981590270996093750e-03
4.573542645735426682e-01,3.471939563751220703e-01
4.632536746325367494e-01,1.199245452880859375e-02
3.446655334466553477e-01,1.553626894950866699e+01
1.315879821777343750e-01,1.584053039550781250e-03
3.965659142059858033e-01,4.031181335449218750e-03
5.177570004593172737e-01,3.976821899414062500e-03
2.223777622237776141e-01,3.482189178466796875e-01
2.504749525047495484e-01,1.198959350585937500e-02
2.055794420557944258e-01,1.523142528533935547e+01
5.765914916992187500e-02,1.695156097412109375e-03
2.878589318297750665e-01,4.049301147460937500e-03
2.258753034748927080e-01,4.001617431640625000e-03
3.784621537846215578e-01,3.477053642272949219e-01
3.729627037296270320e-01,1.205849647521972656e-02
4.734526547345265235e-01,1.515931439399719238e+01
4.119014739990234375e-01,2.518653869628906250e-03
3.603295844849863094e-01,4.215955734252929688e-03
4.319109765906883891e-01,4.022598266601562500e-03
5.322467753224677800e-01,3.484692573547363281e-01
5.360463953604639453e-01,1.254773139953613281e-02
5.501449855014498569e-01,1.437838959693908691e+01
1.315879821777343750e-01,1.612901687622070312e-03
5.160558424190887505e-01,4.047632217407226562e-03
4.325198362610336300e-01,3.998279571533203125e-03
9.410058994100589658e-01,4.078657627105712891e-01
9.391060893910608831e-01,2.002882957458496094e-02
9.474052594740526301e-01,1.548317050933837891e+01
4.119014739990234375e-01,1.598119735717773438e-03
9.348348291334075411e-01,4.017353057861328125e-03
9.467701107557777718e-01,3.968954086303710938e-03
6.651334866513348709e-01,3.488430976867675781e-01
6.505349465053494873e-01,1.201796531677246094e-02
6.435356464353564343e-01,1.559181976318359375e+01
8.684120178222656250e-01,1.657485961914062500e-03
6.566116092571001595e-01,4.062652587890625000e-03
6.864113073635284001e-01,3.981590270996093750e-03
8.730126987301269903e-01,3.480396270751953125e-01
8.768123187681231556e-01,1.203179359436035156e-02
8.787121287871212383e-01,1.547093296051025391e+01
4.119014739990234375e-01,2.490520477294921875e-03
8.849402925582975366e-01,4.201173782348632812e-03
8.456681562947627739e-01,4.007339477539062500e-03
9.208079192080791398e-01,3.451597690582275391e-01
9.220077992200780281e-01,1.252269744873046875e-02
8.954104589541045378e-01,1.539838790893554688e+01
4.119014739990234375e-01,1.567363739013671875e-03
8.570613680670617907e-01,3.989458084106445312e-03
9.158202756719350246e-01,3.978967666625976562e-03
9.419058094190581321e-02,3.481464385986328125e-01
8.849115088491150971e-02,1.201701164245605469e-02
8.069193080691930420e-02,1.538027715682983398e+01
2.517223358154296875e-01,1.669406890869140625e-03
1.296183704022375038e-01,4.052162170410156250e-03
7.361071414384315337e-02,3.992319107055664062e-03
5.640435956404359352e-01,3.459191322326660156e-01
5.555444455554444660e-01,1.201295852661132812e-02
5.348465153484651680e-01,1.534553170204162598e+01
5.880985260009765625e-01,1.619815826416015625e-03
5.883167643463554919e-01,4.032373428344726562e-03
5.920452710406629571e-01,3.973007202148437500e-03
1.579842015798420263e-01,3.482732772827148438e-01
1.528847115288471115e-01,1.201772689819335938e-02
1.575842415758424153e-01,1.537484979629516602e+01
2.069473266601562500e-02,2.459049224853515625e-03
1.959834953926014034e-01,4.182815551757812500e-03
1.250078865924205140e-01,4.003524780273437500e-03
8.639136086391360769e-02,3.461275100708007812e-01
9.679032096790321504e-02,1.250100135803222656e-02
7.609239076092390308e-02,1.551988554000854492e+01
1.315879821777343750e-01,1.581430435180664062e-03
2.934882623185322004e-01,4.025459289550781250e-03
1.253299798980477830e-01,3.976106643676757812e-03
4.372562743725627588e-01,3.462736606597900391e-01
4.496550344965503654e-01,1.200509071350097656e-02
4.186581341865813211e-01,1.547334146499633789e+01
5.880985260009765625e-01,1.730442047119140625e-03
4.671831092378486150e-01,4.072189331054687500e-03
4.155711582009754546e-01,4.018783569335937500e-03
8.723127687231276850e-01,3.473281860351562500e-01
8.717128287171282963e-01,1.210761070251464844e-02
8.509149085091490816e-01,1.522166562080383301e+01
5.880985260009765625e-01,2.506494522094726562e-03
7.504323743450831419e-01,4.195690155029296875e-03
8.791827159603701203e-01,4.006385803222656250e-03
2.631736826317368494e-01,3.492376804351806641e-01
2.689731026897310140e-01,1.258850097656250000e-02
3.460653934606539583e-01,1.488630175590515137e+01
2.517223358154296875e-01,1.730680465698242188e-03
2.515288280675841426e-01,4.068613052368164062e-03
2.055869601054708951e-01,4.001617431640625000e-03
4.129587041295870731e-02,3.486061096191406250e-01
5.549445055494450774e-02,1.210689544677734375e-02
4.289571042895710257e-02,1.571964049339294434e+01
2.517223358154296875e-01,1.617670059204101562e-03
5.822682020534386549e-02,4.019260406494140625e-03
6.327088884618640996e-02,3.971099853515625000e-03
1.570842915708429155e-01,3.566267490386962891e-01
1.534846515348465279e-01,1.205325126647949219e-02
2.824717528247175369e-01,1.551314568519592285e+01
5.765914916992187500e-02,1.665353775024414062e-03
1.563429311541159605e-01,4.054546356201171875e-03
1.678756415955665604e-01,3.995180130004882812e-03
7.721227877212278878e-01,3.929369449615478516e-01
7.688231176882311946e-01,1.209950447082519531e-02
8.562143785621437742e-01,1.457367801666259766e+01
4.119014739990234375e-01,2.496480941772460938e-03
7.731116328549093586e-01,4.215240478515625000e-03
7.355556782144987427e-01,4.012346267700195312e-03
6.853314668533146969e-01,3.460209369659423828e-01
6.781321867813219217e-01,1.252770423889160156e-02
8.942105789421057604e-01,1.541406726837158203e+01
7.482776641845703125e-01,1.599311828613281250e-03
6.132504521281081367e-01,4.048109054565429688e-03
6.900602938058326696e-01,3.982305526733398438e-03
8.730126987301269903e-01,3.476665019989013672e-01
8.640135986401359380e-01,1.203227043151855469e-02
6.889311068893110290e-01,1.535995674133300781e+01
9.423408508300781250e-01,1.579523086547851562e-03
7.542567405008866466e-01,4.019737243652343750e-03
8.808610752316354819e-01,3.962993621826171875e-03
9.530046995300469614e-01,3.470368385314941406e-01
9.530046995300469614e-01,1.203131675720214844e-02
9.477052294770522689e-01,1.566321134567260742e+01
9.793052673339843750e-01,1.598596572875976562e-03
9.463009437114695555e-01,4.041433334350585938e-03
9.589939355828103196e-01,3.988027572631835938e-03
7.923207679232077139e-01,3.469631671905517578e-01
7.973202679732026565e-01,1.197600364685058594e-02
2.197780221977802262e-01,1.578573060035705566e+01
5.880985260009765625e-01,1.049208641052246094e-02
7.572812808711639754e-01,4.205465316772460938e-03
7.898430687504598424e-01,4.034757614135742188e-03
1.645835416458354128e-01,3.499276638031005859e-01
1.604839516048395254e-01,1.252770423889160156e-02
3.828617138286171118e-01,1.530889463424682617e+01
2.517223358154296875e-01,1.611471176147460938e-03
3.777390869531642714e-01,4.024982452392578125e-03
1.461560622084567829e-01,3.988027572631835938e-03
4.757524247575242726e-01,3.469388484954833984e-01
4.998500149985001251e-01,1.201295852661132812e-02
5.345465453454654181e-01,1.449709701538085938e+01
4.119014739990234375e-01,1.609563827514648438e-03
4.928028194491588798e-01,4.050016403198242188e-03
4.603025389433620385e-01,4.009008407592773438e-03
9.403059694030596605e-01,3.475232124328613281e-01
9.410058994100589658e-01,1.202797889709472656e-02
9.168083191680831412e-01,1.567175602912902832e+01
8.684120178222656250e-01,1.718282699584960938e-03
9.279324561988927522e-01,4.051208496093750000e-03
9.146330958391130084e-01,4.012823104858398438e-03
4.093590640935906300e-01,3.970937728881835938e-01
4.063593640635936310e-01,1.209354400634765625e-02
3.169683031696830522e-01,1.634571719169616699e+01
4.119014739990234375e-01,2.482414245605468750e-03
4.351949102446467377e-01,4.191637039184570312e-03
3.735392886235118226e-01,4.001379013061523438e-03
1.421857814218578098e-01,3.474502563476562500e-01
1.469853014698530025e-01,1.253008842468261719e-02
1.783821617838216300e-01,1.548291635513305664e+01
4.119014739990234375e-01,1.611471176147460938e-03
1.611858237246925341e-01,4.045724868774414062e-03
1.559899592821188952e-01,4.011392593383789062e-03
1.159884011598840033e-02,3.779048919677734375e-01
1.339866013398660106e-02,1.201272010803222656e-02
3.749625037496250035e-02,1.588428878784179688e+01
2.517223358154296875e-01,1.639604568481445312e-03
1.352132235391122032e-02,4.059314727783203125e-03
1.195593755903388671e-02,4.000186920166015625e-03
9.759024097590240920e-01,3.467359542846679688e-01
9.764023597640235641e-01,1.207160949707031250e-02
9.806019398060193959e-01,1.606157493591308594e+01
7.482776641845703125e-01,1.619577407836914062e-03
9.774716410196089278e-01,4.016160964965820312e-03
9.688745710185404647e-01,3.990650177001953125e-03
4.090590940905909356e-01,3.482239246368408203e-01
3.804619538046195570e-01,1.198911666870117188e-02
1.231876812318768166e-01,1.529622006416320801e+01
7.482776641845703125e-01,2.453565597534179688e-03
4.356968530089462832e-01,4.224538803100585938e-03
4.431023197739413777e-01,3.974437713623046875e-03
5.680431956804319338e-01,3.475461006164550781e-01
5.723427657234276822e-01,1.253128051757812500e-02
5.883411658834116764e-01,1.508734560012817383e+01
2.517223358154296875e-01,1.599073410034179688e-03
5.897403410249041356e-01,4.061698913574218750e-03
5.652391775131698770e-01,3.975391387939453125e-03
8.223177682231777030e-01,3.483350276947021484e-01
8.265173482651735348e-01,1.207017898559570312e-02
7.695230476952304999e-01,1.566819190979003906e+01
7.482776641845703125e-01,1.722812652587890625e-03
8.108402909198617614e-01,4.076004028320312500e-03
7.665004395588337349e-01,3.993272781372070312e-03
8.602139786021397727e-01,3.484830856323242188e-01
8.589141085891410787e-01,1.212525367736816406e-02
9.088091190880911441e-01,1.538321781158447266e+01
5.880985260009765625e-01,1.690864562988281250e-03
8.712942499120028828e-01,4.054307937622070312e-03
8.514866084001934121e-01,3.971099853515625000e-03
5.454454554544545530e-01,3.478105068206787109e-01
5.286471352864713369e-01,1.207947731018066406e-02
5.378462153784621114e-01,1.602662086486816406e+01
7.482776641845703125e-01,2.651214599609375000e-03
4.968871025694610588e-01,4.240512847900390625e-03
5.519095541091344481e-01,4.019737243652343750e-03
7.447255274472552866e-01,3.467249870300292969e-01
7.316268373162683192e-01,1.260185241699218750e-02
5.638436156384361020e-01,1.558485984802246094e+01
5.880985260009765625e-01,1.614570617675781250e-03
7.624267491385423590e-01,4.028320312500000000e-03
7.700258326389924912e-01,3.969192504882812500e-03
8.596140385961403840e-01,3.467831611633300781e-01
8.494150584941505544e-01,1.208281517028808594e-02
8.151184881511849278e-01,1.618396878242492676e+01
7.482776641845703125e-01,1.704454421997070312e-03
6.486872632229374602e-01,4.064321517944335938e-03
8.695790870286109753e-01,3.996372222900390625e-03
2.819718028197180232e-02,3.541488647460937500e-01
3.199680031996800234e-02,1.208972930908203125e-02
3.859614038596140273e-02,1.534216904640197754e+01
2.517223358154296875e-01,1.578330993652343750e-03
1.529773159315319098e-01,4.025220870971679688e-03
2.274225665686987335e-02,3.975152969360351562e-03
7.246275372462753772e-01,3.666989803314208984e-01
7.103289671032896324e-01,1.204442977905273438e-02
7.674232576742325840e-01,1.524913263320922852e+01
7.482776641845703125e-01,2.469062805175781250e-03
7.340116442259175811e-01,4.189968109130859375e-03
7.259297625212246530e-01,4.007101058959960938e-03
1.555844415558444160e-01,3.482005596160888672e-01
1.590840915908409148e-01,1.250672340393066406e-02
3.240675932406759108e-01,1.527079868316650391e+01
4.119014739990234375e-01,1.586675643920898438e-03
2.356665966847520943e-01,4.037618637084960938e-03
1.842797523040050067e-01,3.979682922363281250e-03
9.928007199280072248e-01,3.713610172271728516e-01
9.902009799020098368e-01,1.201391220092773438e-02
9.710028997100289549e-01,1.536034893989562988e+01
9.940910339355468750e-01,1.631021499633789062e-03
9.508827369774704996e-01,4.040718078613281250e-03
9.909510860295129842e-01,3.974914550781250000e-03
8.042195780421957929e-01,3.485403060913085938e-01
7.855214478552144941e-01,1.203560829162597656e-02
7.754224577542245811e-01,1.527270936965942383e+01
8.684120178222656250e-01,1.569271087646484375e-03
7.817507388052166162e-01,4.030227661132812500e-03
8.385328884319587228e-01,4.015207290649414062e-03
9.617038296170382639e-01,3.998584747314453125e-01
9.596040395960403480e-01,1.198649406433105469e-02
9.686031396860314002e-01,1.546401476860046387e+01
9.423408508300781250e-01,2.476930618286132812e-03
9.628553152197101284e-01,4.192829132080078125e-03
9.672929169897381829e-01,4.019975662231445312e-03
6.192380761923808041e-01,3.509945869445800781e-01
6.259374062593741073e-01,1.249265670776367188e-02
7.502249775022498124e-01,1.496175551414489746e+01
5.880985260009765625e-01,1.680612564086914062e-03
6.104046607521589340e-01,4.040479660034179688e-03
6.506430906904312472e-01,3.967046737670898438e-03
7.736226377362264151e-01,3.478648662567138672e-01
7.700229977002299719e-01,1.206970214843750000e-02
6.915308469153084170e-01,1.569232487678527832e+01
4.119014739990234375e-01,1.605272293090820312e-03
7.659080981283705736e-01,4.056930541992187500e-03
7.357324653052290664e-01,3.959417343139648438e-03
6.892310768923107789e-01,3.695440292358398438e-01
6.974302569743026092e-01,2.801465988159179688e-02
6.486351364863514046e-01,1.538064360618591309e+01
2.517223358154296875e-01,1.583814620971679688e-03
6.780678808312128325e-01,4.013299942016601562e-03
7.219031103438785513e-01,3.973007202148437500e-03
8.192180781921807320e-01,3.478856086730957031e-01
8.203179682031797038e-01,1.202940940856933594e-02
8.377162283771623086e-01,1.572842478752136230e+01
7.482776641845703125e-01,2.480745315551757812e-03
8.329715766356589057e-01,4.226207733154296875e-03
8.385623577321416056e-01,4.024028778076171875e-03
4.389561043895610637e-01,3.481104373931884766e-01
4.386561343865613694e-01,1.246166229248046875e-02
2.365763423657634146e-01,1.500523686408996582e+01
4.119014739990234375e-01,1.661777496337890625e-03
4.408224929727690977e-01,4.070043563842773438e-03
4.315344922609614109e-01,3.989458084106445312e-03
6.316368363163683552e-01,3.480682373046875000e-01
6.364363563643635757e-01,1.209521293640136719e-02
7.337266273372662351e-01,1.564342355728149414e+01
4.119014739990234375e-01,1.641988754272460938e-03
5.795143555484583153e-01,4.052877426147460938e-03
6.577620573202185295e-01,1.198625564575195312e-02
4.119588041195880179e-01,3.990988731384277344e-01
4.123587641235876289e-01,1.210832595825195312e-02
4.360563943605639259e-01,1.702811264991760254e+01
5.880985260009765625e-01,1.573562622070312500e-03
3.581157961716752158e-01,4.024028778076171875e-03
3.360316019545385169e-01,3.970384597778320312e-03
7.754224577542245811e-01,3.484826087951660156e-01
7.738226177382261373e-01,1.202654838562011719e-02
8.031196880311969322e-01,1.496000266075134277e+01
9.423408508300781250e-01,2.468585968017578125e-03
7.575786654329239589e-01,4.204273223876953125e-03
7.438721091621767201e-01,4.011869430541992188e-03
3.249675032496750493e-01,3.463561534881591797e-01
3.197680231976802179e-01,1.248788833618164062e-02
8.309169083091691443e-02,1.568153595924377441e+01
7.482776641845703125e-01,1.765966415405273438e-03
4.361728577263825346e-01,4.075527191162109375e-03
3.328704133336260473e-01,4.011869430541992188e-03
2.595740425957404063e-01,3.481888771057128906e-01
2.645735426457354045e-01,1.212000846862792969e-02
1.182881711828817073e-01,1.642824196815490723e+01
4.119014739990234375e-01,1.700162887573242188e-03
2.783805041002433978e-01,4.088163375854492188e-03
2.338513726186982056e-01,3.985881805419921875e-03
7.463253674632536194e-01,3.461699485778808594e-01
7.432256774322567594e-01,1.206421852111816406e-02
7.251274872512748493e-01,1.505918836593627930e+01
9.423408508300781250e-01,1.730918884277343750e-03
7.595464867122123653e-01,4.045486450195312500e-03
7.615491129477911514e-01,3.986835479736328125e-03
8.360163983601639481e-01,3.466453552246093750e-01
8.218178182181782310e-01,1.209330558776855469e-02
3.978602139786021619e-01,1.541704487800598145e+01
9.423408508300781250e-01,2.499341964721679688e-03
8.191929682811462943e-01,4.200696945190429688e-03
8.042911423797004522e-01,4.012823104858398438e-03
3.705629437056294218e-01,3.465251922607421875e-01
3.934606539346065524e-01,1.250982284545898438e-02
2.989701029897010032e-01,1.547611689567565918e+01
5.765914916992187500e-02,1.697778701782226562e-03
3.737533868585471986e-01,4.055023193359375000e-03
2.976056552886373607e-01,3.980636596679687500e-03
1.480851914808519187e-01,3.464829921722412109e-01
1.456854314568543085e-01,1.208257675170898438e-02
2.591740825917408508e-01,1.554436850547790527e+01
5.880985260009765625e-01,1.585006713867187500e-03
2.657253377615090284e-01,4.048109054565429688e-03
1.255269453224905352e-01,3.986358642578125000e-03
4.134586541345865451e-01,3.466572761535644531e-01
3.934606539346065524e-01,1.200509071350097656e-02
4.353564643535646206e-01,1.528800177574157715e+01
4.119014739990234375e-01,1.589298248291015625e-03
4.025740895646445772e-01,4.003286361694335938e-03
3.929678747670709016e-01,3.997087478637695312e-03
7.818218178182181344e-01,3.495311737060546875e-01
7.826217378262173563e-01,1.198077201843261719e-02
8.945105489451055103e-01,1.556387925148010254e+01
8.684120178222656250e-01,2.474308013916015625e-03
7.259645011561625116e-01,4.175424575805664062e-03
7.853993172710499460e-01,3.978967666625976562e-03
2.835716428357164531e-01,3.459379673004150391e-01
2.969703029697030039e-01,1.249170303344726562e-02
2.516748325167483258e-01,1.548893308639526367e+01
5.880985260009765625e-01,1.583099365234375000e-03
3.304411870333319179e-01,4.021167755126953125e-03
2.771125032849273140e-01,3.979921340942382812e-03
9.017098290170982855e-01,3.443994522094726562e-01
9.039096090390961180e-01,1.199388504028320312e-02
8.648135186481351599e-01,1.545001220703125000e+01
5.880985260009765625e-01,1.565694808959960938e-03
8.756367358681423907e-01,4.005432128906250000e-03
9.068094292832722392e-01,3.966808319091796875e-03
7.640235976402359741e-01,3.711576461791992188e-01
7.585241475852414483e-01,1.197886466979980469e-02
8.802119788021197655e-01,1.542063927650451660e+01
2.517223358154296875e-01,2.442121505737304688e-03
7.339171802364192754e-01,4.187107086181640625e-03
8.518014881100693936e-01,3.998994827270507812e-03
8.784121587841215995e-01,3.495917320251464844e-01
8.761123887611238503e-01,1.245880126953125000e-02
9.491050894910508795e-01,1.568797421455383301e+01
8.684120178222656250e-01,1.609325408935546875e-03
8.795979655623835658e-01,4.035949707031250000e-03
8.733982098628151336e-01,3.994464874267578125e-03
9.835016498350165337e-01,3.497745990753173828e-01
9.805019498050194793e-01,1.203584671020507812e-02
9.679032096790320949e-01,1.565309977531433105e+01
9.423408508300781250e-01,1.667499542236328125e-03
9.399641361260258066e-01,4.061460494995117188e-03
9.788517753223958673e-01,3.967523574829101562e-03
5.812418758124187068e-01,3.918967247009277344e-01
5.847415258474152333e-01,1.225876808166503906e-02
4.801519848015198266e-01,1.553809428215026855e+01
5.880985260009765625e-01,1.595020294189453125e-03
5.688766557683556657e-01,4.030942916870117188e-03
5.702817019935465526e-01,3.994226455688476562e-03
6.076392360763923639e-01,3.479757308959960938e-01
5.932406759324068135e-01,1.206183433532714844e-02
5.216478352164783949e-01,1.520272517204284668e+01
4.119014739990234375e-01,2.488136291503906250e-03
5.766563618866801244e-01,4.218101501464843750e-03
5.667971873970432117e-01,4.027366638183593750e-03
1.721827817218278267e-01,3.484332561492919922e-01
1.837816218378162114e-01,1.249670982360839844e-02
1.721827817218278267e-01,1.564210152626037598e+01
5.765914916992187500e-02,1.697540283203125000e-03
1.779330277447185304e-01,4.060268402099609375e-03
1.703631394818270750e-01,3.974437713623046875e-03
5.139486051394860644e-02,3.484380245208740234e-01
5.349465053494650846e-02,1.208615303039550781e-02
3.079692030796920416e-02,1.507954311370849609e+01
4.119014739990234375e-01,1.599550247192382812e-03
5.329309673720393492e-02,4.003763198852539062e-03
6.818958324108929936e-02,3.995656967163085938e-03
4.013598640135986328e-01,3.468828201293945312e-01
3.986601339866013283e-01,1.202821731567382812e-02
2.761723827617238447e-01,1.580279827117919922e+01
8.684120178222656250e-01,1.607656478881835938e-03
4.930601233047446352e-01,4.013776779174804688e-03
3.955492965941088679e-01,3.987550735473632812e-03
8.029197080291970989e-01,3.482801914215087891e-01
8.049195080491950982e-01,1.200675964355468750e-02
7.089291070892910218e-01,1.580551624298095703e+01
2.517223358154296875e-01,2.497911453247070312e-03
7.402705699871886535e-01,4.210710525512695312e-03
8.318296032167802334e-01,4.034042358398437500e-03
4.585541445855414455e-01,3.478326797485351562e-01
4.695530446955304416e-01,1.249074935913085938e-02
5.661433856614338511e-01,1.507788515090942383e+01
2.517223358154296875e-01,1.731634140014648438e-03
4.810311136189138748e-01,4.108190536499023438e-03
4.741747000096812603e-01,4.040002822875976562e-03
4.169583041695830439e-02,3.489501476287841797e-01
5.099490050994900242e-02,1.212978363037109375e-02
7.889211078892111040e-02,1.500980019569396973e+01
5.765914916992187500e-02,1.674175262451171875e-03
1.570433708486098090e-01,4.064798355102539062e-03
8.263686303667033828e-02,4.007101058959960938e-03
2.362763723627637202e-01,3.470606803894042969e-01
2.315768423157684164e-01,1.211714744567871094e-02
2.903709629037096174e-01,1.586610174179077148e+01
5.765914916992187500e-02,1.714706420898437500e-03
2.669502089061931427e-01,4.060983657836914062e-03
2.028091523795518270e-01,4.007577896118164062e-03
9.671032896710328730e-01,3.556292057037353516e-01
9.714028597140286214e-01,2.008485794067382812e-02
9.066093390660934226e-01,1.601125478744506836e+01
2.517223358154296875e-01,2.490758895874023438e-03
9.622366774146702273e-01,4.225730895996093750e-03
9.438084882266566389e-01,4.014730453491210938e-03
5.583441655834416872e-01,3.473870754241943359e-01
5.599440055994400200e-01,1.256012916564941406e-02
5.753424657534246256e-01,1.610379338264465332e+01
5.880985260009765625e-01,1.682043075561523438e-03
5.871885088929680308e-01,4.065990447998046875e-03
5.514519050486926810e-01,3.987312316894531250e-03
5.869413058694130658e-01,3.480825424194335938e-01
5.779422057794220136e-01,1.208734512329101562e-02
4.285571442855714563e-01,1.544266104698181152e+01
8.684120178222656250e-01,1.610994338989257812e-03
5.302860017670235626e-01,4.047393798828125000e-03
5.883077214778891229e-01,4.019498825073242188e-03
7.357264273572642344e-01,3.576250076293945312e-01
7.261273872612739044e-01,1.204514503479003906e-02
4.355564443555644538e-01,1.530201864242553711e+01
4.119014739990234375e-01,1.581907272338867188e-03
6.675367149083322182e-01,4.027843475341796875e-03
6.735624435439826474e-01,3.979444503784179688e-03
1.440855914408559202e-01,3.466920852661132812e-01
1.417858214178582266e-01,1.198482513427734375e-02
3.855614438556144163e-01,1.496596813201904297e+01
5.880985260009765625e-01,2.567052841186523438e-03
1.645667994525980005e-01,4.252672195434570312e-03
1.414694576298520245e-01,4.029273986816406250e-03
2.792720727927207047e-01,3.529243469238281250e-01
2.723727627237276239e-01,1.256060600280761719e-02
1.563843615638436102e-01,1.536417460441589355e+01
7.482776641845703125e-01,1.679897308349609375e-03
2.754321983529738338e-01,4.088401794433593750e-03
2.605649263727163878e-01,3.990888595581054688e-03
3.859614038596140273e-01,3.465940952301025391e-01
3.653634636536346458e-01,1.208925247192382812e-02
6.677332266773322589e-01,1.498250055313110352e+01
9.423408508300781250e-01,1.610279083251953125e-03
4.463469036233305154e-01,4.007339477539062500e-03
3.093106815776093255e-01,3.963232040405273438e-03
1.321867813218678134e-01,5.466458797454833984e-01
1.390860913908609220e-01,1.204466819763183594e-02
8.989101089891010643e-02,1.548820614814758301e+01
2.517223358154296875e-01,1.604795455932617188e-03
3.595052966160564578e-01,4.024028778076171875e-03
1.366495320352036358e-01,4.002094268798828125e-03
7.643235676432357240e-01,3.467690944671630859e-01
7.728227177282271931e-01,1.201891899108886719e-02
8.142185781421857893e-01,1.534962105751037598e+01
4.119014739990234375e-01,2.570867538452148438e-03
6.668658426405373874e-01,4.218578338623046875e-03
7.526923887184511219e-01,4.004716873168945312e-03
4.323567643235676217e-01,3.491241931915283203e-01
4.434556544345565343e-01,1.257157325744628906e-02
7.761223877612238864e-01,1.473271226882934570e+01
7.482776641845703125e-01,1.614809036254882812e-03
4.548544093267031796e-01,4.037857055664062500e-03
4.580819298936265049e-01,4.020690917968750000e-03
3.558644135586441215e-01,4.513432979583740234e-01
3.785621437856214189e-01,1.202178001403808594e-02
4.130586941305869342e-01,1.471160602569580078e+01
1.315879821777343750e-01,1.608848571777343750e-03
3.825886173895855502e-01,4.038333892822265625e-03
3.088180100849291509e-01,3.994464874267578125e-03
5.294470552944705588e-01,3.469386100769042969e-01
5.312468753124687249e-01,1.198840141296386719e-02
6.459354064593541001e-01,1.568927669525146484e+01
4.119014739990234375e-01,1.758098602294921875e-03
5.216249811420822224e-01,4.088163375854492188e-03
4.691776907202026559e-01,3.985643386840820312e-03
4.207579242075792370e-01,3.482642173767089844e-01
4.222577742225777642e-01,1.217722892761230469e-02
6.355364463553644372e-01,1.622260665893554688e+01
9.423408508300781250e-01,2.632856369018554688e-03
4.484185505149265172e-01,4.251718521118164062e-03
3.982221528100988173e-01,4.015922546386718750e-03
2.775722427757224553e-01,4.052402973175048828e-01
2.669733026697330147e-01,1.258945465087890625e-02
5.846415358464153167e-01,1.524843049049377441e+01
4.119014739990234375e-01,1.740455627441406250e-03
3.640591791070405536e-01,4.110813140869140625e-03
1.933111618432953871e-01,3.991127014160156250e-03
6.243375662433756634e-01,3.473229408264160156e-01
6.251374862513748853e-01,1.209092140197753906e-02
6.631336866313368716e-01,1.542355036735534668e+01
5.880985260009765625e-01,1.707077026367187500e-03
6.360690439215700431e-01,4.051685333251953125e-03
5.888889047775538454e-01,3.984451293945312500e-03
1.495850414958504182e-01,3.474879264831542969e-01
1.544845515448455275e-01,1.209950447082519531e-02
3.827617238276172507e-01,1.565578532218933105e+01
5.880985260009765625e-01,1.719236373901367188e-03
3.641748554389751535e-01,4.086732864379882812e-03
1.341513695682202689e-01,4.006624221801757812e-03
9.767023297670233140e-01,6.396417617797851562e-01
9.739026097390260928e-01,2.010583877563476562e-02
9.696030396960303444e-01,1.581952643394470215e+01
8.684120178222656250e-01,2.656221389770507812e-03
9.713307370157666654e-01,4.269838333129882812e-03
9.673746556940623353e-01,4.020214080810546875e-03
5.748425157484251535e-01,3.484959602355957031e-01
5.810418958104189846e-01,1.263356208801269531e-02
4.937506249375062661e-01,1.610513544082641602e+01
4.119014739990234375e-01,1.749515533447265625e-03
5.608126808639116723e-01,4.084348678588867188e-03
5.437922328402173822e-01,4.005193710327148438e-03
7.056294370562943286e-01,3.499810695648193359e-01
7.059294070592940784e-01,1.209926605224609375e-02
6.559344065593440964e-01,1.564489555358886719e+01
4.119014739990234375e-01,1.725196838378906250e-03
5.578358398968596976e-01,4.115104675292968750e-03
6.052487298137342320e-01,4.028081893920898438e-03
9.624037596240375692e-01,3.494369983673095703e-01
9.561043895610439325e-01,1.214313507080078125e-02
9.493050694930507127e-01,1.571728825569152832e+01
9.793052673339843750e-01,1.718044281005859375e-03
8.380336503935276182e-01,4.114151000976562500e-03
9.528102614000141246e-01,4.048585891723632812e-03
6.320367963203679107e-01,3.477029800415039062e-01
1.000000000000000000e+00,1.210355758666992188e-02
7.405259474052594548e-01,1.577054381370544434e+01
7.482776641845703125e-01,2.672195434570312500e-03
5.000049254958555123e-01,4.232645034790039062e-03
6.103604699383654575e-01,4.066228866577148438e-03
1.315868413158684247e-01,3.609323501586914062e-01
1.401859814018598105e-01,1.261687278747558594e-02
2.895710428957104510e-01,1.559916257858276367e+01
1.315879821777343750e-01,1.729011535644531250e-03
3.301694905239245803e-01,4.074573516845703125e-03
9.869119347459354152e-02,4.004955291748046875e-03
6.247375262473752189e-01,3.480200767517089844e-01
6.332366763323667991e-01,1.213574409484863281e-02
4.908509149085091283e-01,1.527848768234252930e+01
5.880985260009765625e-01,1.700878143310546875e-03
5.650784165245554824e-01,4.051685333251953125e-03
5.829696738966353431e-01,4.012346267700195312e-03
1.792820717928207130e-01,3.463656902313232422e-01
1.838816118388161280e-01,1.210474967956542969e-02
1.091890810918908078e-01,1.537561249732971191e+01
2.517223358154296875e-01,1.701354980468750000e-03
1.834352902469026936e-01,4.055738449096679688e-03
1.847164237753982086e-01,4.024744033813476562e-03
7.111288871112888543e-01,3.471632003784179688e-01
6.988301169883012198e-01,1.210904121398925781e-02
5.255474452554744769e-01,1.530727553367614746e+01
9.423408508300781250e-01,2.482175827026367188e-03
7.250790101089438222e-01,4.213094711303710938e-03
6.902081876488953549e-01,4.012584686279296875e-03
1.549845015498450135e-02,3.466928005218505859e-01
1.979802019798020118e-02,1.253986358642578125e-02
1.869813018698130228e-02,1.590554881095886230e+01
1.315879821777343750e-01,1.616716384887695312e-03
3.254185995253009583e-02,4.019260406494140625e-03
2.586371986266791656e-02,3.986835479736328125e-03
7.490250974902509240e-01,3.477406501770019531e-01
7.574242575742425876e-01,1.205587387084960938e-02
9.329067093290670520e-01,1.682325768470764160e+01
7.482776641845703125e-01,1.614570617675781250e-03
6.847292409481098296e-01,4.002332687377929688e-03
6.921720134898063925e-01,3.986835479736328125e-03
3.081691830816918332e-01,5.025393962860107422e-01
3.053694630536946120e-01,1.198840141296386719e-02
1.138886111388861117e-01,1.551884603500366211e+01
4.119014739990234375e-01,1.620769500732421875e-03
3.198879661646879535e-01,4.019260406494140625e-03
3.157541795921826600e-01,1.199746131896972656e-02
8.281171882811718676e-01,4.795508384704589844e-01
8.222177782221777864e-01,1.204347610473632812e-02
8.106189381061893462e-01,1.485969257354736328e+01
7.482776641845703125e-01,2.511978149414062500e-03
7.985180081205585090e-01,4.203557968139648438e-03
8.155368592051133181e-01,4.022121429443359375e-03
9.548045195480452385e-01,3.462369441986083984e-01
9.544045595440455720e-01,1.251101493835449219e-02
9.426057394260574096e-01,1.532491207122802734e+01
9.423408508300781250e-01,1.655340194702148438e-03
9.000689433026825004e-01,4.056930541992187500e-03
9.553957001573147867e-01,3.988265991210937500e-03
3.555644435556444272e-01,3.476901054382324219e-01
3.652634736526347292e-01,1.206445693969726562e-02
4.948505149485051269e-01,1.554653811454772949e+01
7.482776641845703125e-01,1.745223999023437500e-03
4.631562709986883353e-01,4.061698913574218750e-03
4.084740640730861183e-01,4.026889801025390625e-03
7.757224277572243309e-01,3.487751483917236328e-01
7.731226877312268320e-01,1.214647293090820312e-02
6.392360763923607969e-01,1.615662002563476562e+01
8.684120178222656250e-01,1.673460006713867188e-03
7.515533324163996554e-01,4.063367843627929688e-03
7.751072475595857103e-01,3.986835479736328125e-03
4.270572942705729291e-01,4.653058052062988281e-01
4.352564743525647595e-01,1.212358474731445312e-02
4.610538946105389724e-01,1.516723632812500000e+01
4.119014739990234375e-01,2.570867538452148438e-03
4.454509543140155459e-01,4.225969314575195312e-03
4.475558279351288804e-01,4.021883010864257812e-03
6.698330166983301748e-01,3.484964370727539062e-01
6.818318168183181704e-01,1.258659362792968750e-02
7.337266273372662351e-01,1.552474927902221680e+01
5.880985260009765625e-01,1.607656478881835938e-03
6.197534895878413774e-01,4.029273986816406250e-03
6.988457306388028423e-01,3.978252410888671875e-03
5.517448255174483007e-01,3.474802970886230469e-01
5.375462453754624725e-01,1.203274726867675781e-02
5.495450454954504682e-01,1.534084320068359375e+01
5.880985260009765625e-01,1.692056655883789062e-03
4.953001484340709970e-01,4.068136215209960938e-03
5.941558842162738552e-01,3.996610641479492188e-03
3.948605139486051629e-01,3.455471992492675781e-01
4.162583741625837663e-01,1.210117340087890625e-02
3.409659034096590435e-01,1.556578326225280762e+01
2.517223358154296875e-01,1.732587814331054688e-03
4.756699442964236746e-01,4.049539566040039062e-03
4.294190686246574518e-01,3.992795944213867188e-03
5.743425657434256815e-01,3.482549190521240234e-01
5.630436956304369911e-01,1.207208633422851562e-02
6.374362563743625198e-01,1.534322714805603027e+01
5.880985260009765625e-01,2.590894699096679688e-03
5.313941656713792039e-01,4.268884658813476562e-03
5.189443298461541287e-01,4.046201705932617188e-03
8.664133586641336038e-01,3.548746109008789062e-01
8.643135686431356879e-01,1.256585121154785156e-02
6.612338766123387890e-01,1.513600540161132812e+01
8.684120178222656250e-01,1.740217208862304688e-03
8.253326573164350144e-01,4.112482070922851562e-03
8.401933278244044789e-01,3.992795944213867188e-03
6.981301869813019145e-01,3.475003242492675781e-01
7.035296470352965237e-01,1.212739944458007812e-02
8.290170982901710062e-01,1.439636588096618652e+01
4.119014739990234375e-01,1.667737960815429688e-03
6.809535522508859406e-01,4.044294357299804688e-03
7.451460810228552889e-01,4.010915756225585938e-03
6.387361263873612138e-01,4.020006656646728516e-01
6.461353864613538223e-01,1.227474212646484375e-02
9.535046495350465445e-01,1.563996410369873047e+01
7.482776641845703125e-01,1.604557037353515625e-03
5.638575353452563999e-01,4.010438919067382812e-03
6.013492621160796414e-01,3.970623016357421875e-03
7.908209179082091866e-01,4.104871749877929688e-01
7.941205879412058799e-01,1.221203804016113281e-02
9.074092590740926445e-01,1.575462961196899414e+01
4.119014739990234375e-01,2.537012100219726562e-03
7.783753309642718055e-01,4.203557968139648438e-03
7.962883184182707463e-01,4.042148590087890625e-03
9.282071792820717482e-01,3.461723327636718750e-01
9.218078192180781949e-01,1.250243186950683594e-02
9.645035496450354850e-01,1.469346833229064941e+01
9.423408508300781250e-01,1.629114151000976562e-03
7.651017057340674388e-01,4.057645797729492188e-03
9.320216037133266518e-01,3.987312316894531250e-03
5.263473652634736988e-01,3.719198703765869141e-01
5.109489051094890932e-01,2.009749412536621094e-02
3.528647135286471226e-01,1.657432222366333008e+01
5.880985260009765625e-01,1.709222793579101562e-03
4.899734095017140856e-01,4.038810729980468750e-03
4.758170853004017875e-01,3.991127014160156250e-03
2.241775822417758357e-01,5.334997177124023438e-01
2.292770722927707228e-01,1.208209991455078125e-02
1.671832816718328285e-01,1.574769854545593262e+01
5.765914916992187500e-02,1.688480377197265625e-03
2.254646656504563640e-01,4.059314727783203125e-03
1.881960803270907867e-01,4.004240036010742188e-03
1.920807919208079306e-01,3.483321666717529297e-01
2.034796520347965099e-01,1.209139823913574219e-02
2.317768223177682219e-01,1.560171365737915039e+01
5.765914916992187500e-02,2.485036849975585938e-03
2.404081647041114711e-01,4.227399826049804688e-03
1.759832594569057385e-01,4.018545150756835938e-03
6.566343365663434017e-01,4.120945930480957031e-01
6.527347265273473198e-01,1.246857643127441406e-02
8.187181281871812599e-01,1.556453895568847656e+01
7.482776641845703125e-01,1.599788665771484375e-03
5.740687728825796254e-01,4.009723663330078125e-03
6.251134685982615569e-01,3.959894180297851562e-03
4.008599140085991608e-01,3.465235233306884766e-01
4.168583141685831550e-01,1.202297210693359375e-02
5.440455954404559424e-01,1.545785236358642578e+01
5.765914916992187500e-02,1.730203628540039062e-03
4.412730570232356042e-01,4.079341888427734375e-03
4.373094947232675778e-01,3.987789154052734375e-03
3.621637836216378137e-01,3.484625816345214844e-01
3.798620137986201128e-01,1.211166381835937500e-02
3.986601339866013283e-01,1.557977724075317383e+01
7.482776641845703125e-01,1.612186431884765625e-03
3.735747915976275202e-01,4.033803939819335938e-03
3.582345620578665235e-01,3.973960876464843750e-03
6.047395260473952261e-01,3.489928245544433594e-01
6.022397760223977548e-01,1.204848289489746094e-02
6.561343865613438187e-01,1.462488746643066406e+01
5.880985260009765625e-01,2.479314804077148438e-03
5.681728214208201511e-01,4.217624664306640625e-03
6.235632112750674194e-01,4.043340682983398438e-03
6.317368263173682719e-01,3.490912914276123047e-01
6.404359564043595743e-01,1.250410079956054688e-02
8.658134186581342151e-01,1.518893551826477051e+01
4.119014739990234375e-01,1.745462417602539062e-03
5.657129169017494075e-01,4.092693328857421875e-03
6.918982169680109040e-01,4.003763198852539062e-03
7.953204679532046573e-01,3.641085624694824219e-01
7.961203879612038792e-01,1.216983795166015625e-02
8.251174882511749242e-01,1.503521776199340820e+01
5.880985260009765625e-01,1.705646514892578125e-03
7.095138918299594977e-01,4.043102264404296875e-03
8.343334927967132053e-01,3.973484039306640625e-03
5.369463053694630839e-01,3.452539443969726562e-01
5.341465853414658627e-01,1.207399368286132812e-02
5.464453554644536082e-01,1.552121043205261230e+01
4.119014739990234375e-01,1.662015914916992188e-03
4.707911155287632377e-01,4.036188125610351562e-03
5.089907542589571232e-01,3.987550735473632812e-03
2.875712428757124517e-01,3.484029769897460938e-01
3.001699830016998360e-01,1.207327842712402344e-02
2.636736326367363215e-01,1.531529712677001953e+01
1.315879821777343750e-01,2.549171447753906250e-03
3.047700288415541303e-01,4.216909408569335938e-03
3.272587677750392610e-01,4.030942916870117188e-03
3.357664233576642121e-01,3.463568687438964844e-01
3.409659034096590435e-01,1.254796981811523438e-02
3.751624837516248645e-01,1.531817030906677246e+01
5.880985260009765625e-01,1.627922058105468750e-03
4.017465522633282826e-01,4.026412963867187500e-03
3.668824420125143537e-01,3.990173339843750000e-03
4.676532346765323589e-01,3.485229015350341797e-01
4.693530646935306638e-01,1.227307319641113281e-02
5.132486751324867313e-01,1.556157040596008301e+01
4.119014739990234375e-01,1.738548278808593750e-03
4.640794311109456283e-01,4.081964492797851562e-03
4.855545777398174168e-01,4.006624221801757812e-03
2.082791720827917303e-01,3.476395606994628906e-01
2.140785921407859227e-01,1.208472251892089844e-02
1.765823417658234085e-01,1.599565196037292480e+01
5.765914916992187500e-02,1.738309860229492188e-03
2.635771692683152034e-01,4.075527191162109375e-03
2.052114742664189473e-01,4.003047943115234375e-03
8.019198080191980438e-01,3.492479324340820312e-01
7.880211978802119654e-01,1.208972930908203125e-02
8.076192380761924028e-01,1.520420002937316895e+01
9.793052673339843750e-01,2.645492553710937500e-03
7.476705713227813632e-01,4.232645034790039062e-03
7.725301786032487961e-01,4.028081893920898438e-03
2.059794020597940228e-02,3.478188514709472656e-01
2.199780021997800247e-02,1.259922981262207031e-02
1.729827017298270209e-02,1.544574499130249023e+01
5.765914916992187500e-02,1.746177673339843750e-03
2.652845405406979717e-02,4.074096679687500000e-03
2.280261929421526640e-02,4.005193710327148438e-03
9.990000999900009448e-01,3.470871448516845703e-01
9.986001399860013894e-01,1.214551925659179688e-02
9.969003099690031400e-01,1.556068468093872070e+01
9.423408508300781250e-01,1.699924468994140625e-03
9.540420810647485261e-01,4.063606262207031250e-03
9.993084504897445930e-01,4.010438919067382812e-03
7.678232176782321394e-01,3.462181091308593750e-01
7.519248075192480618e-01,1.211524009704589844e-02
7.600239976002399755e-01,1.537568926811218262e+01
2.517223358154296875e-01,1.605272293090820312e-03
8.007530356077471323e-01,4.052162170410156250e-03
6.962000904943390633e-01,3.974914550781250000e-03
6.919308069193080835e-01,3.499429225921630859e-01
6.956304369563043322e-01,1.204228401184082031e-02
7.107289271072892989e-01,1.567536878585815430e+01
5.880985260009765625e-01,2.454757690429687500e-03
6.570960969592727352e-01,4.529714584350585938e-03
6.826461795983290726e-01,8.075237274169921875e-03
4.853514648535146581e-01,4.527149200439453125e-01
4.765523447655234390e-01,1.252698898315429688e-02
4.161583841615838497e-01,1.573872232437133789e+01
5.880985260009765625e-01,1.721620559692382812e-03
5.180330651797366848e-01,4.061460494995117188e-03
4.646867436138265028e-01,3.991365432739257812e-03
3.730626937306269486e-01,3.477265834808349609e-01
4.012598740125987162e-01,1.211929321289062500e-02
4.199580041995800150e-01,1.559144973754882812e+01
1.315879821777343750e-01,1.634359359741210938e-03
4.280857528677292079e-01,4.019975662231445312e-03
3.994236409198200222e-01,3.972530364990234375e-03
3.922607739226077195e-01,3.468892574310302734e-01
3.961603839616038569e-01,1.206350326538085938e-02
4.080591940805919360e-01,1.587630009651184082e+01
2.517223358154296875e-01,1.595258712768554688e-03
4.746397344772416704e-01,4.024744033813476562e-03
4.354030201152870871e-01,3.959655761718750000e-03
9.844015598440155612e-01,3.473858833312988281e-01
9.814018598140186178e-01,1.203203201293945312e-02
9.751024897510248701e-01,1.450127840042114258e+01
9.423408508300781250e-01,2.504825592041015625e-03
9.699829518729635724e-01,4.201889038085937500e-03
9.954792252629198757e-01,3.985404968261718750e-03
3.942605739426057188e-01,3.706007003784179688e-01
4.077592240775922416e-01,1.250648498535156250e-02
3.970602939706029400e-01,1.455609059333801270e+01
4.119014739990234375e-01,1.721143722534179688e-03
4.489646412518277230e-01,4.079103469848632812e-03
3.498918023712775383e-01,4.003763198852539062e-03
7.875212478752124934e-01,4.969851970672607422e-01
7.780221977802219691e-01,2.824711799621582031e-02
8.448155184481551672e-01,1.590095567703247070e+01
5.880985260009765625e-01,1.687049865722656250e-03
6.041947100530147274e-01,4.031419754028320312e-03
7.777263999358876578e-01,3.990888595581054688e-03
3.786621337866213355e-01,4.382402896881103516e-01
3.849615038496150277e-01,1.212620735168457031e-02
4.425557444255574513e-01,1.572900772094726562e+01
7.482776641845703125e-01,1.590013504028320312e-03
4.621739477994947776e-01,4.025936126708984375e-03
3.837185268522191883e-01,4.010677337646484375e-03
1.790820917908209076e-01,4.131319522857666016e-01
1.971802819718028177e-01,1.203775405883789062e-02
2.351764823517648317e-01,1.543390321731567383e+01
1.315879821777343750e-01,2.644300460815429688e-03
1.904163367841429366e-01,4.256486892700195312e-03
2.262289395250734469e-01,4.012584686279296875e-03
3.225677432256774391e-01,3.473424911499023438e-01
3.258674132586741323e-01,1.259207725524902344e-02
3.065693430656934448e-01,1.520588946342468262e+01
4.119014739990234375e-01,1.736879348754882812e-03
4.262730814261929124e-01,4.051923751831054688e-03
3.425838333014262771e-01,3.999948501586914062e-03
3.737626237376262539e-01,3.482680320739746094e-01
3.695630436956304221e-01,1.213169097900390625e-02
3.581641835816418151e-01,1.550990104675292969e+01
8.684120178222656250e-01,1.619815826416015625e-03
4.178865545663799641e-01,4.019975662231445312e-03
2.918973809366893213e-01,3.999948501586914062e-03
3.935606439356064135e-01,3.448224067687988281e-01
3.866613338666133326e-01,1.206088066101074219e-02
1.885811418858114319e-01,1.551839494705200195e+01
1.315879821777343750e-01,1.580953598022460938e-03
3.889752264007526050e-01,4.056453704833984375e-03
3.755384941012149258e-01,3.981113433837890625e-03
6.146385361463854169e-01,3.493947982788085938e-01
6.203379662033796649e-01,1.203632354736328125e-02
4.562543745625437519e-01,1.503548049926757812e+01
5.880985260009765625e-01,2.551078796386718750e-03
6.241092102914551631e-01,4.201412200927734375e-03
5.958886359720124704e-01,4.019498825073242188e-03
7.673232676732326674e-01,3.545942306518554688e-01
7.706229377062293606e-01,1.260399818420410156e-02
7.715228477152284992e-01,1.569392156600952148e+01
2.517223358154296875e-01,1.758098602294921875e-03
7.728358122385734497e-01,4.086017608642578125e-03
7.333582587173854694e-01,3.977775573730468750e-03
3.632636736326367299e-01,3.477325439453125000e-01
3.724627537246275599e-01,1.213955879211425781e-02
4.072592740725927141e-01,1.533846998214721680e+01
1.315879821777343750e-01,1.659393310546875000e-03
3.035644171548966819e-01,4.045963287353515625e-03
3.192233515485016770e-01,3.992319107055664062e-03
7.462253774622538138e-01,3.456146717071533203e-01
7.283271672832716259e-01,1.208758354187011719e-02
7.355264473552645121e-01,1.532650399208068848e+01
9.423408508300781250e-01,2.578735351562500000e-03
6.905992617663139210e-01,4.257678985595703125e-03
7.371602586749483876e-01,4.036903381347656250e-03
5.160483951604839525e-01,3.481082916259765625e-01
5.135486451354864812e-01,1.255965232849121094e-02
6.530346965303469586e-01,1.538886594772338867e+01
5.880985260009765625e-01,1.671552658081054688e-03
4.548849426231551529e-01,4.048585891723632812e-03
5.112311876091714113e-01,3.977298736572265625e-03
4.689531046895310529e-01,3.475368022918701172e-01
4.477552244775522272e-01,1.208829879760742188e-02
5.745425457454254037e-01,1.552931380271911621e+01
7.482776641845703125e-01,1.591920852661132812e-03
5.021117914731932919e-01,4.052877426147460938e-03
4.669158206618833629e-01,4.014253616333007812e-03
6.099390060993900575e-03,3.460385799407958984e-01
7.499250074992500764e-03,1.204371452331542969e-02
9.099090090990901228e-03,1.533348870277404785e+01
5.765914916992187500e-02,1.575231552124023438e-03
1.342439730456352898e-01,3.998994827270507812e-03
4.946575189760184926e-03,3.992080688476562500e-03
4.977502249775022647e-01,3.476724624633789062e-01
5.104489551044895101e-01,1.200056076049804688e-02
4.894510548945105732e-01,1.480522131919860840e+01
2.517223358154296875e-01,2.441167831420898438e-03
5.414584124198394965e-01,4.529953002929687500e-03
4.596996701449703737e-01,4.011631011962890625e-03
9.560043995600440159e-01,3.531854152679443359e-01
9.527047295270473226e-01,1.255035400390625000e-02
9.549045095490450441e-01,1.530136871337890625e+01
9.423408508300781250e-01,1.671552658081054688e-03
7.761992137231878974e-01,4.049777984619140625e-03
9.581454635466061243e-01,4.000425338745117188e-03
4.026597340265973268e-01,3.478877544403076172e-01
3.923607639236076361e-01,1.208043098449707031e-02
4.265573442655734571e-01,1.616499567031860352e+01
5.880985260009765625e-01,1.693725585937500000e-03
4.622654857139282258e-01,4.058361053466796875e-03
4.785654792971890670e-01,1.200819015502929688e-02
2.103789621037896185e-01,3.547756671905517578e-01
2.366763323667633312e-01,1.209974288940429688e-02
2.094790520947905077e-01,1.504437232017517090e+01
5.765914916992187500e-02,1.593351364135742188e-03
2.673475280036383128e-01,4.011392593383789062e-03
1.792733417618180836e-01,3.962993621826171875e-03
8.479152084791521382e-01,3.478953838348388672e-01
8.444155584441556117e-01,1.201677322387695312e-02
8.382161783821617806e-01,1.476906085014343262e+01
8.684120178222656250e-01,2.470970153808593750e-03
8.220710656386935877e-01,4.210948944091796875e-03
8.584303847787655428e-01,4.004716873168945312e-03
8.045195480451954317e-01,3.490021228790283203e-01
8.046195380461953484e-01,1.252293586730957031e-02
7.704229577042295274e-01,1.501263093948364258e+01
5.880985260009765625e-01,1.679182052612304688e-03
6.971799292158280537e-01,4.042148590087890625e-03
7.983337435914290570e-01,3.976106643676757812e-03
9.979002099790020841e-01,3.481473922729492188e-01
9.983001699830017506e-01,1.210808753967285156e-02
9.983001699830017506e-01,1.490933561325073242e+01
8.684120178222656250e-01,1.626014709472656250e-03
9.926450877496336700e-01,4.027366638183593750e-03
9.978411614083374515e-01,1.212763786315917969e-02
1.693830616938306055e-01,4.941623210906982422e-01
1.696830316968303276e-01,1.233363151550292969e-02
1.722827717228277156e-01,1.528663468360900879e+01
1.315879821777343750e-01,1.587390899658203125e-03
2.420977974433944357e-01,3.988027572631835938e-03
1.507750319169725017e-01,3.968238830566406250e-03
3.434656534346565149e-01,3.492760658264160156e-01
3.549645035496450385e-01,1.202917098999023438e-02
4.670532946705329702e-01,1.459886193275451660e+01
5.765914916992187500e-02,2.615690231323242188e-03
4.072189447207545943e-01,4.250288009643554688e-03
3.283111525625399540e-01,4.025220870971679688e-03
3.209679032096790507e-01,3.488779067993164062e-01
3.402659734026597382e-01,1.257705688476562500e-02
3.669633036696330342e-01,1.597079634666442871e+01
5.765914916992187500e-02,1.716613769531250000e-03
3.383135793620982712e-01,1.206994056701660156e-02
3.707938747906832644e-01,3.998756408691406250e-03
8.709129087091290744e-01,4.940493106842041016e-01
8.688131186881311585e-01,1.213955879211425781e-02
8.155184481551844833e-01,1.611425709724426270e+01
4.119014739990234375e-01,1.689910888671875000e-03
8.318226061013980210e-01,4.179477691650390625e-03
8.469961679998367909e-01,4.010677337646484375e-03
5.240475952404759497e-01,3.467073440551757812e-01
5.217478252174782005e-01,1.208591461181640625e-02
4.411558844115588407e-01,1.511889219284057617e+01
8.684120178222656250e-01,1.587867736816406250e-03
5.481150861360324367e-01,4.023313522338867188e-03
5.082084555798175307e-01,3.995180130004882812e-03
6.105389461053895017e-01,3.467495441436767578e-01
6.104389561043895851e-01,1.198959350585937500e-02
6.105389461053895017e-01,1.513480830192565918e+01
1.315879821777343750e-01,2.465248107910156250e-03
5.658304774230611400e-01,4.187583923339843750e-03
5.882964901794038859e-01,4.016399383544921875e-03
3.695630436956304221e-01,3.474168777465820312e-01
3.795620437956204185e-01,1.249885559082031250e-02
3.830616938306169450e-01,1.544486927986145020e+01
2.517223358154296875e-01,1.746654510498046875e-03
4.009253551555965189e-01,4.073858261108398438e-03
4.030631501852401932e-01,3.992557525634765625e-03
6.630336966303369550e-01,3.461234569549560547e-01
6.621337866213378165e-01,1.214408874511718750e-02
6.790320967903209493e-01,1.547672367095947266e+01
4.119014739990234375e-01,1.706123352050781250e-03
6.499975271794375953e-01,4.052162170410156250e-03
6.861142748404190916e-01,3.989458084106445312e-03
4.319568043195680385e-02,3.491322994232177734e-01
5.919408059194080501e-02,1.212811470031738281e-02
1.288871112888711201e-01,1.560751295089721680e+01
2.069473266601562500e-02,1.710176467895507812e-03
7.666989483341338230e-02,4.060745239257812500e-03
4.089132307173982961e-02,4.015684127807617188e-03
4.013598640135986328e-01,3.481202125549316406e-01
3.958604139586041626e-01,1.208186149597167969e-02
3.956604339566043294e-01,1.576798200607299805e+01
1.315879821777343750e-01,2.509117126464843750e-03
4.664487543054205432e-01,4.230499267578125000e-03
4.418445548991672411e-01,4.036426544189453125e-03
7.854214578542145775e-01,3.752498626708984375e-01
7.802219778022198016e-01,1.280784606933593750e-02
4.972502749725027371e-01,1.629601383209228516e+01
5.880985260009765625e-01,1.684665679931640625e-03
7.394561755796129621e-01,4.071474075317382812e-03
7.927066309582933012e-01,3.995895385742187500e-03
6.129387061293870564e-01,3.478493690490722656e-01
6.105389461053895017e-01,1.211905479431152344e-02
7.443255674432556201e-01,1.641036367416381836e+01
1.315879821777343750e-01,1.617431640625000000e-03
6.714951286159805965e-01,4.027366638183593750e-03
6.018141150246731907e-01,3.999471664428710938e-03
1.652834716528347181e-01,3.478393554687500000e-01
1.648835116488351071e-01,1.203346252441406250e-02
5.609439056094390336e-02,1.578364062309265137e+01
2.517223358154296875e-01,1.623868942260742188e-03
2.188300686115687843e-01,3.993511199951171875e-03
1.720729590440778223e-01,3.981113433837890625e-03
9.033096690330967293e-01,3.469731807708740234e-01
9.063093690630936727e-01,1.198530197143554688e-02
8.089191080891910968e-01,1.471052956581115723e+01
7.482776641845703125e-01,2.608299255371093750e-03
8.765733917918550056e-01,4.248142242431640625e-03
9.028005701302944663e-01,4.020452499389648438e-03
6.761323867613239225e-01,3.484196662902832031e-01
6.778322167783221719e-01,1.259708404541015625e-02
7.395260473952605107e-01,1.588824534416198730e+01
7.482776641845703125e-01,1.646757125854492188e-03
6.586548970278067738e-01,4.029273986816406250e-03
6.863452966703148528e-01,3.973245620727539062e-03
3.184681531846815239e-01,3.487794399261474609e-01
3.317668233176682135e-01,1.208043098449707031e-02
1.658834116588341068e-01,1.586245918273925781e+01
5.880985260009765625e-01,1.630306243896484375e-03
3.715731500970923529e-01,4.039049148559570312e-03
2.860013609357204833e-01,3.992319107055664062e-03
6.804319568043195599e-01,4.077103137969970703e-01
6.749325067493250341e-01,1.204800605773925781e-02
5.245475452454754217e-01,1.564862108230590820e+01
8.684120178222656250e-01,1.604318618774414062e-03
5.874793917272232990e-01,4.022598266601562500e-03
7.046753035100075113e-01,3.986358642578125000e-03
2.991700829917008364e-01,4.617376327514648438e-01
3.065693430656934448e-01,1.202630996704101562e-02
4.270572942705729291e-01,1.600468254089355469e+01
1.315879821777343750e-01,1.050400733947753906e-02
3.413003957665164401e-01,4.268646240234375000e-03
2.768850897670959155e-01,1.205873489379882812e-02
4.263573642635736238e-01,4.542193412780761719e-01
4.103589641035896296e-01,1.253795623779296875e-02
3.248675132486751327e-01,1.569342327117919922e+01
5.880985260009765625e-01,1.684188842773437500e-03
4.173806807333649282e-01,4.054069519042968750e-03
3.877315807358203692e-01,3.993272781372070312e-03
9.805019498050194793e-01,3.601176738739013672e-01
9.826017398260173952e-01,1.208543777465820312e-02
8.521147885211478590e-01,1.589852452278137207e+01
2.517223358154296875e-01,1.612663269042968750e-03
9.566048619574624157e-01,4.034519195556640625e-03
9.870714265279754152e-01,3.985404968261718750e-03
2.514748525147485481e-01,3.486478328704833984e-01
2.562743725627437130e-01,1.207804679870605469e-02
1.741825817418258260e-01,1.615614867210388184e+01
5.765914916992187500e-02,1.732826232910156250e-03
2.804562926679686763e-01,4.063367843627929688e-03
2.465505460968525631e-01,4.006147384643554688e-03
5.466453354664533304e-01,3.477699756622314453e-01
5.587441255874412427e-01,1.207995414733886719e-02
3.471652834716528191e-01,1.577445054054260254e+01
1.315879821777343750e-01,2.506494522094726562e-03
5.198527075612454640e-01,4.238128662109375000e-03
5.692766298670677294e-01,4.020929336547851562e-03
9.345065493450654959e-01,3.477628231048583984e-01
9.266073392660734154e-01,1.255655288696289062e-02
8.735126487351264624e-01,1.486596155166625977e+01
8.684120178222656250e-01,1.607418060302734375e-03
9.076047585271015405e-01,4.050254821777343750e-03
9.427733049354544148e-01,4.001140594482421875e-03
3.359664033596640453e-01,3.481457233428955078e-01
3.405659434056594326e-01,1.204991340637207031e-02
4.090590940905909356e-01,1.570442700386047363e+01
1.315879821777343750e-01,1.585245132446289062e-03
3.558320852998112516e-01,4.002571105957031250e-03
3.249800219366106302e-01,3.992319107055664062e-03
9.100089991000900325e-01,3.477723598480224609e-01
9.007099290070993414e-01,1.200556755065917969e-02
9.474052594740526301e-01,1.496095156669616699e+01
9.423408508300781250e-01,1.722812652587890625e-03
8.701886536364820124e-01,4.054307937622070312e-03
9.137460424010239723e-01,3.959655761718750000e-03
2.136786321367863117e-01,3.481578826904296875e-01
2.410758924107589130e-01,1.346755027770996094e-02
3.178682131786821352e-01,1.550008153915405273e+01
5.765914916992187500e-02,2.638816833496093750e-03
2.021367838946635520e-01,4.262685775756835938e-03
2.152407602488340399e-01,4.032135009765625000e-03
9.624037596240375692e-01,4.047622680664062500e-01
9.538046195380461834e-01,2.853655815124511719e-02
8.761123887611238503e-01,1.557352900505065918e+01
9.940910339355468750e-01,1.761674880981445312e-03
9.399112759354399937e-01,4.101991653442382812e-03
9.405791654483263153e-01,4.007816314697265625e-03
7.119288071192880762e-02,3.482801914215087891e-01
7.079292070792921054e-02,1.213550567626953125e-02
3.079692030796920416e-02,1.534786534309387207e+01
5.765914916992187500e-02,1.602172851562500000e-03
1.775272452487504093e-01,4.003524780273437500e-03
7.869622343805565690e-02,3.998041152954101562e-03
7.562243775622438102e-01,3.444659709930419922e-01
7.590240975902409204e-01,1.204919815063476562e-02
6.478352164783521827e-01,1.593207597732543945e+01
2.517223358154296875e-01,1.703262329101562500e-03
7.704630624770296699e-01,4.078149795532226562e-03
7.595047680203645957e-01,3.988265991210937500e-03
2.789721027897210104e-01,4.079990386962890625e-01
3.011698830116988357e-01,1.230502128601074219e-02
2.005799420057994276e-01,1.525911259651184082e+01
2.069473266601562500e-02,2.466440200805664062e-03
3.269942511791533724e-01,4.183530807495117188e-03
2.877059128587563519e-01,3.989458084106445312e-03
2.192780721927807264e-01,3.801164627075195312e-01
2.322767723227677217e-01,1.279067993164062500e-02
2.380761923807619140e-01,1.555266904830932617e+01
7.482776641845703125e-01,1.605272293090820312e-03
1.925894429222916315e-01,4.000425338745117188e-03
1.968212864509024107e-01,3.980875015258789062e-03
2.998700129987001417e-01,3.988475799560546875e-01
2.841715828417158418e-01,1.203083992004394531e-02
3.489651034896510406e-01,1.550515604019165039e+01
5.880985260009765625e-01,1.590251922607421875e-03
3.257785085135586067e-01,4.007339477539062500e-03
2.460542431714297096e-01,3.964185714721679688e-03
2.383761623837616361e-01,3.480296134948730469e-01
2.342765723427657210e-01,1.201105117797851562e-02
5.359464053594640426e-02,1.568103623390197754e+01
4.119014739990234375e-01,1.678228378295898438e-03
2.699961433117312737e-01,4.033327102661132812e-03
2.339518752180348993e-01,3.988504409790039062e-03
9.482051794820517410e-01,3.633177280426025391e-01
9.427057294270573262e-01,1.205730438232421875e-02
6.260373962603739129e-01,1.477793431282043457e+01
5.880985260009765625e-01,2.581834793090820312e-03
8.833005386908776568e-01,4.243135452270507812e-03
9.749121415899874021e-01,4.047870635986328125e-03
4.523547645235476700e-01,3.730382919311523438e-01
4.397560243975602301e-01,1.281666755676269531e-02
5.650434956504349904e-01,1.653338694572448730e+01
2.517223358154296875e-01,1.621484756469726562e-03
4.115428138663032032e-01,4.027843475341796875e-03
4.356666753613057663e-01,3.986358642578125000e-03
2.898710128987101453e-01,3.469047546386718750e-01
2.935706429357064495e-01,1.205015182495117188e-02
2.996700329967003085e-01,1.551999711990356445e+01
2.517223358154296875e-01,1.603841781616210938e-03
3.672906284088043871e-01,4.035711288452148438e-03
2.539155839264268244e-01,3.981113433837890625e-03
5.967403259674032290e-01,3.482453823089599609e-01
5.856414358564143718e-01,1.206803321838378906e-02
5.190480951904810070e-01,1.524140691757202148e+01
7.482776641845703125e-01,1.679897308349609375e-03
5.565349503639038797e-01,4.029989242553710938e-03
6.434418764120015677e-01,3.975868225097656250e-03
1.766823317668233251e-01,3.470373153686523438e-01
1.763823617638236307e-01,1.205921173095703125e-02
1.997800219978002334e-01,1.524981212615966797e+01
4.119014739990234375e-01,2.505779266357421875e-03
2.324653593833871379e-01,4.221916198730468750e-03
1.988489401650637700e-01,4.016399383544921875e-03
4.742525747425257454e-01,3.476455211639404297e-01
4.553544645535446689e-01,1.252579689025878906e-02
6.632336766323367883e-01,1.530779600143432617e+01
7.482776641845703125e-01,1.603841781616210938e-03
5.156303087693230314e-01,4.027605056762695312e-03
4.484335384188117835e-01,3.952503204345703125e-03
4.305569443055694556e-01,3.467469215393066406e-01
4.249575042495750687e-01,1.204371452331542969e-02
2.969703029697030039e-01,1.549525332450866699e+01
5.880985260009765625e-01,1.744031906127929688e-03
3.855716865559281059e-01,4.095792770385742188e-03
4.558595035828315600e-01,4.034042358398437500e-03
6.979302069793020813e-01,3.507232666015625000e-01
6.814318568143186150e-01,1.215243339538574219e-02
7.010298970102989413e-01,1.550984692573547363e+01
5.880985260009765625e-01,2.554893493652343750e-03
6.776041561194328100e-01,4.252195358276367188e-03
6.598622304411277950e-01,4.031896591186523438e-03
2.169783021697830327e-01,3.487908840179443359e-01
2.078792120787921194e-01,1.261544227600097656e-02
2.782721727827217051e-01,1.472166132926940918e+01
4.119014739990234375e-01,1.605272293090820312e-03
2.291375381758880003e-01,4.053115844726562500e-03
1.940836058843865564e-01,4.001855850219726562e-03
5.268473152684731708e-01,3.478057384490966797e-01
5.373462653734626393e-01,1.207375526428222656e-02
4.187581241875812377e-01,1.596528673171997070e+01
5.880985260009765625e-01,1.600265502929687500e-03
5.640102035475266229e-01,4.032373428344726562e-03
5.642492188300864964e-01,3.997325897216796875e-03
5.743425657434256815e-01,3.483967781066894531e-01
5.934406559344065357e-01,1.199817657470703125e-02
3.880611938806119432e-01,1.549246382713317871e+01
4.119014739990234375e-01,1.703262329101562500e-03
5.905203288068857637e-01,4.071712493896484375e-03
5.763438938944910328e-01,3.994464874267578125e-03
5.670432956704329897e-01,3.495252132415771484e-01
5.679432056794320172e-01,1.209139823913574219e-02
6.296370362963703560e-01,1.593906760215759277e+01
4.119014739990234375e-01,1.052737236022949219e-02
5.906769742532362866e-01,4.277706146240234375e-03
5.118030218024668399e-01,1.202297210693359375e-02
3.767623237676232528e-01,4.684228897094726562e-01
4.024597540245975491e-01,1.258683204650878906e-02
7.894210578942105760e-01,1.642083120346069336e+01
4.119014739990234375e-01,1.739263534545898438e-03
4.342467327624432438e-01,4.081249237060546875e-03
3.548991756708560485e-01,4.000663757324218750e-03
3.646635336466353405e-01,3.483850955963134766e-01
3.715628437156284214e-01,1.211667060852050781e-02
4.492550744925507544e-01,1.577032184600830078e+01
1.315879821777343750e-01,1.624822616577148438e-03
3.503337382373755138e-01,4.049777984619140625e-03
4.030045323569649285e-01,3.978252410888671875e-03
6.217378262173782755e-01,3.495717048645019531e-01
6.251374862513748853e-01,1.210355758666992188e-02
7.897210278972103259e-01,1.571856665611267090e+01
7.482776641845703125e-01,1.693964004516601562e-03
5.796404821750740233e-01,4.060745239257812500e-03
6.252894378664826114e-01,4.022836685180664062e-03
8.750124987501249896e-01,3.481359481811523438e-01
8.777122287771222942e-01,1.205468177795410156e-02
9.880011998800120043e-01,1.534651255607604980e+01
8.684120178222656250e-01,2.575874328613281250e-03
8.265095751835114246e-01,4.224538803100585938e-03
9.188886534766480541e-01,4.021167755126953125e-03
1.102889711028897102e-01,3.481948375701904297e-01
1.204879512048795120e-01,1.257562637329101562e-02
4.866513348665133520e-01,1.631666254997253418e+01
5.880985260009765625e-01,1.621246337890625000e-03
2.375948406820440617e-01,4.047632217407226562e-03
1.083560620525584883e-01,3.979206085205078125e-03
1.515848415158484175e-01,3.480172157287597656e-01
1.631836816318368300e-01,1.203823089599609375e-02
2.818718128187181482e-01,1.583975505828857422e+01
2.517223358154296875e-01,1.602411270141601562e-03
2.249680398825472660e-01,4.025220870971679688e-03
1.394951337092453225e-01,3.993749618530273438e-03
1.629837016298370245e-02,3.477768898010253906e-01
1.939806019398060064e-02,1.201915740966796875e-02
4.349565043495650513e-02,1.555624866485595703e+01
2.069473266601562500e-02,1.664400100708007812e-03
3.063349015342770043e-01,4.087209701538085938e-03
2.452305696746777050e-02,3.993272781372070312e-03
3.120687931206879151e-01,3.484618663787841797e-01
3.150684931506849140e-01,1.203584671020507812e-02
3.618638136186381193e-01,1.489988112449645996e+01
4.119014739990234375e-01,2.465248107910156250e-03
3.551982126771749959e-01,4.199266433715820312e-03
2.301437387508153409e-01,3.991365432739257812e-03
7.111288871112888543e-01,3.487565517425537109e-01
6.986301369863013866e-01,1.253747940063476562e-02
5.772422757724227083e-01,1.562405252456665039e+01
5.880985260009765625e-01,1.626968383789062500e-03
6.480586369400798130e-01,4.029273986816406250e-03
7.097265394921954407e-01,4.005908966064453125e-03
3.576642335766423431e-01,3.497560024261474609e-01
3.681631836816318115e-01,1.207661628723144531e-02
5.298470152984701143e-01,1.570071816444396973e+01
5.880985260009765625e-01,1.599550247192382812e-03
4.022337900517294340e-01,4.025936126708984375e-03
3.331313825157228847e-01,3.998756408691406250e-03
4.320567943205679273e-01,3.824701309204101562e-01
4.357564243575642315e-01,1.202774047851562500e-02
3.054694530546945286e-01,1.616511011123657227e+01
7.482776641845703125e-01,1.691579818725585938e-03
4.681440673442577860e-01,4.057645797729492188e-03
4.110939653718024278e-01,3.989934921264648438e-03
1.928807119288071248e-01,3.578855991363525391e-01
2.173782621737826160e-01,2.010941505432128906e-02
1.739826017398260205e-01,1.568956756591796875e+01
1.315879821777343750e-01,2.603292465209960938e-03
2.410084423936034170e-01,4.229307174682617188e-03
2.349262340704099672e-01,1.603245735168457031e-02
5.099490050994900936e-03,3.537411689758300781e-01
6.699330066993300532e-03,1.296424865722656250e-02
4.799520047995200524e-03,1.535655045509338379e+01
2.069473266601562500e-02,1.814365386962890625e-03
3.838259278193971447e-02,4.106998443603515625e-03
5.996777104188264797e-03,3.993272781372070312e-03
4.426557344265573679e-01,3.514301776885986328e-01
4.452554744525547559e-01,1.252293586730957031e-02
6.289371062893710507e-01,1.561768388748168945e+01
5.880985260009765625e-01,1.731395721435546875e-03
4.077123921801283357e-01,4.049062728881835938e-03
3.979322160313194523e-01,3.991603851318359375e-03
1.917808219178082085e-01,3.467640876770019531e-01
2.014798520147985106e-01,1.210522651672363281e-02
1.933806619338066246e-01,1.587715220451354980e+01
2.517223358154296875e-01,1.642942428588867188e-03
2.355769055219938957e-01,4.037857055664062500e-03
1.956960045709244533e-01,3.978490829467773438e-03
3.731626837316268097e-01,3.474419116973876953e-01
3.674632536746325617e-01,1.208567619323730469e-02
3.755624437556244199e-01,1.570159649848937988e+01
4.119014739990234375e-01,2.457380294799804688e-03
4.165952426777193573e-01,4.175662994384765625e-03
2.944437883663140187e-01,4.025697708129882812e-03
7.035296470352965237e-01,3.475320339202880859e-01
7.050294970502949399e-01,1.249217987060546875e-02
7.079292070792920777e-01,1.540492653846740723e+01
5.880985260009765625e-01,2.446889877319335938e-03
5.277937411272838331e-01,4.241228103637695312e-03
7.513974582274081104e-01,4.049301147460937500e-03
6.346365363463654097e-01,3.703124523162841797e-01
6.315368463153684386e-01,1.274204254150390625e-02
6.352364763523647984e-01,1.589778351783752441e+01
7.482776641845703125e-01,2.683401107788085938e-03
5.533332930646457370e-01,4.271507263183593750e-03
6.156649788559633851e-01,4.042148590087890625e-03
5.453454654534546364e-01,3.495285511016845703e-01
5.263473652634736988e-01,1.259922981262207031e-02
6.161383861613838331e-01,1.573649334907531738e+01
9.423408508300781250e-01,1.729011535644531250e-03
5.548201431791982552e-01,4.051208496093750000e-03
5.785345778131695260e-01,4.003047943115234375e-03
8.869113088691130686e-01,3.460063934326171875e-01
8.838116188381162086e-01,1.210498809814453125e-02
8.880111988801120404e-01,1.531599712371826172e+01
8.684120178222656250e-01,2.599000930786132812e-03
7.484704146357695764e-01,4.264116287231445312e-03
8.531991661354290102e-01,4.018068313598632812e-03
9.649035096490351515e-01,3.475859165191650391e-01
9.649035096490351515e-01,1.258134841918945312e-02
9.501049895010499347e-01,1.532009410858154297e+01
8.684120178222656250e-01,1.611471176147460938e-03
9.155130594629070639e-01,4.031419754028320312e-03
9.844494976884445858e-01,3.956079483032226562e-03
8.255174482551744797e-01,3.512437343597412109e-01
8.236176382361763970e-01,1.204395294189453125e-02
8.617138286171382999e-01,1.581100201606750488e+01
9.423408508300781250e-01,1.673698425292968750e-03
7.174164655267231128e-01,4.057407379150390625e-03
8.021114425172739537e-01,3.984212875366210938e-03
6.982301769823017201e-01,3.472077846527099609e-01
6.999300069993000806e-01,1.207232475280761719e-02
3.899610038996100259e-01,1.553712344169616699e+01
7.482776641845703125e-01,1.616477966308593750e-03
5.994645920309800147e-01,4.036903381347656250e-03
6.276033631422669457e-01,3.983974456787109375e-03
7.448255174482552032e-01,3.483459949493408203e-01
7.582241775822418095e-01,1.201677322387695312e-02
6.202379762023797483e-01,1.552316617965698242e+01
8.684120178222656250e-01,1.049470901489257812e-02
6.825903174537798490e-01,4.213333129882812500e-03
7.896677153122950710e-01,1.206803321838378906e-02
6.750324967503249507e-01,4.730648994445800781e-01
6.712328767123287854e-01,2.052950859069824219e-02
7.647235276472352794e-01,1.653939008712768555e+01
5.880985260009765625e-01,1.702785491943359375e-03
5.877460927446946926e-01,4.075527191162109375e-03
6.772254262842023476e-01,3.982067108154296875e-03
8.761123887611238503e-01,3.489224910736083984e-01
8.798120187981202101e-01,1.210165023803710938e-02
9.440055994400560202e-01,1.557748651504516602e+01
8.684120178222656250e-01,1.664876937866210938e-03
8.067363115902775883e-01,4.026889801025390625e-03
8.674196226704984358e-01,3.966808319091796875e-03
1.692830716928307166e-01,3.470733165740966797e-01
1.807819218078192125e-01,1.206874847412109375e-02
4.001599840015998555e-01,1.563067626953125000e+01
5.880985260009765625e-01,1.625776290893554688e-03
2.127693805112618741e-01,4.051446914672851562e-03
1.626313661632901031e-01,4.004240036010742188e-03
5.538446155384461056e-01,3.479564189910888672e-01
5.499450054994500237e-01,1.205849647521972656e-02
5.630436956304369911e-01,1.551236629486083984e+01
5.880985260009765625e-01,2.494335174560546875e-03
5.633246447723146977e-01,4.173994064331054688e-03
4.660317632550082245e-01,4.002571105957031250e-03
2.671732826717328479e-01,3.458297252655029297e-01
2.621737826217378498e-01,1.248764991760253906e-02
1.970802919708029288e-01,1.557977414131164551e+01
7.482776641845703125e-01,1.649379730224609375e-03
2.784985014017116178e-01,4.065275192260742188e-03
2.901599633835520442e-01,3.983020782470703125e-03
5.410458954104589990e-01,3.458952903747558594e-01
5.390460953904609998e-01,1.206111907958984375e-02
6.249375062493750521e-01,1.543713521957397461e+01
4.119014739990234375e-01,1.603126525878906250e-03
5.255119099182884446e-01,4.020690917968750000e-03
5.219916322878952464e-01,3.976345062255859375e-03
2.189781021897810320e-01,3.465728759765625000e-01
2.298770122987701114e-01,1.202535629272460938e-02
2.378762123787621363e-01,1.556091213226318359e+01
2.517223358154296875e-01,1.612663269042968750e-03
2.543654761823294086e-01,4.028081893920898438e-03
2.008120550348305722e-01,3.968477249145507812e-03
3.881611838816118598e-01,3.457183837890625000e-01
4.137586241375862395e-01,1.199388504028320312e-02
4.052594740525947148e-01,1.577897024154663086e+01
4.119014739990234375e-01,2.569913864135742188e-03
3.666374692125821122e-01,4.216432571411132812e-03
4.206041228368810891e-01,4.015207290649414062e-03
1.987801219878012060e-01,3.475039005279541016e-01
1.948805119488051241e-01,1.255273818969726562e-02
1.417858214178582266e-01,1.479079198837280273e+01
7.482776641845703125e-01,1.658201217651367188e-03
1.948695703677700286e-01,4.037380218505859375e-03
2.528296917492018903e-01,1.193189620971679688e-02
2.935706429357064495e-01,4.249143600463867188e-01
2.832716728327167033e-01,1.211380958557128906e-02
2.396760323967603301e-01,1.607231545448303223e+01
2.517223358154296875e-01,1.689672470092773438e-03
3.167382417718134224e-01,4.035711288452148438e-03
2.857118319385407723e-01,3.980398178100585938e-03
9.679032096790321504e-02,3.469414710998535156e-01
1.063893610638936144e-01,1.206874847412109375e-02
2.752724727527247062e-01,1.484709978103637695e+01
2.517223358154296875e-01,1.597881317138671875e-03
1.693713096772354043e-01,4.047155380249023438e-03
1.323656243614321770e-01,3.968238830566406250e-03
3.962603739626037180e-01,4.747252464294433594e-01
3.936606339366063301e-01,2.795481681823730469e-02
3.283671632836716592e-01,1.519217848777770996e+01
4.119014739990234375e-01,2.494573593139648438e-03
4.308672402068889351e-01,4.355430603027343750e-03
4.091663059480758480e-01,4.022121429443359375e-03
5.041495850414958735e-01,3.637616634368896484e-01
5.069493050694930947e-01,1.251649856567382812e-02
6.282371762823717454e-01,1.520673775672912598e+01
7.482776641845703125e-01,1.752853393554687500e-03
5.060426356844368589e-01,4.084110260009765625e-03
4.998691070405680836e-01,3.988981246948242188e-03
9.055094490550944508e-01,3.463163375854492188e-01
8.946105389461054269e-01,1.214408874511718750e-02
9.660033996600340123e-01,1.490584897994995117e+01
9.793052673339843750e-01,1.724720001220703125e-03
8.610568913084826193e-01,4.071235656738281250e-03
8.980142902664237647e-01,3.982067108154296875e-03
9.759024097590240920e-02,4.186880588531494141e-01
1.127887211278872093e-01,1.212835311889648438e-02
8.409159084091591407e-02,1.483100223541259766e+01
5.908966064453125000e-03,1.723051071166992188e-03
1.676440937250073260e-01,4.049539566040039062e-03
8.827687723028870836e-02,4.008769989013671875e-03
4.289571042895710673e-01,3.500163555145263672e-01
4.303569643035696224e-01,1.210021972656250000e-02
4.506549345065493650e-01,1.548293685913085938e+01
1.315879821777343750e-01,2.512931823730468750e-03
4.533532070813170445e-01,4.205942153930664062e-03
3.668812125992679252e-01,4.024505615234375000e-03
3.965603439656034124e-01,3.601319789886474609e-01
3.706629337066293384e-01,1.257371902465820312e-02
4.005599440055994664e-01,1.482989454269409180e+01
8.684120178222656250e-01,1.646995544433593750e-03
3.784861869705685167e-01,4.055500030517578125e-03
3.524317330209578714e-01,3.995418548583984375e-03
1.449855014498550032e-01,3.497171401977539062e-01
1.523847615238476116e-01,1.206398010253906250e-02
1.635836416358364132e-01,1.555429983139038086e+01
4.119014739990234375e-01,1.687049865722656250e-03
3.685630449295190236e-01,4.071235656738281250e-03
1.279428918781109759e-01,3.976583480834960938e-03
4.555544445555444466e-01,3.479068279266357422e-01
4.685531446855314419e-01,1.206302642822265625e-02
3.434656534346565149e-01,1.523570537567138672e+01
8.684120178222656250e-01,1.579284667968750000e-03
4.751545901038626285e-01,4.012346267700195312e-03
4.556142122129152594e-01,3.979206085205078125e-03
3.134686531346865257e-01,3.494861125946044922e-01
3.133686631336866091e-01,1.204252243041992188e-02
2.805719428057194542e-01,1.588868927955627441e+01
2.517223358154296875e-01,2.627134323120117188e-03
4.551023472823672034e-01,4.263162612915039062e-03
2.788989368064946350e-01,4.045009613037109375e-03
5.073492650734926501e-01,3.494460582733154297e-01
5.110488951104888988e-01,1.257276535034179688e-02
5.629437056294370745e-01,1.528066992759704590e+01
5.880985260009765625e-01,1.623392105102539062e-03
4.983317796970019864e-01,4.050016403198242188e-03
5.453559650500399147e-01,4.005908966064453125e-03
2.324767523247675272e-01,3.475904464721679688e-01
2.411758824117588296e-01,1.207613945007324219e-02
2.328767123287671104e-01,1.573966073989868164e+01
1.315879821777343750e-01,1.606941223144531250e-03
2.596565788746296732e-01,4.013538360595703125e-03
2.668890248967951129e-01,3.966093063354492188e-03
6.271372862713728846e-01,3.487155437469482422e-01
6.210378962103789702e-01,1.203250885009765625e-02
7.072292770722927724e-01,1.579699397087097168e+01
5.880985260009765625e-01,1.591682434082031250e-03
5.587727758007384748e-01,4.033565521240234375e-03
6.916082833176468991e-01,3.984928131103515625e-03
7.429257074292570928e-02,3.484253883361816406e-01
8.679132086791320477e-02,1.200294494628906250e-02
1.045895410458954067e-01,1.605904436111450195e+01
5.765914916992187500e-02,2.526044845581054688e-03
1.198646518781213421e-01,4.221439361572265625e-03
8.472140884091106106e-02,3.986358642578125000e-03
6.172382761723828049e-01,3.482763767242431641e-01
6.085391460853915024e-01,1.254367828369140625e-02
6.290370962903709673e-01,1.634725141525268555e+01
7.482776641845703125e-01,1.702070236206054688e-03
5.049557370346270391e-01,4.076719284057617188e-03
6.003777621673584974e-01,4.106521606445312500e-03
6.549345065493450413e-01,4.749350547790527344e-01
6.486351364863514046e-01,2.006483078002929688e-02
6.551344865513448745e-01,1.566879844665527344e+01
8.684120178222656250e-01,1.621723175048828125e-03
5.933600071028846124e-01,4.001379013061523438e-03
6.138062340163431552e-01,3.987789154052734375e-03
2.724727527247275405e-01,3.884119987487792969e-01
2.871712828717128407e-01,1.206851005554199219e-02
2.985701429857014477e-01,1.652551221847534180e+01
2.517223358154296875e-01,1.729249954223632812e-03
3.085888278179608202e-01,4.440546035766601562e-03
2.744324518646128475e-01,4.047393798828125000e-03
5.331466853314668075e-01,4.475994110107421875e-01
5.233476652334766444e-01,1.212930679321289062e-02
5.483451654834516908e-01,1.503957748413085938e+01
5.880985260009765625e-01,2.590179443359375000e-03
5.531462476843777010e-01,4.219770431518554688e-03
5.299327087144378723e-01,4.043102264404296875e-03
8.613138686131386335e-01,4.091949462890625000e-01
8.475152484751524717e-01,1.260709762573242188e-02
9.224077592240775836e-01,1.566795182228088379e+01
8.684120178222656250e-01,1.611471176147460938e-03
6.823028525925657339e-01,4.052877426147460938e-03
8.319262845543073936e-01,3.991127014160156250e-03
6.137386261373862784e-01,3.461735248565673828e-01
6.111388861113888904e-01,1.209020614624023438e-02
6.091390860913908911e-01,1.600210309028625488e+01
4.119014739990234375e-01,1.596927642822265625e-03
5.704406400347776795e-01,4.025459289550781250e-03
6.044601758000899272e-01,3.966331481933593750e-03
7.431256874312568428e-01,4.538378715515136719e-01
7.330266973302669298e-01,2.404451370239257812e-02
7.146285371462853808e-01,1.638008379936218262e+01
9.423408508300781250e-01,1.719713211059570312e-03
6.626379997213955875e-01,4.066944122314453125e-03
7.736373173617498988e-01,4.009485244750976562e-03
9.212078792120788062e-01,3.525454998016357422e-01
9.189081091890810571e-01,1.235604286193847656e-02
9.143085691430856699e-01,1.511439394950866699e+01
4.119014739990234375e-01,2.641439437866210938e-03
6.561253960025568155e-01,4.243373870849609375e-03
8.997017529645161549e-01,4.044771194458007812e-03
1.422857714228577264e-01,3.480947017669677734e-01
1.495850414958504182e-01,1.257514953613281250e-02
1.476852314768523078e-01,1.548901581764221191e+01
2.069473266601562500e-02,1.709699630737304688e-03
2.287359289893959868e-01,4.099369049072265625e-03
8.769370215694466397e-02,3.997564315795898438e-03
6.434356564343565177e-01,3.470633029937744141e-01
6.430356964303569622e-01,1.215720176696777344e-02
6.641335866413358158e-01,1.651134228706359863e+01
7.482776641845703125e-01,1.696586608886718750e-03
6.565118907783826785e-01,4.063129425048828125e-03
5.549254421100660029e-01,3.988981246948242188e-03
2.370762923707629144e-01,3.467741012573242188e-01
2.277772222777722233e-01,1.210570335388183594e-02
2.896710328967103121e-01,1.479821157455444336e+01
8.684120178222656250e-01,1.635074615478515625e-03
3.552694398010445287e-01,4.024505615234375000e-03
2.709997722214635973e-01,3.985166549682617188e-03
9.993000699930006947e-01,3.490731716156005859e-01
9.999000099990000834e-01,1.201939582824707031e-02
9.997000299970002501e-01,1.514816927909851074e+01
9.940910339355468750e-01,2.516508102416992188e-03
9.839605290094569634e-01,4.207611083984375000e-03
9.998706960006776834e-01,4.014015197753906250e-03
1.018898110188981160e-01,3.498454093933105469e-01
1.153884611538846111e-01,1.257634162902832031e-02
9.019098090190981465e-02,1.556811261177062988e+01
5.765914916992187500e-02,1.582145690917968750e-03
1.083201724141715228e-01,4.017114639282226562e-03
9.390515317039621612e-02,3.981113433837890625e-03
6.099390060993900575e-03,3.493001461029052734e-01
6.099390060993900575e-03,1.205301284790039062e-02
1.609839016098390044e-02,1.613871455192565918e+01
4.119014739990234375e-01,1.610755920410156250e-03
1.786853359115198048e-02,1.210665702819824219e-02
4.363127136385908274e-03,4.038333892822265625e-03
8.509149085091491371e-02,6.234135627746582031e-01
9.059094090590941173e-02,1.205444335937500000e-02
8.539146085391460805e-02,1.608905100822448730e+01
5.765914916992187500e-02,1.680612564086914062e-03
7.166809513370969720e-02,4.033803939819335938e-03
9.271918305255677506e-02,3.975629806518554688e-03
4.508549145085491427e-01,3.990621566772460938e-01
4.338566143385661489e-01,1.206421852111816406e-02
3.561643835616438158e-01,1.578120517730712891e+01
7.482776641845703125e-01,2.591848373413085938e-03
3.996041130181008372e-01,4.242181777954101562e-03
4.176006572774068060e-01,4.060745239257812500e-03
2.932706729327067552e-01,3.483524322509765625e-01
2.847715228477152305e-01,1.255917549133300781e-02
2.616738326167383222e-01,1.607124519348144531e+01
8.684120178222656250e-01,1.592159271240234375e-03
3.726023110302411068e-01,4.036188125610351562e-03
2.964867775308421272e-01,1.186275482177734375e-02
2.615738426157384056e-01,5.736277103424072266e-01
2.884711528847115347e-01,1.203703880310058594e-02
1.070892910708929058e-01,1.555211210250854492e+01
1.315879821777343750e-01,1.583814620971679688e-03
3.202427073448980144e-01,4.037857055664062500e-03
2.595893075974487485e-01,1.199483871459960938e-02
4.758524147585241337e-01,4.457108974456787109e-01
5.009499050094990968e-01,1.202034950256347656e-02
4.059594040595940201e-01,1.528046989440917969e+01
4.119014739990234375e-01,2.474546432495117188e-03
4.989873860110451420e-01,4.202604293823242188e-03
4.757545576369731077e-01,4.019498825073242188e-03
9.399060093990600773e-02,3.483979701995849609e-01
1.022897710228977131e-01,1.248478889465332031e-02
4.007599240075992442e-01,1.555747771263122559e+01
4.119014739990234375e-01,1.614570617675781250e-03
1.709556220138445659e-01,4.008769989013671875e-03
1.174877841848626092e-01,3.982067108154296875e-03
3.682631736826317281e-01,3.493962287902832031e-01
3.723627637236276433e-01,1.206374168395996094e-02
2.302769723027697224e-01,1.520113873481750488e+01
5.880985260009765625e-01,1.605987548828125000e-03
4.484734350483278731e-01,4.045009613037109375e-03
3.070982404702821689e-01,4.014968872070312500e-03
1.166883311668833051e-01,3.468480110168457031e-01
1.274872512748725095e-01,1.203727722167968750e-02
2.016798320167983161e-01,1.571891880035400391e+01
4.119014739990234375e-01,1.707315444946289062e-03
1.342867739806427596e-01,4.048585891723632812e-03
1.301282038444402378e-01,3.998994827270507812e-03
3.459654034596540417e-01,3.467590808868408203e-01
3.391660833916608220e-01,1.211500167846679688e-02
5.085491450854914275e-01,1.442784118652343750e+01
5.765914916992187500e-02,2.552986145019531250e-03
4.238016766110627720e-01,4.217386245727539062e-03
2.890430734077131247e-01,4.016637802124023438e-03
2.465753424657534110e-01,4.862108230590820312e-01
2.608739126087391003e-01,2.855372428894042969e-02
1.547845215478452219e-01,1.777213597297668457e+01
5.765914916992187500e-02,1.685619354248046875e-03
2.991226657900498687e-01,4.058599472045898438e-03
2.316652435273368060e-01,4.000425338745117188e-03
2.535746425357464084e-01,3.522124290466308594e-01
2.533746625337466307e-01,1.210808753967285156e-02
2.584741525847415455e-01,1.579904985427856445e+01
2.517223358154296875e-01,1.592874526977539062e-03
3.220137698262335313e-01,4.021406173706054688e-03
2.200574128145832975e-01,3.973484039306640625e-03
3.765623437656234196e-01,3.902485370635986328e-01
3.978602139786021619e-01,1.203608512878417969e-02
6.983301669833016367e-01,1.595043158531188965e+01
2.069473266601562500e-02,1.898288726806640625e-03
3.154530874117416062e-01,4.055023193359375000e-03
4.425554640378079885e-01,3.987789154052734375e-03
2.401759824017598299e-01,3.470277786254882812e-01
2.522747725227477145e-01,1.211118698120117188e-02
1.117888211178882096e-01,1.534550070762634277e+01
5.765914916992187500e-02,2.564668655395507812e-03
2.904979998261303376e-01,4.256486892700195312e-03
2.655762046871256166e-01,4.004716873168945312e-03
6.467353264673532109e-01,3.479535579681396484e-01
6.605339466053394837e-01,1.252412796020507812e-02
3.881611838816118598e-01,1.600738358497619629e+01
2.517223358154296875e-01,1.752376556396484375e-03
6.483208334520405014e-01,4.067897796630859375e-03
6.337209154734654293e-01,3.994941711425781250e-03
9.278072192780721927e-01,3.474609851837158203e-01
9.320067993200680245e-01,1.213550567626953125e-02
8.766123387661234334e-01,1.680788207054138184e+01
5.880985260009765625e-01,1.639366149902343750e-03
9.245525575483066749e-01,4.030942916870117188e-03
9.363743724599876694e-01,3.970623016357421875e-03
9.313068693130687192e-01,3.801178932189941406e-01
9.313068693130687192e-01,2.000617980957031250e-02
9.073092690730927279e-01,1.477259922027587891e+01
7.482776641845703125e-01,1.657009124755859375e-03
9.479526656931531736e-01,4.031419754028320312e-03
9.361593092100251035e-01,3.991842269897460938e-03
5.992400759924008113e-01,3.478558063507080078e-01
6.023397660233976714e-01,1.203465461730957031e-02
6.330366963303669658e-01,1.453869128227233887e+01
7.482776641845703125e-01,2.506017684936523438e-03
5.879722368135370525e-01,4.255294799804687500e-03
5.266470620621328536e-01,4.014968872070312500e-03
5.702429757024297663e-01,3.560006618499755859e-01
5.710428957104289882e-01,1.254105567932128906e-02
5.956404359564043682e-01,1.490459513664245605e+01
7.482776641845703125e-01,1.605749130249023438e-03
5.341955968722753578e-01,4.007339477539062500e-03
6.053244049822611439e-01,3.965377807617187500e-03
7.962203779622037958e-01,3.467590808868408203e-01
8.031196880311969322e-01,1.203131675720214844e-02
7.260273972602739878e-01,1.504614710807800293e+01
9.793052673339843750e-01,1.621723175048828125e-03
7.561063242510872584e-01,4.044055938720703125e-03
8.407094421082186297e-01,3.995180130004882812e-03
9.689031096890310391e-02,3.482162952423095703e-01
1.015898410158984078e-01,1.202869415283203125e-02
9.729027097290271486e-02,1.408259391784667969e+01
1.315879821777343750e-01,1.645088195800781250e-03
2.244567640705433242e-01,4.045248031616210938e-03
9.861679954149971117e-02,4.010438919067382812e-03
4.146585341465853225e-01,3.489546775817871094e-01
4.277572242775722344e-01,1.200819015502929688e-02
3.965603439656034124e-01,1.456498360633850098e+01
1.315879821777343750e-01,1.611232757568359375e-03
4.304348751221014902e-01,4.025936126708984375e-03
4.180397156837941108e-01,3.976345062255859375e-03
1.811818818118188235e-01,3.477356433868408203e-01
1.755824417558244088e-01,1.198673248291015625e-02
1.800819918008199072e-01,1.536910796165466309e+01
4.119014739990234375e-01,2.511739730834960938e-03
1.834128137413263415e-01,4.205703735351562500e-03
2.037683152590252789e-01,4.046201705932617188e-03
2.780721927807219274e-01,3.643333911895751953e-01
3.041695830416958346e-01,1.250958442687988281e-02
4.459554044595540612e-01,1.597134900093078613e+01
4.119014739990234375e-01,1.615524291992187500e-03
4.810416860364412628e-01,4.052877426147460938e-03
2.660503702998215925e-01,3.965139389038085938e-03
6.978302169783021647e-01,3.539578914642333984e-01
6.993300669933006919e-01,1.225137710571289062e-02
9.162083791620837525e-01,1.593878483772277832e+01
2.517223358154296875e-01,1.692295074462890625e-03
5.373014828405181520e-01,4.048109054565429688e-03
6.718327963948571568e-01,3.998041152954101562e-03
8.579142085791420513e-02,3.483920097351074219e-01
9.219078092190781393e-02,1.206660270690917969e-02
1.429857014298570039e-01,1.604384422302246094e+01
2.517223358154296875e-01,1.645803451538085938e-03
9.227585815263322777e-02,4.034519195556640625e-03
8.453449124810163973e-02,3.965616226196289062e-03
3.183681631836816073e-01,3.486218452453613281e-01
3.411658834116588213e-01,1.326894760131835938e-02
3.215678432156784394e-01,1.578311133384704590e+01
2.517223358154296875e-01,1.771211624145507812e-03
4.702850252381272078e-01,4.072189331054687500e-03
3.525352906329876079e-01,3.959894180297851562e-03
9.958004199580041682e-01,3.460612297058105469e-01
9.936006399360064467e-01,1.204133033752441406e-02
9.926007399260073916e-01,1.539629101753234863e+01
9.423408508300781250e-01,1.722097396850585938e-03
9.841256532045876693e-01,4.085302352905273438e-03
9.934975724050292278e-01,4.004716873168945312e-03
4.440555944405559230e-01,3.478491306304931641e-01
4.420557944205579237e-01,1.210904121398925781e-02
5.874412558744125379e-01,1.549117588996887207e+01
4.119014739990234375e-01,1.626014709472656250e-03
4.598248963754382745e-01,4.009008407592773438e-03
4.114683612043311123e-01,3.985643386840820312e-03
1.713828617138286048e-01,3.453433513641357422e-01
1.667833216678332175e-01,1.207494735717773438e-02
1.604839516048395254e-01,1.506008625030517578e+01
5.880985260009765625e-01,2.480030059814453125e-03
2.963671984530488190e-01,4.202842712402343750e-03
2.068720847555172160e-01,3.993511199951171875e-03
4.319568043195680385e-02,3.476724624633789062e-01
4.879512048795120460e-02,1.249241828918457031e-02
8.129187081291870676e-02,1.568017530441284180e+01
1.315879821777343750e-01,1.615524291992187500e-03
4.444845661417903826e-02,4.019975662231445312e-03
2.380586831338647735e-02,4.005432128906250000e-03
2.710728927107289299e-01,3.486425876617431641e-01
2.676732326767323200e-01,1.199412345886230469e-02
3.104689531046895268e-01,1.602208447456359863e+01
4.119014739990234375e-01,1.738071441650390625e-03
2.503979541770443573e-01,4.065275192260742188e-03
2.515045152761390401e-01,3.969907760620117188e-03
8.332166783321668380e-01,3.963196277618408203e-01
8.347165283471652542e-01,2.800416946411132812e-02
8.887111288871112347e-01,1.487178325653076172e+01
7.482776641845703125e-01,1.698970794677734375e-03
7.806424326148444504e-01,4.045009613037109375e-03
7.946696600475269268e-01,4.003047943115234375e-03
6.797320267973202546e-01,3.472046852111816406e-01
6.713328667133287020e-01,1.208138465881347656e-02
5.612438756124387140e-01,1.505373382568359375e+01
5.880985260009765625e-01,2.611875534057617188e-03
6.744241416324827654e-01,4.252195358276367188e-03
6.622367841967267132e-01,4.051446914672851562e-03
7.749225077492251368e-02,3.807842731475830078e-01
8.419158084191580294e-02,1.259541511535644531e-02
2.849715028497150360e-02,1.545205760002136230e+01
2.517223358154296875e-01,1.636028289794921875e-03
9.199221482974889730e-02,4.052877426147460938e-03
8.971305187472916609e-02,3.988504409790039062e-03
5.223477652234777002e-01,3.455121517181396484e-01
5.354464553544645566e-01,1.206946372985839844e-02
5.137486251374862034e-01,1.490843343734741211e+01
2.517223358154296875e-01,1.688957214355468750e-03
5.707141682571197361e-01,4.057168960571289062e-03
5.663577439508739042e-01,1.197791099548339844e-02
3.695630436956304221e-01,3.471572399139404297e-01
3.669633036696330342e-01,1.205635070800781250e-02
3.526647335266473449e-01,1.552360916137695312e+01
2.517223358154296875e-01,1.622200012207031250e-03
3.863101483566570016e-01,4.031658172607421875e-03
2.803906345532612976e-01,3.975152969360351562e-03
1.845815418458154056e-01,3.454108238220214844e-01
1.899810018998100147e-01,1.205921173095703125e-02
9.209079092090791119e-02,1.546274137496948242e+01
1.315879821777343750e-01,2.488136291503906250e-03
9.961919071371005963e-02,4.203081130981445312e-03
1.337477857466233822e-01,4.045724868774414062e-03
8.709129087091291299e-02,3.453166484832763672e-01
8.859114088591141245e-02,1.251983642578125000e-02
2.429757024297570303e-02,1.535939669609069824e+01
2.517223358154296875e-01,1.605749130249023438e-03
9.109895506937648602e-02,3.998994827270507812e-03
1.021800717667661340e-01,3.967046737670898438e-03
1.907809219078092089e-01,3.455929756164550781e-01
1.929807019298070137e-01,1.203775405883789062e-02
3.087691230876912218e-01,1.530908250808715820e+01
1.315879821777343750e-01,1.717567443847656250e-03
2.250884187010199211e-01,4.053592681884765625e-03
2.582537189362396068e-01,3.960609436035156250e-03
4.450554944505549226e-01,3.461887836456298828e-01
4.418558144185581460e-01,1.211142539978027344e-02
3.969603039696030233e-01,1.543023538589477539e+01
1.315879821777343750e-01,1.664161682128906250e-03
4.299053734874804245e-01,4.020690917968750000e-03
5.126697365894430369e-01,3.973007202148437500e-03
7.229277072292771278e-01,3.473906517028808594e-01
7.114288571142886042e-01,1.207709312438964844e-02
7.519248075192480618e-01,1.529819822311401367e+01
7.482776641845703125e-01,2.485513687133789062e-03
6.975476717243658253e-01,4.204273223876953125e-03
7.180611807793710888e-01,4.023075103759765625e-03
3.668633136686331175e-01,3.481876850128173828e-01
3.754624537546245588e-01,1.255583763122558594e-02
2.844715528447155362e-01,1.556928181648254395e+01
1.315879821777343750e-01,1.649141311645507812e-03
4.126963729929779001e-01,4.024505615234375000e-03
3.795332061361463838e-01,3.977775573730468750e-03
1.861813818618138217e-01,3.480830192565917969e-01
1.832816718328167116e-01,1.207661628723144531e-02
2.083791620837916192e-01,1.610654187202453613e+01
4.119014739990234375e-01,1.656532287597656250e-03
3.308218392645422279e-01,1.190853118896484375e-02
1.315944252961276373e-01,3.966569900512695312e-03
3.507649235076492622e-01,3.973641395568847656e-01
3.673632636736326451e-01,1.211094856262207031e-02
1.839816018398160169e-01,1.607976937294006348e+01
1.315879821777343750e-01,1.598596572875976562e-03
3.671344104206129000e-01,8.035659790039062500e-03
3.313031885299061452e-01,3.950357437133789062e-03
1.357864213578642010e-01,4.995753765106201172e-01
1.322867713228677022e-01,1.208305358886718750e-02
7.589241075892411148e-02,1.514886093139648438e+01
1.315879821777343750e-01,2.493619918823242188e-03
2.024268331542792287e-01,4.198074340820312500e-03
1.484570567253891138e-01,4.025459289550781250e-03
6.548345165483451247e-01,6.450564861297607422e-01
6.558344165583441798e-01,2.846145629882812500e-02
2.290770922907709173e-01,1.607677006721496582e+01
7.482776641845703125e-01,1.744508743286132812e-03
6.494707030091152467e-01,4.066944122314453125e-03
6.337409717998985226e-01,3.999948501586914062e-03
1.804819518048195182e-01,3.477325439453125000e-01
1.964803519648035124e-01,1.216673851013183594e-02
1.404859514048595048e-01,1.580686306953430176e+01
1.315879821777343750e-01,1.693964004516601562e-03
2.551320258819321785e-01,4.063129425048828125e-03
1.463579477294292830e-01,4.007577896118164062e-03
6.625337466253374830e-01,3.805220127105712891e-01
6.691330866913308695e-01,1.208662986755371094e-02
6.601339866013398172e-01,1.582706141471862793e+01
2.517223358154296875e-01,1.590490341186523438e-03
6.164850709161332487e-01,4.008054733276367188e-03
6.176924239258901883e-01,3.982543945312500000e-03
4.395560443955604524e-01,3.465993404388427734e-01
4.476552344765523661e-01,1.201772689819335938e-02
5.597440255974402978e-01,1.542221236228942871e+01
4.119014739990234375e-01,2.468109130859375000e-03
5.251311432627172593e-01,4.185438156127929688e-03
4.245811779898833738e-01,1.206040382385253906e-02
6.391360863913608803e-01,5.873897075653076172e-01
6.623337666233376497e-01,1.253747940063476562e-02
6.528347165283471254e-01,1.578817319869995117e+01
2.069473266601562500e-02,1.762151718139648438e-03
5.793457587770575179e-01,4.067182540893554688e-03
6.427034089086636204e-01,4.028320312500000000e-03
4.779522047795220496e-02,3.472650051116943359e-01
5.259474052594740462e-02,1.215600967407226562e-02
5.379462053794620280e-02,1.590888261795043945e+01
5.765914916992187500e-02,1.664161682128906250e-03
2.205480959667132160e-02,4.045963287353515625e-03
2.015570264057256825e-02,3.974437713623046875e-03
7.080291970802919943e-01,3.467695713043212891e-01
7.053294670532946897e-01,1.212549209594726562e-02
7.275272472752725150e-01,1.607788586616516113e+01
5.880985260009765625e-01,1.734972000122070312e-03
6.855949523902060694e-01,4.075050354003906250e-03
7.709243189576089339e-01,3.994464874267578125e-03
7.792220777922207464e-01,3.482604026794433594e-01
7.695230476952304999e-01,1.208424568176269531e-02
7.640235976402359741e-01,1.547018957138061523e+01
7.482776641845703125e-01,2.476930618286132812e-03
7.494472113288241921e-01,4.209041595458984375e-03
7.511644788004654405e-01,4.006624221801757812e-03
6.510348965103489594e-01,3.498082160949707031e-01
6.554344565543445134e-01,1.249361038208007812e-02
4.907509249075092672e-01,1.474537444114685059e+01
5.880985260009765625e-01,1.616716384887695312e-03
6.586886079020363161e-01,3.999948501586914062e-03
6.662105476608934929e-01,4.001617431640625000e-03
1.139886011398860179e-02,4.482259750366210938e-01
9.299070092990701503e-03,1.205110549926757812e-02
3.039696030396960361e-02,1.573439741134643555e+01
5.908966064453125000e-03,1.665353775024414062e-03
2.387623484631218873e-01,4.060268402099609375e-03
7.813041527436613218e-03,4.000663757324218750e-03
7.686231376862313613e-01,4.304199218750000000e-01
7.744225577442255259e-01,1.229858398437500000e-02
7.472252774722527580e-01,1.616689658164978027e+01
5.880985260009765625e-01,1.615047454833984375e-03
7.914981419045781230e-01,4.043817520141601562e-03
7.901593450753741088e-01,3.992557525634765625e-03
7.458254174582541474e-01,3.482365608215332031e-01
7.408259174082592047e-01,1.202630996704101562e-02
8.186181381861813433e-01,1.551291751861572266e+01
7.482776641845703125e-01,2.496480941772460938e-03
7.632862119291166092e-01,4.208087921142578125e-03
7.495541259648875743e-01,4.027843475341796875e-03
7.028297170282972184e-01,3.477544784545898438e-01
6.973302669733026926e-01,1.253867149353027344e-02
6.647335266473353155e-01,1.600970244407653809e+01
4.119014739990234375e-01,1.630783081054687500e-03
6.276127665216535423e-01,4.029035568237304688e-03
7.043400993056285753e-01,3.985643386840820312e-03
9.958004199580041682e-01,3.969645500183105469e-01
9.958004199580041682e-01,1.204872131347656250e-02
9.893010698930106983e-01,1.557521176338195801e+01
8.684120178222656250e-01,1.578330993652343750e-03
9.960838554710150783e-01,4.019975662231445312e-03
9.968930403944078478e-01,3.998994827270507812e-03
8.779122087791221274e-01,5.134212970733642578e-01
8.720127987201279351e-01,1.205444335937500000e-02
8.800119988001200433e-01,1.626751184463500977e+01
2.517223358154296875e-01,1.602172851562500000e-03
8.067810914642210562e-01,1.227331161499023438e-02
9.181055943779917738e-01,4.065036773681640625e-03
6.216378362163783589e-01,4.099309444427490234e-01
6.307369263073692167e-01,1.201248168945312500e-02
3.976602339766023286e-01,1.513419651985168457e+01
2.517223358154296875e-01,2.475023269653320312e-03
6.674865356229433555e-01,4.247903823852539062e-03
6.260597629261915875e-01,4.005670547485351562e-03
8.362163783621637814e-01,3.475029468536376953e-01
8.087191280871912635e-01,1.252412796020507812e-02
7.212278772122787673e-01,1.466599941253662109e+01
9.793052673339843750e-01,1.719951629638671875e-03
7.679781096360822623e-01,4.085063934326171875e-03
8.080047826616540974e-01,4.022598266601562500e-03
9.877012298770122545e-01,3.483808040618896484e-01
9.875012498750125323e-01,1.213026046752929688e-02
9.982001799820018340e-01,1.554812979698181152e+01
9.793052673339843750e-01,1.590490341186523438e-03
9.736558831966470873e-01,4.019021987915039062e-03
9.847824571205509026e-01,3.995895385742187500e-03
8.269173082691730903e-01,3.481249809265136719e-01
8.172182781721827327e-01,1.203417778015136719e-02
6.309369063093690499e-01,1.524855613708496094e+01
4.119014739990234375e-01,1.605033874511718750e-03
7.547639533525294375e-01,4.011392593383789062e-03
7.737432577455880534e-01,3.989696502685546875e-03
5.786421357864213189e-01,3.473181724548339844e-01
5.713428657134286270e-01,1.200938224792480469e-02
4.321567843215678439e-01,1.502443265914916992e+01
8.684120178222656250e-01,2.657413482666015625e-03
6.352406184509872267e-01,4.257678985595703125e-03
5.408767914612412353e-01,4.009723663330078125e-03
6.892310768923107789e-01,3.471424579620361328e-01
6.806319368063193931e-01,1.260781288146972656e-02
5.295470452954704754e-01,1.549705576896667480e+01
2.517223358154296875e-01,1.671314239501953125e-03
6.050616478801327247e-01,4.242181777954101562e-03
6.280501683152144299e-01,4.004478454589843750e-03
7.628237176282371967e-01,3.673155307769775391e-01
7.365263473652634563e-01,1.207089424133300781e-02
7.455254474552545085e-01,1.596380972862243652e+01
7.482776641845703125e-01,1.615285873413085938e-03
7.407306103252692120e-01,4.032373428344726562e-03
7.697843829053242493e-01,3.971338272094726562e-03
7.594240575942405869e-01,3.485603332519531250e-01
7.561243875612438936e-01,1.204538345336914062e-02
7.861213878612138828e-01,1.539006304740905762e+01
5.880985260009765625e-01,1.601219177246093750e-03
7.348698046151205254e-01,4.024982452392578125e-03
7.526930753420354447e-01,3.989458084106445312e-03
2.696730326967303193e-01,3.703348636627197266e-01
2.857714228577142301e-01,1.199650764465332031e-02
2.049795020497950093e-01,1.660392069816589355e+01
5.880985260009765625e-01,2.662658691406250000e-03
3.144620225225910337e-01,4.271268844604492188e-03
3.251455185813794113e-01,4.036188125610351562e-03
9.203079692030796677e-01,3.480403423309326172e-01
9.261073892610739433e-01,1.258206367492675781e-02
8.735126487351264624e-01,1.616605782508850098e+01
7.482776641845703125e-01,1.742601394653320312e-03
6.811089706246733488e-01,4.084348678588867188e-03
9.705041459312490071e-01,3.992557525634765625e-03
2.539746025397460194e-01,3.477149009704589844e-01
2.747725227477252341e-01,1.212000846862792969e-02
1.467853214678532248e-01,1.479900717735290527e+01
5.880985260009765625e-01,1.744031906127929688e-03
2.888258684992981440e-01,4.084348678588867188e-03
1.708007534091505186e-01,3.983497619628906250e-03
7.365263473652634563e-01,3.473546504974365234e-01
7.333266673332666796e-01,1.211261749267578125e-02
8.676132386761323811e-01,1.549162054061889648e+01
8.684120178222656250e-01,1.711845397949218750e-03
6.908834169827277050e-01,4.079818725585937500e-03
7.512202807972960805e-01,4.015445709228515625e-03
5.350464953504650012e-01,3.703584671020507812e-01
5.345465453454654181e-01,1.229143142700195312e-02
6.213378662133786090e-01,1.496622037887573242e+01
5.880985260009765625e-01,2.553701400756835938e-03
5.054858238290450556e-01,4.244089126586914062e-03
5.395212353657022897e-01,4.031896591186523438e-03
7.979202079792020452e-01,3.656644821166992188e-01
7.922207779222077972e-01,1.253557205200195312e-02
7.553244675532446717e-01,1.533977031707763672e+01
9.423408508300781250e-01,1.625061035156250000e-03
7.000306365551712817e-01,4.036664962768554688e-03
8.457338382275241262e-01,4.008531570434570312e-03
4.566543345665433629e-01,3.470199108123779297e-01
4.619538046195380554e-01,1.204705238342285156e-02
3.506649335066493456e-01,1.536706495285034180e+01
7.482776641845703125e-01,1.627445220947265625e-03
4.465712049703509101e-01,4.052639007568359375e-03
4.015548987526511571e-01,3.991842269897460938e-03
8.622137786221377720e-01,4.265580177307128906e-01
8.630136986301369939e-01,1.207017898559570312e-02
7.092290770922907717e-01,1.420536041259765625e+01
2.517223358154296875e-01,1.710176467895507812e-03
8.376804710495275863e-01,4.053831100463867188e-03
9.138419714985004383e-01,3.982067108154296875e-03
5.929407059294070775e-02,3.557481765747070312e-01
6.739326067393260067e-02,1.998209953308105469e-02
8.649135086491351043e-02,1.396084976196289062e+01
1.315879821777343750e-01,2.498626708984375000e-03
4.673419254171615883e-02,4.192829132080078125e-03
7.493471803751373950e-02,4.016399383544921875e-03
4.368563143685631478e-01,3.475224971771240234e-01
4.303569643035696224e-01,1.253390312194824219e-02
5.823417658234176786e-01,1.550883460044860840e+01
7.482776641845703125e-01,1.645803451538085938e-03
4.529473304418509816e-01,4.033327102661132812e-03
4.494026314267470235e-01,3.990411758422851562e-03
8.719128087191280185e-02,4.000213146209716797e-01
8.929107089291070387e-02,1.205134391784667969e-02
1.079892010798920166e-01,1.589447665214538574e+01
4.119014739990234375e-01,1.615285873413085938e-03
3.187702358130539704e-01,4.035234451293945312e-03
6.169479969923419987e-02,3.978729248046875000e-03
3.888611138886111651e-01,4.190707206726074219e-01
4.184581541845815433e-01,1.224446296691894531e-02
4.376562343765623697e-01,1.554304337501525879e+01
1.315879821777343750e-01,1.677513122558593750e-03
4.182314207388019844e-01,4.055261611938476562e-03
4.041512529412567556e-01,3.987073898315429688e-03
3.528647135286471226e-01,3.661723136901855469e-01
3.535646435356464279e-01,1.205348968505859375e-02
3.168683131686831356e-01,1.532792162895202637e+01
4.119014739990234375e-01,2.507925033569335938e-03
3.228950864280085153e-01,4.197835922241210938e-03
3.579191226207096843e-01,4.013538360595703125e-03
3.395660433956604329e-01,3.720562458038330078e-01
3.803619638036196404e-01,2.841973304748535156e-02
3.323667633236676577e-01,1.519622039794921875e+01
1.315879821777343750e-01,1.633167266845703125e-03
3.167447118474515655e-01,4.042387008666992188e-03
3.302866944052886833e-01,3.991127014160156250e-03
3.443655634436556534e-01,3.952524662017822266e-01
3.487651234876512074e-01,1.207065582275390625e-02
3.942605739426057188e-01,1.569742608070373535e+01
5.880985260009765625e-01,1.624822616577148438e-03
3.265539364230244379e-01,4.039764404296875000e-03
3.166099271494510203e-01,3.986597061157226562e-03
6.203379662033796649e-01,3.484809398651123047e-01
6.129387061293870564e-01,1.207780838012695312e-02
5.811418858114189012e-01,1.577270364761352539e+01
8.684120178222656250e-01,1.732110977172851562e-03
5.599717103119776773e-01,4.047870635986328125e-03
6.355465141754615965e-01,4.016399383544921875e-03
4.208579142085791536e-01,4.115815162658691406e-01
4.395560443955604524e-01,1.212406158447265625e-02
4.308569143085691500e-01,1.526130914688110352e+01
2.517223358154296875e-01,2.641439437866210938e-03
4.974792735482584383e-01,4.218101501464843750e-03
4.543371347620815404e-01,4.012584686279296875e-03
8.385161483851615305e-01,3.487946987152099609e-01
8.377162283771623086e-01,1.258277893066406250e-02
7.450254974502549254e-01,1.535183191299438477e+01
5.880985260009765625e-01,1.634120941162109375e-03
5.940178317790010265e-01,4.055500030517578125e-03
8.106240490113670871e-01,4.002094268798828125e-03
2.613738626137386278e-01,3.498728275299072266e-01
2.525747425257474088e-01,1.206851005554199219e-02
6.255374462553744408e-01,1.609150910377502441e+01
7.482776641845703125e-01,1.625299453735351562e-03
3.020789649206879757e-01,4.028797149658203125e-03
2.523016158292815669e-01,3.989696502685546875e-03
3.803619638036196404e-01,3.448889255523681641e-01
3.687631236876312557e-01,1.205754280090332031e-02
3.503649635036496512e-01,1.592966103553771973e+01
5.880985260009765625e-01,1.753807067871093750e-03
4.598334092250120353e-01,4.081010818481445312e-03
3.308216421792086193e-01,3.996610641479492188e-03
2.261773822617738350e-01,3.473117351531982422e-01
2.213778622137786145e-01,1.213908195495605469e-02
2.177782221777822269e-01,1.508509230613708496e+01
2.517223358154296875e-01,2.542018890380859375e-03
2.638486968072625283e-01,4.210472106933593750e-03
1.760016481958315837e-01,4.032611846923828125e-03
6.641335866413358158e-01,3.475322723388671875e-01
6.812318768123187818e-01,1.256942749023437500e-02
6.155384461553844444e-01,1.535698366165161133e+01
2.517223358154296875e-01,1.717329025268554688e-03
6.803944933453296429e-01,4.084110260009765625e-03
6.604023571710295748e-01,4.021167755126953125e-03
3.960603939606039403e-01,3.494274616241455078e-01
4.267573242675732348e-01,1.215696334838867188e-02
3.103689631036896102e-01,1.552281665802001953e+01
2.517223358154296875e-01,1.710891723632812500e-03
3.891760871600727922e-01,4.070281982421875000e-03
4.065553139938373750e-01,3.996133804321289062e-03
4.046595340465953261e-01,3.497879505157470703e-01
4.083591640835916303e-01,1.208329200744628906e-02
4.083591640835916303e-01,1.498497152328491211e+01
7.482776641845703125e-01,1.640081405639648438e-03
4.452744392443538368e-01,4.000902175903320312e-03
4.172158293904001392e-01,3.982305526733398438e-03
4.776522347765223553e-01,3.705065250396728516e-01
4.769523047695230500e-01,1.226067543029785156e-02
5.258474152584741157e-01,1.512980723381042480e+01
4.119014739990234375e-01,2.583742141723632812e-03
5.041048776587235825e-01,4.220008850097656250e-03
4.616641878100280483e-01,4.037380218505859375e-03
1.197880211978802067e-01,3.481500148773193359e-01
1.200879912008799150e-01,1.257991790771484375e-02
1.222877712228777058e-01,1.603025317192077637e+01
2.517223358154296875e-01,1.626968383789062500e-03
3.065454748395702866e-01,4.038810729980468750e-03
1.225930989205949451e-01,4.087924957275390625e-03
4.013598640135986328e-01,3.681108951568603516e-01
3.948605139486051629e-01,1.206207275390625000e-02
3.841615838416158613e-01,1.550352406501770020e+01
1.315879821777343750e-01,1.687288284301757812e-03
3.419005458706531608e-01,4.057645797729492188e-03
3.718004684807268978e-01,4.011631011962890625e-03
1.021897810218978103e-01,3.567712306976318359e-01
9.939006099390060300e-02,1.227140426635742188e-02
3.318668133186681302e-01,1.629827570915222168e+01
1.315879821777343750e-01,1.634359359741210938e-03
1.579772073915786668e-01,4.034757614135742188e-03
8.115336707794307269e-02,4.013061523437500000e-03
4.703529647035296635e-01,3.475770950317382812e-01
4.579542045795420568e-01,1.206827163696289062e-02
5.467453254674532470e-01,1.678854131698608398e+01
5.880985260009765625e-01,2.490043640136718750e-03
3.923789311363641286e-01,4.210948944091796875e-03
5.382074229209012906e-01,1.204085350036621094e-02
9.226077392260774168e-01,3.656263351440429688e-01
9.234076592340766387e-01,1.252937316894531250e-02
8.843115688431156807e-01,1.672403669357299805e+01
5.880985260009765625e-01,1.621484756469726562e-03
9.072374498505958451e-01,4.039049148559570312e-03
9.237634827049060471e-01,4.019498825073242188e-03
1.990800919908009281e-01,3.474414348602294922e-01
1.979802019798020118e-01,1.206922531127929688e-02
3.245675432456754383e-01,1.584777474403381348e+01
1.315879821777343750e-01,1.697063446044921875e-03
2.682599453018811309e-01,4.061937332153320312e-03
2.497885841077205904e-01,3.993511199951171875e-03
7.366263373662633729e-01,3.972067832946777344e-01
7.400259974002599828e-01,1.227426528930664062e-02
8.082191780821917915e-01,1.546136665344238281e+01
5.880985260009765625e-01,1.696348190307617188e-03
5.907690027571760316e-01,4.053115844726562500e-03
7.064411711183689047e-01,4.000902175903320312e-03
3.834616538346165560e-01,4.064607620239257812e-01
4.024597540245975491e-01,1.207351684570312500e-02
2.185781421857814211e-01,1.511707663536071777e+01
2.517223358154296875e-01,2.478361129760742188e-03
3.542086266552281204e-01,4.221916198730468750e-03
3.451501211448045892e-01,4.024505615234375000e-03
1.069893010698930169e-02,3.476884365081787109e-01
1.499850014998500153e-02,1.255631446838378906e-02
1.479852014798520125e-02,1.552392959594726562e+01
5.908966064453125000e-03,1.739025115966796875e-03
2.115574136162414604e-02,4.082679748535156250e-03
1.476027455918406568e-02,4.005432128906250000e-03
3.720627937206279490e-01,3.491930961608886719e-01
3.832616738326167227e-01,1.210737228393554688e-02
3.745625437456254203e-01,1.527370548248291016e+01
2.517223358154296875e-01,1.611232757568359375e-03
3.939607557817106365e-01,4.040956497192382812e-03
3.129920043024043697e-01,3.978729248046875000e-03
4.687531246875312196e-01,3.487074375152587891e-01
4.632536746325367494e-01,1.203775405883789062e-02
4.962503749625037375e-01,1.599617099761962891e+01
4.119014739990234375e-01,1.595497131347656250e-03
4.403003656309556479e-01,4.038810729980468750e-03
4.394694860068585340e-01,3.993749618530273438e-03
3.079692030796920416e-02,3.476762771606445312e-01
3.539646035396460527e-02,1.321148872375488281e-02
9.169083091690831411e-02,1.533252978324890137e+01
1.315879821777343750e-01,1.750230789184570312e-03
5.600751263452170836e-02,4.080772399902343750e-03
2.252719105009803879e-02,4.010677337646484375e-03
1.009899010098990052e-01,3.477461338043212891e-01
1.148885111488851113e-01,1.205253601074218750e-02
2.116788321167883125e-01,1.544410204887390137e+01
1.315879821777343750e-01,1.716613769531250000e-03
1.718972058752130105e-01,4.026412963867187500e-03
9.603115859424832257e-02,3.993034362792968750e-03
1.909809019098090144e-01,4.350478649139404297e-01
1.983801619838016228e-01,1.213335990905761719e-02
7.599240075992401422e-02,1.558335590362548828e+01
2.517223358154296875e-01,1.705884933471679688e-03
1.580712165789551760e-01,4.075050354003906250e-03
2.099795560746202661e-01,3.971815109252929688e-03
3.203679632036796066e-01,3.461151123046875000e-01
3.321667833216678245e-01,1.209354400634765625e-02
1.642835716428357185e-01,1.545458889007568359e+01
4.119014739990234375e-01,2.629041671752929688e-03
3.934588093160719113e-01,4.248857498168945312e-03
3.479971420071926724e-01,4.040002822875976562e-03
2.502749725027497152e-01,3.498525619506835938e-01
2.558744125587441021e-01,1.261639595031738281e-02
5.252474752524747270e-01,1.546148562431335449e+01
2.517223358154296875e-01,1.705169677734375000e-03
3.325096536249020351e-01,4.024744033813476562e-03
2.303369472194336520e-01,3.943681716918945312e-03
4.753524647535246617e-01,3.462874889373779297e-01
4.671532846715328313e-01,1.208019256591796875e-02
6.063393660633936699e-01,1.482321071624755859e+01
8.684120178222656250e-01,1.595735549926757812e-03
5.189686921490995752e-01,4.006862640380859375e-03
4.529167052324661324e-01,3.963470458984375000e-03
5.769423057694230556e-02,3.999595642089843750e-01
6.379362063793621307e-02,1.221704483032226562e-02
9.839016098390160336e-02,1.542122888565063477e+01
1.288414001464843750e-03,1.600503921508789062e-03
1.943562295779266424e-01,4.002094268798828125e-03
5.113795804850387872e-02,3.998279571533203125e-03
5.261473852614738655e-01,3.467273712158203125e-01
5.399460053994600273e-01,1.200461387634277344e-02
3.116688331166883041e-01,1.525980353355407715e+01
2.517223358154296875e-01,2.446651458740234375e-03
5.000157334209603954e-01,4.169702529907226562e-03
5.196400688585732786e-01,4.002094268798828125e-03
8.104189581041896240e-01,3.460590839385986328e-01
8.181181881811818712e-01,1.251101493835449219e-02
6.690330966903309529e-01,1.540869188308715820e+01
5.880985260009765625e-01,1.573085784912109375e-03
7.398402378130046753e-01,4.045963287353515625e-03
7.883234270911658736e-01,3.972291946411132812e-03
7.281271872812719037e-01,3.482005596160888672e-01
7.327267273272672909e-01,1.201701164245605469e-02
8.295170482951704782e-01,1.553405809402465820e+01
5.880985260009765625e-01,1.681089401245117188e-03
6.368348168005310006e-01,4.054307937622070312e-03
6.991361300482449304e-01,3.979682922363281250e-03
3.065693430656934448e-01,3.463490009307861328e-01
3.011698830116988357e-01,1.204109191894531250e-02
5.046495350464953455e-01,1.552647423744201660e+01
5.880985260009765625e-01,1.575231552124023438e-03
3.917476581967204163e-01,4.027605056762695312e-03
2.844083475276224515e-01,3.980398178100585938e-03
8.619138086191380221e-02,3.466670513153076172e-01
8.809119088091191263e-02,1.197433471679687500e-02
1.210878912108789146e-01,1.497999405860900879e+01
1.315879821777343750e-01,2.494335174560546875e-03
1.970643907971247333e-01,4.191637039184570312e-03
6.168864555387103960e-02,3.995895385742187500e-03
8.472152784721528329e-01,3.482570648193359375e-01
8.444155584441556117e-01,1.251220703125000000e-02
6.651334866513348709e-01,1.519333457946777344e+01
5.880985260009765625e-01,1.610279083251953125e-03
8.160489703282295393e-01,3.981351852416992188e-03
8.309012441148246886e-01,3.969192504882812500e-03
3.049695030496950565e-01,3.464984893798828125e-01
3.006699330066993081e-01,1.203012466430664062e-02
2.740725927407259288e-01,1.555126953125000000e+01
2.517223358154296875e-01,1.708745956420898438e-03
3.411230785337205917e-01,4.035234451293945312e-03
2.672751457946931364e-01,3.961086273193359375e-03
1.480851914808519187e-01,3.469774723052978516e-01
1.507849215078492233e-01,1.209354400634765625e-02
2.305769423057694167e-01,1.552601432800292969e+01
4.119014739990234375e-01,1.594781875610351562e-03
2.102705009493633925e-01,4.046678543090820312e-03
1.550638609843464910e-01,3.963232040405273438e-03
3.090690930906909162e-01,3.483910560607910156e-01
3.051694830516948342e-01,1.201653480529785156e-02
3.181681831816818296e-01,1.545755362510681152e+01
5.880985260009765625e-01,2.477884292602539062e-03
2.959909198840411371e-01,4.190444946289062500e-03
2.594212479778341129e-01,4.005432128906250000e-03
1.644835516448355239e-01,3.486883640289306641e-01
1.776822317768223247e-01,1.252508163452148438e-02
4.339566043395660655e-01,1.532598471641540527e+01
2.517223358154296875e-01,1.721858978271484375e-03
2.593783215298500755e-01,4.065036773681640625e-03
1.313346704205724524e-01,4.011392593383789062e-03
6.257374262573742740e-01,3.475425243377685547e-01
6.088391160883911413e-01,1.211762428283691406e-02
6.350364963503649651e-01,1.429797196388244629e+01
7.482776641845703125e-01,1.711606979370117188e-03
6.000873263763810694e-01,4.060029983520507812e-03
5.816751745520650774e-01,4.005432128906250000e-03
9.279072092790721094e-01,3.480656147003173828e-01
9.152084791520848084e-01,1.207470893859863281e-02
7.943205679432057131e-01,1.555156302452087402e+01
8.684120178222656250e-01,1.686573028564453125e-03
7.151863246364986715e-01,4.065036773681640625e-03
9.038553348274148691e-01,3.994226455688476562e-03
9.588041195880412371e-01,3.470869064331054688e-01
9.569043095690430434e-01,1.208829879760742188e-02
9.774022597740226193e-01,1.550831866264343262e+01
9.423408508300781250e-01,2.511739730834960938e-03
9.103931263096163296e-01,4.226207733154296875e-03
9.718272944365389243e-01,4.043817520141601562e-03
4.075592440755924639e-01,3.494420051574707031e-01
4.018598140185981604e-01,1.248979568481445312e-02
5.862413758624137605e-01,1.599965214729309082e+01
7.482776641845703125e-01,9.732723236083984375e-03
4.204891521146214006e-01,4.060268402099609375e-03
3.125532352668033420e-01,1.202249526977539062e-02
8.663133686631336872e-01,3.643972873687744141e-01
8.642135786421357713e-01,1.212263107299804688e-02
7.848215178482151888e-01,1.581454110145568848e+01
5.880985260009765625e-01,1.723527908325195312e-03
7.926984560669749769e-01,4.070043563842773438e-03
9.003498456548086892e-01,3.989934921264648438e-03
3.986601339866013283e-01,3.483762741088867188e-01
3.814618538146185567e-01,1.207137107849121094e-02
7.803219678032197182e-01,1.499361443519592285e+01
4.119014739990234375e-01,1.680850982666015625e-03
4.693849579770104086e-01,4.049062728881835938e-03
3.258254504130810303e-01,3.970861434936523438e-03
1.583841615838416095e-01,3.473389148712158203e-01
1.498850114988501125e-01,1.208710670471191406e-02
2.728727127287271514e-01,1.570032930374145508e+01
4.119014739990234375e-01,2.640247344970703125e-03
2.335486221455738698e-01,4.248857498168945312e-03
1.411590911641819046e-01,4.019737243652343750e-03
5.033496650334966516e-01,3.477985858917236328e-01
5.082491750824917887e-01,1.258134841918945312e-02
3.505649435056494290e-01,1.550026226043701172e+01
5.880985260009765625e-01,1.643419265747070312e-03
5.150457441668444547e-01,4.041910171508789062e-03
4.075511127317419380e-01,3.998994827270507812e-03
1.649835016498350099e-02,3.452181816101074219e-01
1.699830016998300081e-02,1.208376884460449219e-02
3.739626037396260455e-02,1.528848528861999512e+01
1.315879821777343750e-01,1.589059829711914062e-03
3.838250207160683741e-02,4.011392593383789062e-03
1.984628305193971223e-02,3.996849060058593750e-03
1.437856214378562258e-01,3.476848602294921875e-01
1.474852514748525023e-01,1.200366020202636719e-02
1.480851914808519187e-01,1.489290928840637207e+01
1.315879821777343750e-01,1.656055450439453125e-03
2.030972301274018843e-01,4.051446914672851562e-03
1.488801688096371145e-01,3.983736038208007812e-03
9.966003399660033901e-01,3.467524051666259766e-01
9.955004499550045294e-01,1.205563545227050781e-02
9.614038596140386250e-01,1.524395632743835449e+01
9.940910339355468750e-01,2.521753311157226562e-03
9.926981705656893196e-01,4.208087921142578125e-03
9.979277298133210072e-01,4.028797149658203125e-03
8.379162083791620308e-01,3.546619415283203125e-01
8.392160783921608358e-01,1.252841949462890625e-02
8.170182981701830105e-01,1.520429992675781250e+01
7.482776641845703125e-01,1.699686050415039062e-03
8.063414252761063050e-01,4.046440124511718750e-03
8.662339952100217566e-01,3.990173339843750000e-03
8.812118788121188206e-01,3.474273681640625000e-01
8.795120487951204602e-01,1.212573051452636719e-02
6.729327067293270348e-01,1.522422528266906738e+01
7.482776641845703125e-01,1.626491546630859375e-03
8.355495769449265975e-01,4.003286361694335938e-03
8.800005075411063693e-01,3.976583480834960938e-03
2.166783321667833107e-01,3.478410243988037109e-01
2.294770522947705282e-01,1.201248168945312500e-02
1.134886511348865146e-01,1.488315558433532715e+01
2.517223358154296875e-01,1.583814620971679688e-03
2.742098891387950710e-01,4.010677337646484375e-03
2.126514865405241261e-01,3.948211669921875000e-03
1.237876212378762192e-01,3.547880649566650391e-01
1.427857214278572262e-01,1.196432113647460938e-02
2.166783321667833107e-01,1.533250069618225098e+01
4.119014739990234375e-01,2.454996109008789062e-03
2.009709088978374747e-01,4.218339920043945312e-03
1.208111882060501352e-01,4.019737243652343750e-03
5.834416558344165393e-01,3.468132019042968750e-01
5.980401959804019230e-01,1.248764991760253906e-02
5.101489851014898713e-01,1.598810458183288574e+01
5.880985260009765625e-01,9.719610214233398438e-03
6.159900598319909548e-01,4.036188125610351562e-03
5.802983854473384717e-01,3.981590270996093750e-03
4.649535046495350404e-02,3.987801074981689453e-01
5.109489051094890516e-02,1.212477684020996094e-02
5.949405059494050629e-02,1.573725962638854980e+01
1.315879821777343750e-01,1.694440841674804688e-03
9.922619434740520550e-02,4.057884216308593750e-03
4.928408275276073558e-02,3.975868225097656250e-03
7.448255174482552032e-01,3.464071750640869141e-01
7.316268373162683192e-01,1.206874847412109375e-02
5.372462753724627227e-01,1.526590132713317871e+01
5.880985260009765625e-01,1.596689224243164062e-03
6.334045729912540779e-01,4.040956497192382812e-03
7.335922677540194226e-01,3.988504409790039062e-03
8.009199080091990997e-01,3.625872135162353516e-01
7.992200779922007392e-01,1.198077201843261719e-02
9.260073992600740267e-01,1.432249140739440918e+01
8.684120178222656250e-01,2.463579177856445312e-03
7.750084725431212185e-01,4.198312759399414062e-03
8.098269984412098665e-01,4.005193710327148438e-03
1.829817018298170173e-02,3.624408245086669922e-01
2.159784021597840192e-02,1.249170303344726562e-02
5.099490050994900936e-03,1.429923677444458008e+01
5.765914916992187500e-02,1.748561859130859375e-03
2.945659911833453104e-01,4.058122634887695312e-03
1.162436542885723900e-02,3.984928131103515625e-03
6.297370262973702726e-01,3.481097221374511719e-01
6.356364363563643538e-01,1.214385032653808594e-02
3.845615438456154167e-01,1.516703152656555176e+01
4.119014739990234375e-01,1.612186431884765625e-03
6.191095802855448582e-01,4.018783569335937500e-03
5.810754151883988916e-01,3.961324691772460938e-03
4.062593740625937144e-01,3.460886478424072266e-01
4.240575942405759302e-01,1.204919815063476562e-02
4.475552444755524495e-01,1.514035081863403320e+01
5.765914916992187500e-02,1.579284667968750000e-03
3.920987465333802824e-01,4.018783569335937500e-03
4.353394673959751771e-01,3.975868225097656250e-03
8.925107489251075110e-01,3.496448993682861328e-01
8.860113988601140411e-01,1.202940940856933594e-02
4.842515748425157418e-01,1.478595376014709473e+01
7.482776641845703125e-01,2.442121505737304688e-03
7.853978667291834359e-01,4.205465316772460938e-03
8.773189581365345990e-01,3.995895385742187500e-03
2.567743225677432406e-01,3.559620380401611328e-01
2.488751124887511323e-01,1.274085044860839844e-02
2.314768523147685275e-01,1.499586272239685059e+01
5.880985260009765625e-01,1.729011535644531250e-03
2.871737139476533418e-01,4.074096679687500000e-03
2.926241400909431745e-01,3.977537155151367188e-03
2.674732526747325423e-01,3.451488018035888672e-01
2.861713828617138411e-01,1.213264465332031250e-02
2.945705429457054492e-01,1.499956250190734863e+01
5.880985260009765625e-01,1.723527908325195312e-03
4.900378708969244101e-01,4.056930541992187500e-03
3.046679676937421588e-01,4.006385803222656250e-03
9.456054394560543530e-01,3.485546112060546875e-01
9.496050394960503516e-01,1.210641860961914062e-02
9.340065993400660238e-01,1.537089824676513672e+01
9.793052673339843750e-01,1.725435256958007812e-03
9.526436711439545402e-01,4.069328308105468750e-03
9.518886118946972008e-01,4.018306732177734375e-03
9.670032996700329564e-01,3.483102321624755859e-01
9.612038796120387918e-01,1.209545135498046875e-02
9.904009599040095591e-01,1.570919990539550781e+01
9.423408508300781250e-01,2.570867538452148438e-03
9.262946512148815259e-01,4.238843917846679688e-03
9.588083673751476299e-01,4.034519195556640625e-03
8.986101389861014255e-01,3.485617637634277344e-01
8.948105189481051491e-01,1.260447502136230469e-02
8.927107289271073443e-01,1.569128632545471191e+01
9.423408508300781250e-01,1.614332199096679688e-03
8.597528158152629718e-01,4.030227661132812500e-03
8.876675050473751272e-01,3.971338272094726562e-03
2.393760623937606358e-01,4.775371551513671875e-01
2.536746325367463251e-01,1.204323768615722656e-02
2.832716728327167033e-01,1.577178430557250977e+01
4.119014739990234375e-01,1.633167266845703125e-03
2.829905025732407653e-01,1.203799247741699219e-02
2.836029276637948016e-01,4.004001617431640625e-03
1.474852514748525023e-01,3.962254524230957031e-01
1.535846415358464168e-01,1.206398010253906250e-02
1.339866013398660072e-01,1.579772257804870605e+01
2.517223358154296875e-01,2.477645874023437500e-03
2.057227504790602457e-01,4.226207733154296875e-03
1.218345124791632705e-01,4.020690917968750000e-03
8.300169983001699503e-01,3.480725288391113281e-01
8.230176982301770083e-01,1.249122619628906250e-02
5.675432456754324617e-01,1.518534231185913086e+01
8.684120178222656250e-01,1.801967620849609375e-03
8.016017697265297448e-01,4.060268402099609375e-03
8.358204520816348015e-01,3.990650177001953125e-03
2.143785621437856170e-01,3.492293357849121094e-01
2.213778622137786145e-01,1.208281517028808594e-02
3.076692330766923056e-01,1.572557568550109863e+01
5.765914916992187500e-02,1.592159271240234375e-03
1.945646884857100134e-01,4.024267196655273438e-03
1.918706425140188632e-01,3.989458084106445312e-03
5.113488651134886487e-01,3.470087051391601562e-01
5.101489851014898713e-01,1.202559471130371094e-02
4.984501549845015700e-01,1.550043725967407227e+01
5.880985260009765625e-01,1.663208007812500000e-03
5.194555810626280135e-01,4.048824310302734375e-03
4.905379483695949672e-01,3.969907760620117188e-03
2.822717728227177036e-01,3.476111888885498047e-01
2.824717528247175369e-01,1.206803321838378906e-02
3.315668433156684358e-01,1.524423789978027344e+01
1.315879821777343750e-01,2.450704574584960938e-03
4.874726586752237134e-01,4.194498062133789062e-03
2.217774100915161917e-01,4.006385803222656250e-03
8.599140085991401339e-01,3.480548858642578125e-01
8.543145685431456915e-01,1.251196861267089844e-02
8.159184081591840387e-01,1.512350511550903320e+01
7.482776641845703125e-01,2.580881118774414062e-03
8.303463539596893650e-01,4.242658615112304688e-03
8.492200856661571429e-01,4.028797149658203125e-03
7.597240275972402257e-01,3.504178524017333984e-01
7.506249375062493678e-01,1.255178451538085938e-02
7.365263473652634563e-01,1.498537540435791016e+01
5.880985260009765625e-01,2.470254898071289062e-03
7.516817754530982221e-01,4.205703735351562500e-03
7.005935205734643567e-01,4.008531570434570312e-03
4.052594740525947148e-01,3.474059104919433594e-01
4.069593040695930197e-01,1.249337196350097656e-02
3.970602939706029400e-01,1.553705382347106934e+01
7.482776641845703125e-01,1.761436462402343750e-03
3.957717903107267898e-01,4.066944122314453125e-03
3.689689655808189306e-01,4.001379013061523438e-03
8.840115988401160418e-01,3.477265834808349609e-01
8.793120687931207380e-01,1.222586631774902344e-02
8.745125487451255175e-01,1.556494212150573730e+01
7.482776641845703125e-01,2.663850784301757812e-03
8.604685554059309238e-01,4.264354705810546875e-03
8.460639485353027567e-01,4.036664962768554688e-03
6.778322167783221719e-01,3.486857414245605469e-01
6.738326167383261733e-01,1.261878013610839844e-02
6.959304069593040820e-01,1.508800745010375977e+01
7.482776641845703125e-01,1.739263534545898438e-03
6.517198845817686603e-01,4.055738449096679688e-03
6.721245700053720684e-01,3.962516784667968750e-03
9.633036696330367077e-01,3.556292057037353516e-01
9.629037096290370412e-01,1.208782196044921875e-02
9.640035996400360130e-01,1.481706070899963379e+01
5.880985260009765625e-01,1.673698425292968750e-03
8.916076830817422083e-01,4.036664962768554688e-03
9.813384126153696929e-01,3.980636596679687500e-03
4.552544745525447523e-01,4.664354324340820312e-01
4.566543345665433629e-01,1.216030120849609375e-02
4.100589941005899353e-01,1.533665132522583008e+01
4.119014739990234375e-01,1.729011535644531250e-03
4.963969066054956247e-01,4.072189331054687500e-03
4.100793477830991240e-01,4.001855850219726562e-03
9.007099290070993414e-01,3.463749885559082031e-01
9.060093990600940339e-01,1.210117340087890625e-02
9.150084991500849751e-01,1.555566668510437012e+01
7.482776641845703125e-01,2.594947814941406250e-03
8.799962085656718447e-01,4.244089126586914062e-03
9.504564422827587178e-01,4.041194915771484375e-03
4.434556544345565343e-01,3.459267616271972656e-01
4.375562443755624531e-01,1.253938674926757812e-02
4.337566243375662323e-01,1.546334695816040039e+01
1.315879821777343750e-01,1.757621765136718750e-03
4.443667159570030556e-01,4.076004028320312500e-03
3.996577562382241933e-01,4.006624221801757812e-03
1.442855714428557257e-01,3.514006137847900391e-01
1.502849715028497235e-01,1.220130920410156250e-02
2.060793920607939256e-01,1.482472157478332520e+01
5.880985260009765625e-01,1.649379730224609375e-03
2.548454707286409437e-01,4.065513610839843750e-03
1.201868697423669752e-01,3.944158554077148438e-03
7.313268673132686803e-01,3.461773395538330078e-01
7.128287171282872148e-01,1.212096214294433594e-02
6.860313968603140022e-01,1.544093441963195801e+01
8.684120178222656250e-01,1.731872558593750000e-03
6.293339315912227505e-01,4.067659378051757812e-03
6.990212609743631234e-01,4.003047943115234375e-03
6.694330566943306193e-01,3.472697734832763672e-01
6.788321167883211160e-01,1.208543777465820312e-02
6.343365663433656598e-01,1.539042377471923828e+01
4.119014739990234375e-01,2.510309219360351562e-03
6.280023756404815582e-01,4.217147827148437500e-03
6.975700852211856873e-01,4.027128219604492188e-03
7.955204479552044905e-01,3.501973152160644531e-01
7.783221677832217189e-01,1.253461837768554688e-02
7.536246375362464223e-01,1.520478081703186035e+01
2.517223358154296875e-01,1.695871353149414062e-03
7.597291839202602315e-01,4.034757614135742188e-03
8.050664411679198107e-01,3.981590270996093750e-03
1.184881511848815128e-01,4.251186847686767578e-01
1.220877912208779142e-01,2.817940711975097656e-02
9.289071092890710535e-02,1.531895613670349121e+01
5.765914916992187500e-02,1.634120941162109375e-03
1.477040709295757148e-01,4.073619842529296875e-03
9.446461329230160242e-02,3.984689712524414062e-03
7.643235676432357240e-01,3.492093086242675781e-01
7.817218278172183288e-01,1.206254959106445312e-02
7.855214478552144941e-01,1.548449182510375977e+01
4.119014739990234375e-01,1.592636108398437500e-03
6.867442248327151333e-01,4.027366638183593750e-03
7.956368598509921952e-01,3.982782363891601562e-03
8.530146985301469975e-01,3.491630554199218750e-01
8.469153084691530831e-01,1.202607154846191406e-02
7.986201379862013505e-01,1.504932522773742676e+01
8.684120178222656250e-01,2.491474151611328125e-03
7.679808463384010242e-01,4.215002059936523438e-03
7.629505399105831476e-01,4.013776779174804688e-03
3.082691730826917498e-01,3.487191200256347656e-01
3.107689231076892211e-01,1.250243186950683594e-02
2.891710828917108400e-01,1.580700373649597168e+01
7.482776641845703125e-01,1.588821411132812500e-03
3.778096103438398634e-01,4.019498825073242188e-03
2.988851553791948001e-01,3.994941711425781250e-03
8.781121887811218496e-01,3.505132198333740234e-01
8.722127787221277684e-01,1.203536987304687500e-02
8.571142885711429127e-01,1.529098415374755859e+01
7.482776641845703125e-01,1.592159271240234375e-03
8.509737555513702256e-01,4.010200500488281250e-03
8.919594170984086468e-01,3.971815109252929688e-03
2.132786721327867285e-01,3.529846668243408203e-01
2.146785321467853114e-01,1.220273971557617188e-02
1.599840015998400256e-01,1.561630511283874512e+01
2.517223358154296875e-01,1.628398895263671875e-03
2.451698922722836960e-01,4.051923751831054688e-03
2.208669643222239132e-01,3.997325897216796875e-03
7.897210278972103259e-01,3.467020988464355469e-01
7.915208479152084919e-01,1.200556755065917969e-02
9.367063293670633284e-01,1.523970413208007812e+01
9.793052673339843750e-01,2.629518508911132812e-03
6.288264922223717468e-01,4.246473312377929688e-03
8.239004800173330700e-01,4.027366638183593750e-03
4.699530046995300386e-02,3.474819660186767578e-01
5.309469053094690444e-02,1.257729530334472656e-02
6.289371062893710229e-02,1.590790367126464844e+01
2.517223358154296875e-01,1.641273498535156250e-03
6.142403381388375494e-02,4.060029983520507812e-03
9.563998282472147006e-02,4.032135009765625000e-03
2.121787821217878123e-01,3.498177528381347656e-01
2.169783021697830327e-01,1.208138465881347656e-02
2.139786021397860338e-01,1.526597523689270020e+01
4.119014739990234375e-01,1.688480377197265625e-03
2.688846492294253432e-01,4.087448120117187500e-03
2.539865869380543151e-01,3.990888595581054688e-03
1.795820417958204074e-01,3.493688106536865234e-01
1.755824417558244088e-01,1.210951805114746094e-02
1.313868613138686192e-01,1.563110589981079102e+01
1.315879821777343750e-01,1.630067825317382812e-03
1.438677012077750339e-01,4.034280776977539062e-03
2.263194519432619733e-01,3.996372222900390625e-03
1.023897610238976158e-01,4.229211807250976562e-01
1.256874312568743157e-01,1.204037666320800781e-02
8.279172082791720622e-02,1.514046716690063477e+01
4.119014739990234375e-01,2.601861953735351562e-03
1.868444146938730843e-01,4.264354705810546875e-03
8.474139836335708997e-02,4.027843475341796875e-03
9.122087791220877540e-01,3.485531806945800781e-01
9.095090490950904494e-01,1.258945465087890625e-02
8.675132486751324645e-01,1.562944889068603516e+01
8.684120178222656250e-01,1.630783081054687500e-03
8.849716907707509961e-01,4.024982452392578125e-03
9.147408454046824788e-01,4.003047943115234375e-03
7.599240075992400902e-03,3.514351844787597656e-01
5.999400059994000438e-03,1.207995414733886719e-02
9.499050094990501777e-03,1.510830473899841309e+01
1.315879821777343750e-01,1.600265502929687500e-03
2.574513548732810034e-02,4.022121429443359375e-03
1.206202482190340923e-02,3.989219665527343750e-03
5.991400859914008947e-01,3.474550247192382812e-01
6.130386961303869731e-01,1.203942298889160156e-02
6.303369663033696613e-01,1.564085340499877930e+01
4.119014739990234375e-01,1.591205596923828125e-03
6.090480553615809090e-01,4.016637802124023438e-03
5.654228817422046749e-01,3.968477249145507812e-03
7.169283071692830189e-01,3.480145931243896484e-01
7.015298470152985244e-01,1.200985908508300781e-02
7.522247775222478117e-01,1.543222713470458984e+01
5.880985260009765625e-01,2.669572830200195312e-03
6.715629581572374329e-01,4.289865493774414062e-03
7.307462458083220369e-01,4.035711288452148438e-03
7.024297570242975519e-01,3.472149372100830078e-01
6.837316268373162531e-01,1.260399818420410156e-02
8.482151784821517770e-01,1.535331845283508301e+01
2.517223358154296875e-01,1.689672470092773438e-03
6.589625901404689845e-01,4.051923751831054688e-03
7.246795033710944356e-01,3.957748413085937500e-03
2.480751924807519382e-01,3.517014980316162109e-01
2.611738826117388501e-01,1.217699050903320312e-02
2.927707229277072276e-01,1.561115312576293945e+01
4.119014739990234375e-01,1.728534698486328125e-03
3.726424417288117796e-01,4.054546356201171875e-03
3.189505221553180503e-01,3.992795944213867188e-03
9.846015398460153945e-01,3.469889163970947266e-01
9.855014498550145330e-01,1.208877563476562500e-02
9.366063393660634118e-01,1.541648221015930176e+01
7.482776641845703125e-01,1.624345779418945312e-03
9.445752399055288295e-01,4.074811935424804688e-03
9.971119233438205942e-01,3.988742828369140625e-03
4.879512048795120460e-01,3.701288700103759766e-01
4.916508349165083502e-01,1.206827163696289062e-02
4.735526447355264401e-01,1.519907426834106445e+01
5.880985260009765625e-01,2.655744552612304688e-03
4.633900622769475675e-01,4.277944564819335938e-03
5.238270276632823741e-01,4.033088684082031250e-03
9.526047395260474060e-01,3.485522270202636719e-01
9.508049195080492400e-01,1.257729530334472656e-02
9.423057694230576598e-01,1.527705812454223633e+01
8.684120178222656250e-01,1.606464385986328125e-03
8.922722906968678647e-01,4.053115844726562500e-03
9.546427460068848125e-01,3.977298736572265625e-03
9.855014498550145330e-01,3.480315208435058594e-01
9.867013298670133103e-01,1.204204559326171875e-02
9.871012898710128658e-01,1.555657172203063965e+01
9.793052673339843750e-01,1.604795455932617188e-03
7.269137291158276337e-01,4.016160964965820312e-03
9.875781491199691065e-01,3.957748413085937500e-03
8.194180581941805652e-01,3.474550247192382812e-01
8.257174282571743129e-01,1.201629638671875000e-02
8.345165483451655319e-01,1.553187990188598633e+01
5.880985260009765625e-01,2.533674240112304688e-03
7.733444039078525289e-01,4.216909408569335938e-03
8.060766612292955546e-01,4.028081893920898438e-03
5.337466253374663072e-01,3.490974903106689453e-01
5.369463053694630839e-01,1.254367828369140625e-02
5.082491750824917887e-01,1.534285902976989746e+01
5.880985260009765625e-01,1.662254333496093750e-03
5.133495850694315132e-01,4.055738449096679688e-03
5.414424052988001668e-01,3.972053527832031250e-03
2.344765523447655264e-01,3.502988815307617188e-01
2.297770222977702226e-01,1.207876205444335938e-02
4.342565743425657598e-01,1.500948739051818848e+01
1.315879821777343750e-01,1.697063446044921875e-03
3.051032202317304209e-01,4.069328308105468750e-03
2.800585597547946004e-01,3.978252410888671875e-03
2.852714728527147026e-01,3.901338577270507812e-01
3.220677932206779115e-01,2.810239791870117188e-02
2.817718228177182316e-01,1.559271240234375000e+01
5.880985260009765625e-01,1.706361770629882812e-03
3.833005468391206816e-01,4.069089889526367188e-03
2.997711398997554566e-01,1.203894615173339844e-02
9.339066093390661072e-01,3.645346164703369141e-01
9.296070392960703588e-01,1.208376884460449219e-02
9.646035396460354017e-01,1.597886776924133301e+01
7.482776641845703125e-01,2.608776092529296875e-03
8.316794504985765002e-01,4.253149032592773438e-03
9.623161235177041251e-01,4.037618637084960938e-03
7.332266773322667630e-01,3.814163208007812500e-01
7.234276572342765999e-01,1.260161399841308594e-02
7.245275472452754606e-01,1.575064110755920410e+01
5.880985260009765625e-01,1.610040664672851562e-03
5.911860438754865665e-01,4.020690917968750000e-03
6.695506923242871000e-01,4.011154174804687500e-03
8.883111688831116792e-01,3.489694595336914062e-01
8.997100289971002862e-01,1.208138465881347656e-02
8.482151784821517770e-01,1.579039335250854492e+01
8.684120178222656250e-01,1.621007919311523438e-03
8.359460509059877253e-01,4.009008407592773438e-03
8.664410439489607096e-01,4.008769989013671875e-03
6.475352464753524329e-01,3.472466468811035156e-01
6.376362363763623531e-01,1.203560829162597656e-02
4.695530446955304416e-01,1.568756508827209473e+01
5.880985260009765625e-01,1.642942428588867188e-03
5.740136413986089980e-01,4.054546356201171875e-03
6.264574202218780030e-01,4.003286361694335938e-03
2.125787421257874232e-01,4.358134269714355469e-01
2.189781021897810320e-01,1.202130317687988281e-02
1.387861213878612276e-01,1.573959565162658691e+01
4.119014739990234375e-01,2.586603164672851562e-03
2.760786672893346116e-01,4.243850708007812500e-03
1.977114271134342571e-01,4.018783569335937500e-03
6.216378362163783589e-01,3.492288589477539062e-01
5.930406959304069803e-01,1.256775856018066406e-02
4.569543045695430572e-01,1.567888998985290527e+01
9.793052673339843750e-01,1.635789871215820312e-03
5.172808488954341311e-01,4.059553146362304688e-03
6.555702087880763695e-01,3.964424133300781250e-03
2.687731226877312363e-01,4.279532432556152344e-01
2.741725827417258454e-01,2.805852890014648438e-02
2.661733826617338483e-01,1.611448764801025391e+01
4.119014739990234375e-01,1.655340194702148438e-03
3.236242998851531771e-01,4.036426544189453125e-03
2.689296804086542814e-01,3.991127014160156250e-03
2.879712028797120141e-02,3.743352890014648438e-01
3.359664033596640453e-02,1.228904724121093750e-02
3.649635036496350071e-02,1.588641428947448730e+01
2.069473266601562500e-02,1.606225967407226562e-03
5.946131597290166965e-02,4.002571105957031250e-03
2.311795513397090981e-02,3.980159759521484375e-03
1.034896510348965043e-01,3.486855030059814453e-01
1.212878712128787062e-01,1.209640502929687500e-02
1.881811818818118209e-01,1.500321316719055176e+01
2.069473266601562500e-02,2.601146697998046875e-03
1.492318914710160094e-01,4.281997680664062500e-03
1.120907266077894593e-01,4.024744033813476562e-03
7.689231076892311112e-01,3.494648933410644531e-01
7.621237876212378914e-01,1.259183883666992188e-02
8.721127887211278518e-01,1.384800076484680176e+01
5.880985260009765625e-01,1.666784286499023438e-03
7.068628067828587325e-01,4.074335098266601562e-03
7.528877249551204631e-01,3.985404968261718750e-03
9.362063793620637453e-01,3.485624790191650391e-01
9.331066893310668853e-01,1.211881637573242188e-02
9.500049995000500180e-01,1.554608607292175293e+01
5.880985260009765625e-01,1.745700836181640625e-03
9.621216392658983318e-01,4.072427749633789062e-03
9.406345178505863824e-01,4.002809524536132812e-03
9.594040595940406257e-01,5.344603061676025391e-01
9.650034996500349571e-01,1.211071014404296875e-02
9.561043895610439325e-01,1.553258228302001953e+01
8.684120178222656250e-01,1.646757125854492188e-03
5.146385045654079393e-01,4.055023193359375000e-03
9.489084331600272648e-01,4.012584686279296875e-03
7.277272272772722372e-01,3.484227657318115234e-01
7.200279972002799900e-01,1.209807395935058594e-02
6.017398260173982827e-01,1.598128652572631836e+01
8.684120178222656250e-01,2.511024475097656250e-03
5.697334443078568844e-01,4.224538803100585938e-03
7.634711710174337806e-01,4.020214080810546875e-03
7.498250174982501459e-01,6.646296977996826172e-01
7.397260273972602329e-01,1.254773139953613281e-02
7.344265573442655404e-01,1.589972496032714844e+01
4.119014739990234375e-01,1.631498336791992188e-03
6.652285067525121054e-01,4.058122634887695312e-03
7.579909492181646780e-01,3.983020782470703125e-03
4.899510048995100453e-01,3.475003242492675781e-01
5.003499650034995971e-01,1.208782196044921875e-02
6.305369463053694945e-01,1.609158468246459961e+01
4.119014739990234375e-01,1.797437667846679688e-03
4.800432817063912672e-01,4.338979721069335938e-03
4.987204067556150755e-01,4.521608352661132812e-03
6.152384761523848056e-01,4.026064872741699219e-01
6.142385761423857504e-01,1.285457611083984375e-02
6.554344565543445134e-01,1.595676088333129883e+01
1.315879821777343750e-01,1.736879348754882812e-03
5.240619141012995419e-01,4.416704177856445312e-03
5.469013791041140715e-01,3.995895385742187500e-03
7.449255074492551199e-01,3.506667613983154297e-01
7.522247775222478117e-01,1.210689544677734375e-02
6.678332166783321755e-01,1.573205709457397461e+01
5.880985260009765625e-01,2.643585205078125000e-03
6.694305659761052851e-01,4.265069961547851562e-03
7.762401682258004421e-01,4.051446914672851562e-03
5.562443755624437713e-01,4.041106700897216797e-01
5.294470552944705588e-01,1.264953613281250000e-02
5.830416958304169839e-01,1.573069071769714355e+01
4.119014739990234375e-01,1.732826232910156250e-03
4.666757397975053179e-01,4.061222076416015625e-03
5.862686316798847441e-01,3.973484039306640625e-03
1.074892510748925167e-01,3.475098609924316406e-01
1.074892510748925167e-01,1.210927963256835938e-02
9.729027097290271486e-02,1.576379394531250000e+01
2.517223358154296875e-01,1.726865768432617188e-03
3.483624824245820095e-01,4.053115844726562500e-03
9.615506069016749313e-02,4.006624221801757812e-03
9.509049095090490455e-01,3.545117378234863281e-01
9.533046695330467113e-01,1.210904121398925781e-02
9.398060193980601884e-01,1.567731595039367676e+01
2.517223358154296875e-01,2.094507217407226562e-03
8.826039828113682040e-01,4.077672958374023438e-03
9.722424936398187389e-01,4.026651382446289062e-03
9.985001499850014728e-01,3.480346202850341797e-01
9.985001499850014728e-01,1.209831237792968750e-02
9.989001099890011393e-01,1.547967195510864258e+01
9.940910339355468750e-01,2.601385116577148438e-03
9.574567248670798891e-01,4.235506057739257812e-03
9.993527436780785811e-01,4.010438919067382812e-03
9.146085391460854197e-01,3.481316566467285156e-01
9.172082791720828077e-01,1.256799697875976562e-02
9.155084491550844472e-01,1.508742284774780273e+01
8.684120178222656250e-01,1.751661300659179688e-03
8.405594400853740877e-01,4.073381423950195312e-03
9.513771282901093418e-01,3.973960876464843750e-03
3.296670332966703532e-01,3.464505672454833984e-01
3.415658434156584322e-01,1.218652725219726562e-02
2.443755624437556340e-01,1.572089219093322754e+01
5.880985260009765625e-01,1.733779907226562500e-03
4.564548735067466834e-01,4.056692123413085938e-03
2.659528518903873096e-01,3.977298736572265625e-03
2.331766823317668325e-01,3.476622104644775391e-01
2.446755324467553283e-01,1.212382316589355469e-02
1.709829017098290216e-01,1.544448733329772949e+01
4.119014739990234375e-01,1.709699630737304688e-03
3.285512835157541334e-01,4.091978073120117188e-03
2.137899584774858308e-01,4.010915756225585938e-03
2.578742125787421013e-01,3.492393493652343750e-01
2.583741625837416289e-01,1.211547851562500000e-02
1.992800719928007336e-01,1.553401732444763184e+01
5.880985260009765625e-01,2.557992935180664062e-03
3.654382675590418517e-01,4.243373870849609375e-03
2.483364353741359665e-01,4.039525985717773438e-03
7.297270272972702365e-01,3.490149974822998047e-01
7.242275772422758218e-01,1.255559921264648438e-02
7.522247775222478117e-01,1.510458564758300781e+01
5.880985260009765625e-01,1.678705215454101562e-03
6.523352268829201162e-01,4.080057144165039062e-03
7.230076749143494741e-01,3.976821899414062500e-03
9.045095490450955067e-01,3.473582267761230469e-01
9.010098990100989802e-01,1.207637786865234375e-02
8.157184281571843165e-01,1.555849361419677734e+01
8.684120178222656250e-01,1.716136932373046875e-03
8.261597329534087208e-01,4.083871841430664062e-03
8.962326401791864683e-01,3.998994827270507812e-03
9.956004399560044460e-01,3.526091575622558594e-01
9.956004399560044460e-01,1.243805885314941406e-02
9.930006999300069470e-01,1.504896807670593262e+01
4.119014739990234375e-01,1.720905303955078125e-03
9.753551402144227112e-01,4.077672958374023438e-03
9.934087203156312107e-01,3.988504409790039062e-03
2.665733426657334038e-01,3.516755104064941406e-01
2.711728827117288465e-01,1.242136955261230469e-02
1.016898310168983105e-01,1.530672740936279297e+01
2.517223358154296875e-01,2.636671066284179688e-03
3.201772577981137902e-01,4.273653030395507812e-03
2.899304810959792977e-01,4.035234451293945312e-03
8.919108089191081223e-01,3.477249145507812500e-01
8.865113488651135132e-01,1.261663436889648438e-02
7.662233776622338066e-01,1.609595131874084473e+01
5.880985260009765625e-01,1.716613769531250000e-03
8.073615571615374575e-01,4.060506820678710938e-03
9.158169823936517240e-01,3.982782363891601562e-03
5.335466453354664740e-01,3.482573032379150391e-01
5.222477752224777836e-01,1.210141181945800781e-02
5.337466253374663072e-01,1.541695761680603027e+01
2.517223358154296875e-01,1.724243164062500000e-03
5.017839074638799080e-01,4.053831100463867188e-03
5.189812775501734254e-01,3.999710083007812500e-03
2.669733026697330286e-02,3.447182178497314453e-01
2.949705029497050324e-02,1.208853721618652344e-02
3.039696030396960361e-02,1.553338766098022461e+01
2.517223358154296875e-01,1.721620559692382812e-03
9.603209855164596132e-02,4.035472869873046875e-03
3.785843917544712972e-02,3.981828689575195312e-03
8.619138086191380221e-02,3.461792469024658203e-01
9.339066093390660517e-02,1.210069656372070312e-02
3.213678632136786062e-01,1.537008166313171387e+01
2.517223358154296875e-01,2.508878707885742188e-03
2.522707658904851380e-01,4.208087921142578125e-03
5.491875664583472511e-02,4.039049148559570312e-03
3.079692030796920416e-02,3.463561534881591797e-01
3.149685031496850252e-02,1.255583763122558594e-02
5.479452054794520244e-02,1.514895749092102051e+01
5.765914916992187500e-02,1.724958419799804688e-03
2.507215067025683197e-01,4.056930541992187500e-03
2.694085619348991767e-02,3.973484039306640625e-03
4.964503549645035707e-01,3.472933769226074219e-01
4.766523347665233556e-01,1.209712028503417969e-02
4.273572642735726235e-01,1.536591482162475586e+01
9.423408508300781250e-01,1.717805862426757812e-03
5.631255374731760632e-01,4.056692123413085938e-03
4.435264401846750193e-01,3.991842269897460938e-03
4.935506449355064329e-01,3.474664688110351562e-01
4.891510848915108234e-01,1.212310791015625000e-02
5.132486751324867313e-01,1.589368247985839844e+01
8.684120178222656250e-01,1.634120941162109375e-03
4.996621482810084114e-01,4.022598266601562500e-03
4.894225662644036690e-01,3.996133804321289062e-03
7.321267873212679023e-01,3.477895259857177734e-01
7.392260773922607608e-01,1.211786270141601562e-02
7.386261373862613722e-01,1.514568781852722168e+01
7.482776641845703125e-01,2.577066421508789062e-03
6.992629980570539416e-01,4.220962524414062500e-03
7.360611843478075400e-01,4.040479660034179688e-03
2.010798920107989274e-01,3.472568988800048828e-01
2.051794820517948148e-01,1.258182525634765625e-02
3.277672232776722150e-01,1.517483782768249512e+01
5.880985260009765625e-01,1.664400100708007812e-03
3.476424416352706381e-01,4.059314727783203125e-03
1.821052349165738216e-01,3.980398178100585938e-03
2.031796820317968155e-01,3.478474617004394531e-01
2.031796820317968155e-01,1.209425926208496094e-02
3.463653634636536527e-01,1.513925409317016602e+01
5.880985260009765625e-01,1.667022705078125000e-03
3.316487137016331799e-01,4.037857055664062500e-03
1.851517917646446909e-01,4.004478454589843750e-03
8.105189481051894296e-01,3.479306697845458984e-01
7.988201179882011838e-01,1.208829879760742188e-02
7.565243475652434491e-01,1.491751599311828613e+01
7.482776641845703125e-01,1.649618148803710938e-03
6.701043984047908575e-01,4.045724868774414062e-03
7.996898980519530076e-01,3.965139389038085938e-03
4.606539346065393614e-01,3.496644496917724609e-01
4.689531046895310529e-01,1.204442977905273438e-02
5.054494550544945675e-01,1.450750756263732910e+01
4.119014739990234375e-01,2.631902694702148438e-03
4.805763695658941681e-01,4.242897033691406250e-03
5.065475618373774802e-01,4.026174545288085938e-03
7.801219878012198850e-01,3.477692604064941406e-01
7.779222077792220524e-01,1.258087158203125000e-02
7.426257374262573707e-01,1.571884989738464355e+01
5.880985260009765625e-01,1.726627349853515625e-03
7.242804922316028460e-01,4.099607467651367188e-03
7.307780290693847158e-01,4.006385803222656250e-03
5.472452754724527191e-01,3.477451801300048828e-01
5.422457754224577764e-01,1.208043098449707031e-02
4.829517048295170478e-01,1.567227911949157715e+01
7.482776641845703125e-01,1.740932464599609375e-03
5.332030021314156931e-01,4.047393798828125000e-03
4.797751240900063885e-01,4.001617431640625000e-03
5.380461953804619446e-01,3.660290241241455078e-01
5.388461153884611665e-01,2.808237075805664062e-02
5.423457654234576930e-01,1.670190978050231934e+01
2.517223358154296875e-01,1.754760742187500000e-03
4.979283363163083953e-01,4.094839096069335938e-03
4.450106028607129227e-01,4.002571105957031250e-03
8.429157084291570845e-01,3.467667102813720703e-01
8.335166483351664768e-01,1.209712028503417969e-02
7.047295270472953010e-01,1.581163263320922852e+01
8.684120178222656250e-01,2.550363540649414062e-03
7.398940136085301322e-01,4.206180572509765625e-03
8.258272013526459787e-01,4.014015197753906250e-03
7.685231476852314447e-01,3.479771614074707031e-01
7.582241775822418095e-01,1.256799697875976562e-02
8.452154784521548336e-01,1.491778349876403809e+01
5.880985260009765625e-01,1.725912094116210938e-03
7.456774723340658939e-01,4.085779190063476562e-03
7.401428096594195871e-01,3.996133804321289062e-03
5.416458354164583877e-01,3.541593551635742188e-01
5.546445355464453275e-01,1.210641860961914062e-02
5.781421857814218468e-01,1.512744545936584473e+01
4.119014739990234375e-01,1.734018325805664062e-03
5.847031518259203642e-01,4.053115844726562500e-03
4.859495053679063203e-01,3.991127014160156250e-03
5.335466453354664740e-01,3.528606891632080078e-01
5.326467353264673354e-01,1.233196258544921875e-02
4.933506649335066552e-01,1.511698675155639648e+01
2.517223358154296875e-01,1.716136932373046875e-03
5.048390926006409707e-01,4.061460494995117188e-03
4.951907046337218898e-01,4.005193710327148438e-03
4.686531346865313585e-01,3.969640731811523438e-01
5.020497950204979576e-01,1.227331161499023438e-02
4.458554144585541446e-01,1.521185874938964844e+01
5.880985260009765625e-01,2.652168273925781250e-03
4.998511567625673613e-01,4.261016845703125000e-03
3.688692665358808132e-01,4.015684127807617188e-03
9.104089591040895879e-01,3.471348285675048828e-01
8.989101089891010643e-01,1.263093948364257812e-02
9.309069093090690528e-01,1.575372505187988281e+01
7.482776641845703125e-01,1.753330230712890625e-03
7.028103279453203900e-01,4.058361053466796875e-03
8.844762859531054566e-01,3.984689712524414062e-03
2.339766023397660266e-01,3.468527793884277344e-01
2.417758224177582183e-01,1.212334632873535156e-02
1.654834516548345236e-01,1.503023672103881836e+01
4.119014739990234375e-01,1.657962799072265625e-03
3.811440011696115571e-01,4.073858261108398438e-03
2.513532565374010930e-01,3.991842269897460938e-03
4.784521547845215217e-01,3.483109474182128906e-01
5.031496850314968183e-01,1.207923889160156250e-02
4.567543245675432240e-01,1.584920072555541992e+01
1.315879821777343750e-01,1.719951629638671875e-03
4.771435525421588997e-01,4.079341888427734375e-03
5.046712979941577748e-01,3.991127014160156250e-03
6.747325267473253119e-01,3.547873497009277344e-01
6.758324167583241726e-01,1.209259033203125000e-02
7.970202979702030177e-01,1.549705862998962402e+01
4.119014739990234375e-01,2.657651901245117188e-03
6.256066870261797197e-01,4.251956939697265625e-03
6.592279125787057215e-01,4.040718078613281250e-03
4.692530746925307472e-01,3.612248897552490234e-01
4.730526947305269680e-01,1.260089874267578125e-02
5.172482751724827299e-01,1.525365948677062988e+01
7.482776641845703125e-01,1.700162887573242188e-03
4.778018115953714950e-01,4.052162170410156250e-03
4.259122412243809275e-01,3.990888595581054688e-03
2.633736626337366271e-01,3.482077121734619141e-01
2.697730226977302359e-01,1.212596893310546875e-02
1.794820517948205185e-01,1.545757651329040527e+01
2.517223358154296875e-01,1.634597778320312500e-03
3.241816175213226292e-01,4.021883010864257812e-03
2.768516716763372854e-01,3.971338272094726562e-03
4.405559444055594520e-01,5.049250125885009766e-01
4.527547245275472254e-01,1.212596893310546875e-02
5.634436556344365465e-01,1.549585294723510742e+01
4.119014739990234375e-01,2.531766891479492188e-03
4.518682683101755693e-01,4.217863082885742188e-03
5.483708497006191118e-01,4.023313522338867188e-03
7.589241075892411148e-01,3.498268127441406250e-01
7.446255374462553700e-01,1.254963874816894531e-02
7.888211178882111874e-01,1.557661247253417969e+01
8.684120178222656250e-01,1.663923263549804688e-03
6.899704156348438477e-01,4.054307937622070312e-03
7.001602796351973357e-01,3.979206085205078125e-03
3.458654134586541251e-01,3.469347953796386719e-01
3.523647635236476505e-01,1.210427284240722656e-02
3.657634236576342568e-01,1.510706233978271484e+01
5.765914916992187500e-02,1.737594604492187500e-03
3.545846054517395873e-01,4.076957702636718750e-03
3.733813402545667626e-01,3.983259201049804688e-03
2.023797620237976214e-01,3.472676277160644531e-01
2.108789121087891183e-01,1.209521293640136719e-02
2.998700129987001417e-01,1.582389855384826660e+01
2.517223358154296875e-01,1.651048660278320312e-03
2.381577749152125612e-01,4.054546356201171875e-03
2.289961467980462517e-01,4.021406173706054688e-03
4.316568343165683164e-01,3.479211330413818359e-01
4.243575642435756246e-01,1.208996772766113281e-02
4.717528247175282741e-01,1.554287815093994141e+01
5.765914916992187500e-02,2.626419067382812500e-03
4.576454687824131895e-01,4.245042800903320312e-03
4.414284038802878118e-01,4.022359848022460938e-03
3.420657934206579598e-01,5.375192165374755859e-01
3.507649235076492622e-01,2.059006690979003906e-02
3.518648135186481229e-01,1.555780911445617676e+01
2.517223358154296875e-01,1.754999160766601562e-03
4.793682437206228664e-01,4.101514816284179688e-03
2.645525765936243001e-01,4.010677337646484375e-03
8.933106689331067329e-01,3.492541313171386719e-01
8.875112488751124573e-01,1.211881637573242188e-02
8.116188381161884013e-01,1.526527214050292969e+01
4.119014739990234375e-01,1.727581024169921875e-03
8.845592626464114927e-01,4.076242446899414062e-03
9.305139350647816388e-01,4.015922546386718750e-03
9.787021297870213132e-01,3.471834659576416016e-01
9.767023297670233140e-01,1.213026046752929688e-02
9.793020697930207019e-01,1.547828793525695801e+01
7.482776641845703125e-01,1.731634140014648438e-03
9.763393557764090680e-01,4.058122634887695312e-03
9.823008294286772468e-01,3.982543945312500000e-03
4.980501949805019590e-01,3.468115329742431641e-01
4.975502449755024315e-01,1.205658912658691406e-02
4.558544145585441409e-01,1.656903839111328125e+01
1.315879821777343750e-01,2.686262130737304688e-03
4.605330176955758636e-01,4.241228103637695312e-03
4.626900162165237806e-01,4.037141799926757812e-03
2.689731026897310140e-01,3.474292755126953125e-01
2.701729827017298469e-01,1.269936561584472656e-02
2.503749625037496318e-01,1.537078118324279785e+01
7.482776641845703125e-01,1.757860183715820312e-03
2.462918270105541874e-01,4.075765609741210938e-03
2.817121559320830970e-01,4.034280776977539062e-03
6.412358764123587962e-01,3.564810752868652344e-01
6.397360263973602690e-01,1.265120506286621094e-02
8.108189181081891794e-01,1.536066937446594238e+01
5.880985260009765625e-01,1.819849014282226562e-03
5.781385754236032515e-01,4.226207733154296875e-03
6.043702297936754952e-01,3.999710083007812500e-03
2.413758624137586350e-01,3.651530742645263672e-01
2.414758524147585239e-01,1.218533515930175781e-02
3.341665833416658238e-01,1.626658439636230469e+01
2.517223358154296875e-01,1.746177673339843750e-03
3.367729470867695252e-01,4.052639007568359375e-03
2.595914190729076143e-01,4.007339477539062500e-03
8.033196680331966544e-01,3.463690280914306641e-01
8.096190380961904021e-01,1.208519935607910156e-02
6.820317968203180037e-01,1.537376832962036133e+01
5.880985260009765625e-01,2.656221389770507812e-03
6.359856219441593073e-01,4.263639450073242188e-03
8.034900479938460460e-01,4.038095474243164062e-03
3.396660333966603496e-01,3.491723537445068359e-01
3.404659534046595160e-01,1.258206367492675781e-02
3.255674432556744380e-01,1.551863026618957520e+01
4.119014739990234375e-01,1.758337020874023438e-03
3.461009269603628757e-01,4.061937332153320312e-03
3.210496820069209667e-01,4.002094268798828125e-03
7.825217478252174397e-01,3.474612236022949219e-01
7.929207079292071025e-01,1.211023330688476562e-02
7.296270372962703199e-01,1.562612915039062500e+01
2.517223358154296875e-01,1.731157302856445312e-03
7.898863492677627995e-01,4.070281982421875000e-03
6.924110295133130144e-01,3.999471664428710938e-03
4.574542545745425293e-01,3.486628532409667969e-01
4.644535546445355267e-01,1.213860511779785156e-02
3.955604439556044127e-01,2.206119441986083984e+01
7.482776641845703125e-01,1.749038696289062500e-03
4.249458767312982443e-01,4.060268402099609375e-03
5.022221678263224520e-01,1.592779159545898438e-02
8.791120887911209048e-01,8.407106399536132812e-01
8.763123687631236836e-01,2.417278289794921875e-02
8.978102189781022036e-01,2.702756857872009277e+01
8.684120178222656250e-01,1.480603218078613281e-02
8.507936871443255722e-01,4.431962966918945312e-03
8.386611069627509796e-01,1.211714744567871094e-02
5.579442055794420902e-02,7.176113128662109375e-01
6.389361063893610193e-02,2.544546127319335938e-02
9.529047095290471558e-02,2.610948324203491211e+01
2.069473266601562500e-02,1.783132553100585938e-03
9.787555787514123917e-02,4.134654998779296875e-03
5.937079284359449149e-02,4.176616668701171875e-03
1.905809419058094312e-01,6.867413520812988281e-01
2.074792520747925084e-01,2.489733695983886719e-02
1.843815618438156279e-01,2.678933286666870117e+01
5.765914916992187500e-02,1.946210861206054688e-03
1.823312749386978848e-01,4.287958145141601562e-03
1.772758185213295090e-01,1.074481010437011719e-02
5.734426557344265429e-01,7.164618968963623047e-01
5.740425957404259316e-01,2.892875671386718750e-02
2.896710328967103121e-01,2.187943315505981445e+01
2.517223358154296875e-01,2.642393112182617188e-03
5.579282314475416671e-01,4.245281219482421875e-03
5.363424730641774829e-01,4.015207290649414062e-03
7.718228177182281380e-01,3.484518527984619141e-01
7.736226377362264151e-01,1.259851455688476562e-02
7.956204379562044071e-01,1.565964031219482422e+01
7.482776641845703125e-01,2.610921859741210938e-03
7.501073721830635588e-01,4.268884658813476562e-03
6.855932188068639688e-01,4.004001617431640625e-03
2.109789021097890210e-02,3.493161201477050781e-01
2.789721027897210451e-02,1.261210441589355469e-02
3.529647035296470253e-02,1.546727895736694336e+01
5.765914916992187500e-02,1.730680465698242188e-03
2.650891828745008741e-02,4.061937332153320312e-03
2.451068635301323004e-02,3.992319107055664062e-03
3.165683431656834412e-01,3.472056388854980469e-01
3.154684531546845250e-01,1.213526725769042969e-02
2.500749925007499375e-01,1.527790546417236328e+01
7.482776641845703125e-01,1.698732376098632812e-03
4.405851286895170471e-01,4.048585891723632812e-03
3.109017307712581557e-01,3.980875015258789062e-03
3.948605139486051629e-01,3.488404750823974609e-01
3.920607939206079418e-01,1.328349113464355469e-02
4.138586141385861561e-01,1.597982692718505859e+01
2.517223358154296875e-01,1.894235610961914062e-03
3.749816908358805656e-01,4.137277603149414062e-03
3.643923993542088624e-01,4.006147384643554688e-03
1.756824317568243254e-01,3.487679958343505859e-01
1.849815018498150165e-01,1.214361190795898438e-02
2.234776522347765304e-01,1.543298125267028809e+01
7.482776641845703125e-01,1.636743545532226562e-03
3.123587390332174252e-01,4.033327102661132812e-03
1.137947215181721594e-01,4.003047943115234375e-03
1.655834416558344124e-01,3.488922119140625000e-01
1.820817918208179065e-01,1.206660270690917969e-02
1.350864913508649234e-01,1.575271058082580566e+01
4.119014739990234375e-01,1.717567443847656250e-03
2.574064750324860373e-01,4.058837890625000000e-03
1.671763454291116391e-01,3.983020782470703125e-03
6.080391960803919194e-01,3.479502201080322266e-01
6.201379862013798316e-01,1.206350326538085938e-02
4.952504749525047378e-01,1.544197964668273926e+01
5.880985260009765625e-01,2.611637115478515625e-03
6.116642270355204802e-01,4.258155822753906250e-03
5.628511461314177344e-01,4.020214080810546875e-03
8.259174082591741461e-02,3.461909294128417969e-01
8.579142085791420513e-02,1.260375976562500000e-02
2.010798920107989274e-01,1.531337904930114746e+01
2.069473266601562500e-02,1.714706420898437500e-03
1.081753715773217661e-01,4.188776016235351562e-03
6.773263178872238055e-02,3.969192504882812500e-03
7.585241475852414483e-01,3.473131656646728516e-01
7.585241475852414483e-01,1.209568977355957031e-02
8.328167183281671715e-01,1.544422173500061035e+01
5.880985260009765625e-01,1.721620559692382812e-03
6.568503161723324713e-01,4.068136215209960938e-03
7.304509499118971849e-01,1.200771331787109375e-02
4.791520847915208270e-01,5.783538818359375000e-01
5.088491150884911773e-01,2.419042587280273438e-02
5.504449555044496067e-01,1.582117700576782227e+01
5.765914916992187500e-02,1.669645309448242188e-03
5.426820707910275932e-01,4.047870635986328125e-03
4.570386311012170077e-01,3.995895385742187500e-03
2.655734426557344041e-01,3.480696678161621094e-01
2.749725027497250118e-01,1.210427284240722656e-02
2.174782521747825326e-01,1.586666774749755859e+01
5.765914916992187500e-02,2.520322799682617188e-03
2.541720175712251506e-01,4.239797592163085938e-03
1.921671480375201080e-01,4.047632217407226562e-03
9.691030896910308723e-01,3.512084484100341797e-01
9.680031996800320115e-01,1.258468627929687500e-02
9.244075592440755829e-01,1.524646496772766113e+01
7.482776641845703125e-01,1.691579818725585938e-03
9.511576112858013410e-01,4.044771194458007812e-03
9.554852229990440371e-01,3.994464874267578125e-03
6.641335866413358158e-01,3.494384288787841797e-01
6.666333366663333981e-01,1.212501525878906250e-02
5.646435356464353239e-01,1.535510134696960449e+01
4.119014739990234375e-01,1.719713211059570312e-03
6.924311912231460031e-01,4.064798355102539062e-03
6.655677279022428339e-01,3.983736038208007812e-03
4.453554644535546170e-01,3.480463027954101562e-01
4.473552644735526718e-01,1.207208633422851562e-02
4.620537946205379720e-01,1.577793407440185547e+01
2.517223358154296875e-01,1.635789871215820312e-03
4.353096744103494009e-01,4.070758819580078125e-03
4.477383818516298408e-01,3.987073898315429688e-03
6.689331066893310362e-01,3.482351303100585938e-01
6.769323067693230334e-01,1.204538345336914062e-02
4.458554144585541446e-01,1.503328061103820801e+01
5.880985260009765625e-01,2.531290054321289062e-03
6.653934823226662632e-01,4.219770431518554688e-03
6.473698698592290635e-01,4.002571105957031250e-03
1.083891610838916136e-01,3.468816280364990234e-01
1.235876412358764137e-01,1.254749298095703125e-02
2.690730926907309306e-01,1.524044108390808105e+01
1.315879821777343750e-01,1.710176467895507812e-03
9.724957178939491742e-02,4.069566726684570312e-03
1.200112545438872247e-01,4.016399383544921875e-03
9.815018498150185344e-01,3.498671054840087891e-01
9.774022597740226193e-01,1.209926605224609375e-02
9.795020497950205352e-01,1.544299936294555664e+01
7.482776641845703125e-01,1.637458801269531250e-03
8.436655877769773104e-01,4.034996032714843750e-03
9.817779404089633788e-01,3.981351852416992188e-03
3.904609539046095534e-01,3.461916446685791016e-01
3.945605439456054131e-01,1.206636428833007812e-02
5.162483751624837858e-01,1.552662825584411621e+01
5.880985260009765625e-01,1.752138137817382812e-03
3.769498305323406018e-01,4.057645797729492188e-03
3.624872523094749277e-01,3.974676132202148438e-03
5.628437156284371579e-01,3.463861942291259766e-01
5.602439756024397699e-01,1.209950447082519531e-02
5.043495650434955957e-01,1.493111848831176758e+01
5.880985260009765625e-01,2.553701400756835938e-03
5.428610721915364534e-01,4.232168197631835938e-03
5.203983590484586585e-01,4.010438919067382812e-03
7.523247675232477283e-01,3.483338356018066406e-01
7.658234176582341401e-01,1.255059242248535156e-02
7.895210478952104927e-01,1.543246769905090332e+01
2.517223358154296875e-01,1.738071441650390625e-03
7.343506239672783487e-01,4.035711288452148438e-03
8.095907359836096440e-01,4.006147384643554688e-03
6.156384361563843610e-01,3.479964733123779297e-01
6.061393860613938367e-01,1.207542419433593750e-02
5.513448655134486343e-01,1.556123232841491699e+01
8.684120178222656250e-01,1.750469207763671875e-03
6.286911576238572996e-01,4.094839096069335938e-03
5.905646485160572778e-01,1.199269294738769531e-02
7.089291070892911328e-02,5.239355564117431641e-01
7.789221077892211076e-02,1.214981079101562500e-02
8.479152084791520549e-02,1.542816734313964844e+01
2.069473266601562500e-02,1.661062240600585938e-03
1.287446073037171734e-01,4.040479660034179688e-03
7.765812435259174251e-02,3.988504409790039062e-03
3.774622537746225581e-01,4.226884841918945312e-01
3.675632436756324228e-01,1.227903366088867188e-02
4.957504249575042654e-01,1.578456401824951172e+01
7.482776641845703125e-01,2.574443817138671875e-03
4.032751769422062704e-01,4.223346710205078125e-03
4.113431104834658902e-01,4.020690917968750000e-03
8.894110588941105400e-01,3.736000061035156250e-01
8.914108589141085393e-01,1.259756088256835938e-02
8.959104089591041209e-01,1.542883872985839844e+01
4.119014739990234375e-01,1.717329025268554688e-03
7.311991733333286225e-01,4.066467285156250000e-03
8.654929522528962416e-01,4.000902175903320312e-03
3.622637736226377303e-01,3.477427959442138672e-01
3.797620237976202517e-01,1.210546493530273438e-02
3.241675832416758274e-01,1.523601889610290527e+01
5.880985260009765625e-01,1.748800277709960938e-03
3.746401408201769923e-01,4.087209701538085938e-03
3.223207927943660955e-01,4.031419754028320312e-03
8.439156084391561397e-01,3.493802547454833984e-01
8.446155384461553339e-01,1.211953163146972656e-02
8.314168583141685609e-01,1.570819044113159180e+01
5.880985260009765625e-01,1.734018325805664062e-03
8.171854951209689411e-01,4.082441329956054688e-03
8.736697197448741736e-01,3.990650177001953125e-03
4.226577342265773196e-01,3.481702804565429688e-01
4.356564343565643704e-01,1.211524009704589844e-02
3.767623237676232528e-01,1.497384667396545410e+01
4.119014739990234375e-01,2.631902694702148438e-03
4.703627539217886122e-01,4.261732101440429688e-03
4.104152509713431818e-01,4.028558731079101562e-03
4.626537346265373607e-01,3.495750427246093750e-01
4.969503049695030428e-01,1.260352134704589844e-02
5.394460553944605552e-01,1.588501286506652832e+01
2.517223358154296875e-01,1.714944839477539062e-03
5.144020071254483684e-01,4.048347473144531250e-03
5.020983391780484695e-01,3.998994827270507812e-03
2.185781421857814211e-01,3.465456962585449219e-01
2.285771422857714175e-01,1.211023330688476562e-02
2.473752624737526329e-01,1.564990973472595215e+01
2.517223358154296875e-01,1.725435256958007812e-03
3.127998988900254629e-01,4.058122634887695312e-03
2.162504875253318248e-01,3.999471664428710938e-03
5.152484751524847306e-01,3.551652431488037109e-01
4.972502749725027371e-01,1.211023330688476562e-02
5.322467753224677800e-01,1.566968321800231934e+01
2.517223358154296875e-01,1.680374145507812500e-03
5.112230190214916981e-01,4.047870635986328125e-03
5.195042729090334488e-01,3.973484039306640625e-03
1.744825517448255203e-01,3.483417034149169922e-01
1.973802619738026232e-01,1.206612586975097656e-02
1.460853914608539195e-01,1.555589556694030762e+01
1.315879821777343750e-01,2.611398696899414062e-03
2.912785681970035956e-01,4.237413406372070312e-03
1.735015978044590068e-01,4.023551940917968750e-03
2.803719628037196210e-01,3.483338356018066406e-01
2.909709029097090061e-01,1.257824897766113281e-02
2.257774222577742240e-01,1.517888307571411133e+01
5.880985260009765625e-01,1.742124557495117188e-03
3.938304568012622187e-01,4.085302352905273438e-03
2.314231597106666816e-01,3.969430923461914062e-03
7.835216478352164948e-01,3.471138477325439453e-01
8.065193480651934310e-01,1.210451126098632812e-02
3.100689931006899158e-01,1.551351118087768555e+01
1.315879821777343750e-01,1.723766326904296875e-03
7.354457115396174638e-01,4.089355468750000000e-03
7.421182120417322281e-01,3.999471664428710938e-03
1.562843715628437213e-01,3.465800285339355469e-01
1.735826417358264095e-01,1.206612586975097656e-02
7.759224077592240254e-02,1.535725474357604980e+01
2.517223358154296875e-01,1.667499542236328125e-03
1.630711637710809403e-01,4.016876220703125000e-03
1.462340753624344902e-01,3.995895385742187500e-03
4.017598240175982438e-01,3.463916778564453125e-01
4.011598840115988551e-01,1.206421852111816406e-02
3.635636436356364243e-01,1.556069278717041016e+01
5.765914916992187500e-02,2.641916275024414062e-03
4.051235948962433331e-01,4.242181777954101562e-03
4.189559600284670227e-01,4.013538360595703125e-03
5.182481751824817851e-01,3.473615646362304688e-01
5.107489251074892600e-01,1.257610321044921875e-02
4.848515148485151305e-01,1.515007448196411133e+01
5.880985260009765625e-01,1.745700836181640625e-03
5.528261783901221582e-01,4.067659378051757812e-03
4.495907249632165592e-01,4.008054733276367188e-03
7.896210378962104093e-01,3.479297161102294922e-01
7.916208379162084086e-01,1.212668418884277344e-02
8.096190380961904021e-01,1.557346940040588379e+01
9.793052673339843750e-01,1.657247543334960938e-03
7.080430640832351408e-01,4.057884216308593750e-03
7.437702871528916182e-01,3.986120223999023438e-03
9.804019598040195627e-01,3.453390598297119141e-01
9.776022397760224525e-01,1.203417778015136719e-02
9.452054794520547976e-01,1.597491955757141113e+01
5.880985260009765625e-01,2.531528472900390625e-03
9.791643414502066989e-01,4.226684570312500000e-03
9.790999907609688746e-01,4.036188125610351562e-03
7.923207679232077139e-01,3.849022388458251953e-01
8.038196180381961264e-01,1.279830932617187500e-02
4.737526247375262733e-01,1.571316480636596680e+01
7.482776641845703125e-01,1.722574234008789062e-03
7.418683302164665871e-01,4.097223281860351562e-03
8.525747324845771580e-01,4.035711288452148438e-03
8.962103789621037597e-01,3.474612236022949219e-01
9.057094290570942841e-01,1.211166381835937500e-02
8.558144185581442187e-01,1.582852458953857422e+01
5.880985260009765625e-01,1.739501953125000000e-03
8.893434417542986914e-01,4.070520401000976562e-03
9.112968194431806390e-01,1.203608512878417969e-02
7.189281071892810182e-01,4.905712604522705078e-01
6.973302669733026926e-01,1.216220855712890625e-02
8.056194380561944035e-01,1.537029480934143066e+01
8.684120178222656250e-01,1.745223999023437500e-03
7.311648623776033640e-01,4.067420959472656250e-03
7.137664024911366534e-01,3.987789154052734375e-03
9.445055494450554923e-01,3.474674224853515625e-01
9.441055894410559368e-01,1.210618019104003906e-02
8.678132186781322144e-01,1.498128724098205566e+01
9.793052673339843750e-01,2.609014511108398438e-03
9.546575266762994394e-01,4.246473312377929688e-03
9.408213114142961464e-01,4.040002822875976562e-03
2.627737226277372384e-01,3.453211784362792969e-01
2.724727527247275405e-01,1.260089874267578125e-02
2.553744625537446300e-01,1.519329595565795898e+01
5.765914916992187500e-02,1.739501953125000000e-03
2.658115148226605218e-01,4.238367080688476562e-03
2.578891309232203000e-01,3.988742828369140625e-03
7.764223577642235252e-01,3.492445945739746094e-01
7.655234476552345013e-01,1.209807395935058594e-02
2.947705229477052269e-01,1.541231870651245117e+01
8.684120178222656250e-01,1.748085021972656250e-03
7.319586807071485346e-01,4.060268402099609375e-03
7.931425212180698292e-01,4.004716873168945312e-03
9.558044195580441826e-01,3.477520942687988281e-01
9.525047495250474894e-01,1.211333274841308594e-02
9.858014198580141718e-01,1.563362240791320801e+01
9.793052673339843750e-01,1.725196838378906250e-03
9.219415585243484479e-01,4.076242446899414062e-03
9.609916848117878718e-01,3.984689712524414062e-03
2.001799820017998166e-01,3.468651771545410156e-01
2.148785121487851169e-01,1.209235191345214844e-02
8.959104089591041209e-02,1.545817685127258301e+01
5.765914916992187500e-02,2.631664276123046875e-03
2.389245672410614252e-01,4.256963729858398438e-03
2.631252593151254260e-01,4.019498825073242188e-03
5.310468953104690026e-01,3.553295135498046875e-01
5.365463453654634174e-01,1.283717155456542969e-02
6.034396560343965321e-01,1.589463257789611816e+01
4.119014739990234375e-01,1.708984375000000000e-03
5.260410499582101052e-01,4.062891006469726562e-03
5.607083900170791724e-01,4.004716873168945312e-03
5.259474052594740462e-02,3.468334674835205078e-01
5.969403059694030483e-02,1.209664344787597656e-02
3.369663033696630033e-02,1.587673354148864746e+01
5.765914916992187500e-02,1.743078231811523438e-03
5.038342095415471872e-02,4.072666168212890625e-03
6.284991996892375088e-02,1.201868057250976562e-02
1.399860013998600189e-03,4.425368309020996094e-01
1.399860013998600189e-03,1.213502883911132812e-02
2.099790020997900283e-03,1.511396622657775879e+01
1.288414001464843750e-03,1.740932464599609375e-03
4.561510733949934206e-03,4.076242446899414062e-03
1.747312022543483787e-03,3.974914550781250000e-03
6.812318768123187818e-01,3.446567058563232422e-01
6.868313168683132242e-01,1.215314865112304688e-02
7.780221977802219691e-01,1.538261938095092773e+01
5.880985260009765625e-01,2.612590789794921875e-03
6.719424476360662535e-01,4.283905029296875000e-03
6.760014702044218060e-01,4.025220870971679688e-03
6.976302369763023314e-01,3.494093418121337891e-01
6.862313768623137245e-01,1.256942749023437500e-02
7.194280571942806013e-01,1.616890859603881836e+01
4.119014739990234375e-01,1.893758773803710938e-03
6.711240967585234696e-01,4.094123840332031250e-03
7.596450915284755911e-01,3.976106643676757812e-03
5.590440955904409925e-01,3.479130268096923828e-01
5.569443055694430766e-01,1.215362548828125000e-02
4.652534746525347487e-01,2.695122432708740234e+01
7.482776641845703125e-01,1.365947723388671875e-02
4.935484389086769452e-01,4.212141036987304688e-03
5.775342524500277630e-01,4.108428955078125000e-03
3.894610538946105538e-01,8.190968036651611328e-01
4.228577142285771528e-01,3.718304634094238281e-02
5.301469853014698641e-01,1.543033671379089355e+01
4.119014739990234375e-01,1.720905303955078125e-03
4.802866916156403043e-01,4.084587097167968750e-03
4.833655818303197460e-01,3.997564315795898438e-03
1.080891910808919054e-01,3.511109352111816406e-01
1.082891710828917109e-01,1.212000846862792969e-02
6.389361063893610193e-02,1.539208626747131348e+01
5.765914916992187500e-02,2.558708190917968750e-03
1.788890934735686278e-01,4.210710525512695312e-03
1.068343985832315712e-01,4.025220870971679688e-03
3.936606339366063301e-01,3.475878238677978516e-01
3.971602839716028566e-01,1.258635520935058594e-02
3.999600039996000223e-01,1.592116665840148926e+01
4.119014739990234375e-01,1.699924468994140625e-03
4.201392634979028151e-01,4.052162170410156250e-03
3.334028658343616280e-01,3.991603851318359375e-03
9.868013198680132270e-01,3.917396068572998047e-01
9.850014998500149499e-01,1.229524612426757812e-02
9.700029997000300108e-01,1.502478337287902832e+01
4.119014739990234375e-01,1.724004745483398438e-03
9.720548942203398601e-01,4.050493240356445312e-03
9.892864938551503284e-01,3.962516784667968750e-03
6.211378862113788868e-01,3.470463752746582031e-01
6.175382461753824437e-01,1.209545135498046875e-02
6.110388961103889738e-01,1.564272928237915039e+01
2.517223358154296875e-01,1.706600189208984375e-03
6.033492801411789452e-01,4.048585891723632812e-03
5.805188067840630906e-01,3.992557525634765625e-03
9.927007299270073082e-01,3.456125259399414062e-01
9.929007099290071414e-01,1.206707954406738281e-02
9.902009799020098368e-01,1.630917286872863770e+01
8.684120178222656250e-01,2.830982208251953125e-03
9.846759418648323159e-01,4.317760467529296875e-03
9.902553508397008430e-01,4.052639007568359375e-03
1.133886611338866118e-01,3.499028682708740234e-01
1.094890510948905160e-01,1.290798187255859375e-02
1.477852214778522244e-01,1.515346622467041016e+01
5.765914916992187500e-02,1.765251159667968750e-03
1.464125006435899046e-01,4.062175750732421875e-03
9.527133831722583990e-02,4.003763198852539062e-03
3.369663033696630450e-01,3.494420051574707031e-01
3.171682831716828299e-01,1.213312149047851562e-02
3.227677232276772168e-01,1.559732246398925781e+01
7.482776641845703125e-01,1.638412475585937500e-03
3.368698318796705671e-01,4.055976867675781250e-03
3.710474079882415399e-01,4.001855850219726562e-03
6.495350464953504321e-01,3.486766815185546875e-01
6.646335366463353989e-01,1.206254959106445312e-02
6.163383661633836663e-01,1.555368590354919434e+01
2.517223358154296875e-01,1.638174057006835938e-03
6.046724118803254999e-01,4.071950912475585938e-03
6.893534529750862117e-01,3.995180130004882812e-03
7.046295370462953844e-01,3.480677604675292969e-01
6.992300769923007753e-01,1.204895973205566406e-02
8.282171782821717843e-01,1.562751770019531250e+01
4.119014739990234375e-01,2.652406692504882812e-03
7.073168275044963149e-01,4.263639450073242188e-03
6.841743273284273119e-01,4.022121429443359375e-03
8.587141285871412455e-01,3.488609790802001953e-01
8.444155584441556117e-01,1.256632804870605469e-02
8.173182681731826493e-01,1.612199068069458008e+01
7.482776641845703125e-01,1.728773117065429688e-03
7.948957079346588017e-01,4.045963287353515625e-03
8.448813877564598229e-01,3.976583480834960938e-03
9.916008399160084474e-01,3.487544059753417969e-01
9.925007499250074749e-01,1.209521293640136719e-02
9.434056594340566315e-01,1.846176743507385254e+01
7.482776641845703125e-01,1.714229583740234375e-03
9.975674309744465562e-01,4.048585891723632812e-03
9.969457567065264092e-01,3.969907760620117188e-03
9.020097990200980353e-01,3.489840030670166016e-01
8.923107689231076778e-01,1.215171813964843750e-02
8.036196380361964042e-01,1.542491698265075684e+01
7.482776641845703125e-01,1.637220382690429688e-03
8.631833023147372774e-01,4.055023193359375000e-03
8.845544326962144766e-01,3.996849060058593750e-03
9.697030296970302610e-01,3.495535850524902344e-01
9.688031196880312335e-01,1.217484474182128906e-02
9.698030196980301776e-01,1.520992708206176758e+01
4.119014739990234375e-01,2.610683441162109375e-03
9.688029294960793791e-01,4.248619079589843750e-03
9.773363325048350925e-01,3.995180130004882812e-03
9.531046895310468781e-01,3.490760326385498047e-01
9.544045595440455720e-01,1.259040832519531250e-02
9.437056294370562703e-01,1.547888064384460449e+01
5.880985260009765625e-01,1.666545867919921875e-03
9.244431209915066061e-01,4.031896591186523438e-03
9.651345447160470936e-01,3.978729248046875000e-03
9.971002899710028622e-01,3.598430156707763672e-01
9.970002999700029456e-01,1.207113265991210938e-02
9.898010198980101704e-01,1.595541381835937500e+01
7.482776641845703125e-01,1.632928848266601562e-03
9.971674047492725679e-01,4.031896591186523438e-03
9.916030152331025693e-01,1.199412345886230469e-02
5.053494650534946508e-01,3.818728923797607422e-01
5.047495250474952622e-01,1.206707954406738281e-02
3.447655234476552089e-01,1.495509767532348633e+01
1.315879821777343750e-01,1.720190048217773438e-03
4.727145461429558271e-01,4.068136215209960938e-03
4.911419912596954318e-01,3.984212875366210938e-03
4.282571742825717620e-01,3.495004177093505859e-01
4.163583641635836274e-01,1.232337951660156250e-02
3.816618338166183344e-01,1.565651440620422363e+01
2.517223358154296875e-01,2.573728561401367188e-03
4.661280425603030464e-01,4.257202148437500000e-03
4.169449480373652039e-01,4.000186920166015625e-03
5.584441555844416039e-01,4.463789463043212891e-01
5.634436556344365465e-01,1.261854171752929688e-02
4.581541845815418346e-01,1.498509311676025391e+01
2.517223358154296875e-01,1.622676849365234375e-03
5.445631744814275477e-01,4.075050354003906250e-03
6.083698108089603540e-01,3.966093063354492188e-03
8.465153484651535276e-01,3.483490943908691406e-01
8.423157684231576958e-01,1.204442977905273438e-02
8.060193980601939590e-01,1.440423035621643066e+01
5.880985260009765625e-01,1.734018325805664062e-03
7.892377879410916730e-01,4.044294357299804688e-03
8.594687090945785091e-01,4.010677337646484375e-03
1.229877012298770042e-02,3.466942310333251953e-01
1.409859014098590116e-02,1.211524009704589844e-02
2.859714028597140287e-02,1.567780470848083496e+01
2.069473266601562500e-02,1.718997955322265625e-03
1.818535551069404288e-02,4.081964492797851562e-03
1.193088693239750461e-02,3.993749618530273438e-03
9.069093090690931447e-02,3.501324653625488281e-01
9.749025097490250646e-02,1.210594177246093750e-02
7.459254074592540362e-02,1.555515956878662109e+01
1.315879821777343750e-01,2.611398696899414062e-03
2.799930348139516578e-01,4.234313964843750000e-03
1.091353816869068405e-01,4.023551940917968750e-03
1.291870812918708145e-01,3.491086959838867188e-01
1.339866013398660072e-01,1.258087158203125000e-02
2.567743225677432406e-01,1.590317773818969727e+01
5.880985260009765625e-01,1.714944839477539062e-03
1.631863439298878449e-01,4.059076309204101562e-03
1.241241376310155409e-01,4.028797149658203125e-03
3.959604039596040237e-01,3.483383655548095703e-01
3.876612338766123322e-01,1.215481758117675781e-02
2.263773622637736127e-01,1.543227314949035645e+01
4.119014739990234375e-01,1.732587814331054688e-03
2.778042421469630319e-01,4.065036773681640625e-03
3.396789061030280332e-01,3.994941711425781250e-03
2.698730126987301525e-01,3.487851619720458984e-01
2.698730126987301525e-01,1.213359832763671875e-02
1.554844515548445272e-01,1.513261723518371582e+01
4.119014739990234375e-01,1.713037490844726562e-03
3.155562353498568839e-01,4.055023193359375000e-03
2.737306211577181791e-01,3.999710083007812500e-03
6.678332166783321755e-01,3.497104644775390625e-01
6.792320767923207825e-01,1.329326629638671875e-02
6.308369163083691333e-01,1.547253894805908203e+01
1.315879821777343750e-01,1.835346221923828125e-03
6.122125867823107193e-01,4.123210906982421875e-03
6.805627951547210674e-01,4.006147384643554688e-03
3.081691830816918332e-01,3.644125461578369141e-01
3.173682631736826076e-01,1.214861869812011719e-02
3.864613538646135549e-01,1.548087072372436523e+01
1.315879821777343750e-01,1.707553863525390625e-03
4.242431821309102791e-01,4.056930541992187500e-03
3.112912539262070455e-01,3.984689712524414062e-03
4.699530046995300525e-01,3.484232425689697266e-01
4.733526647335266624e-01,1.209664344787597656e-02
3.994600539946005502e-01,1.595123982429504395e+01
4.119014739990234375e-01,1.693248748779296875e-03
4.333249245324177212e-01,4.068374633789062500e-03
4.722390465127393466e-01,3.993034362792968750e-03
5.019498050194980826e-02,6.158924102783203125e-01
5.159484051594840498e-02,2.428674697875976562e-02
4.829517048295170478e-02,1.631507277488708496e+01
1.315879821777343750e-01,2.600908279418945312e-03
4.629905591310150975e-02,1.224803924560546875e-02
5.105241435775361575e-02,4.039764404296875000e-03
7.455254474552545085e-01,4.062886238098144531e-01
7.410258974102589269e-01,1.258683204650878906e-02
3.657634236576342568e-01,1.602832770347595215e+01
4.119014739990234375e-01,1.732826232910156250e-03
6.239467946050283320e-01,4.043817520141601562e-03
7.113398624323262753e-01,4.006147384643554688e-03
8.783121687831216828e-01,3.725545406341552734e-01
8.818118188181182093e-01,1.231956481933593750e-02
9.528047195280472392e-01,1.484754061698913574e+01
5.880985260009765625e-01,1.739501953125000000e-03
8.966744950136066317e-01,4.084110260009765625e-03
8.619002367541397369e-01,3.986120223999023438e-03
1.643835616438356073e-01,3.473508358001708984e-01
1.634836516348365243e-01,1.216030120849609375e-02
3.662633736626337289e-01,1.800255393981933594e+01
5.765914916992187500e-02,1.752138137817382812e-03
2.076849594136079280e-01,4.079341888427734375e-03
1.736632778972626578e-01,3.991842269897460938e-03
1.765823417658234085e-01,3.480439186096191406e-01
1.772822717728227138e-01,1.222348213195800781e-02
5.889411058894110373e-02,1.679092264175415039e+01
1.315879821777343750e-01,2.614021301269531250e-03
3.210777242493469963e-01,4.938602447509765625e-03
1.422987436521137017e-01,4.031419754028320312e-03
1.410858914108589213e-01,3.456704616546630859e-01
1.461853814618538083e-01,1.258206367492675781e-02
1.879812018798120155e-01,2.412213087081909180e+01
4.119014739990234375e-01,1.376223564147949219e-02
2.479118545212438129e-01,4.070043563842773438e-03
1.221862789825416407e-01,4.068136215209960938e-03
7.382261773822618167e-01,6.564378738403320312e-01
7.327267273272672909e-01,3.000187873840332031e-02
8.080191980801919582e-01,1.957544612884521484e+01
7.482776641845703125e-01,1.754999160766601562e-03
6.593077850667957707e-01,4.095077514648437500e-03
6.974401129429100843e-01,3.992319107055664062e-03
2.956704329567043099e-01,3.477487564086914062e-01
3.066693330666933059e-01,1.213645935058593750e-02
1.097890210978902104e-01,1.535638236999511719e+01
2.517223358154296875e-01,1.680850982666015625e-03
4.627367651195110620e-01,4.042148590087890625e-03
2.966780261709743849e-01,3.983020782470703125e-03
8.702129787021297691e-01,3.474700450897216797e-01
8.606139386061394392e-01,1.207756996154785156e-02
9.653034696530347070e-01,1.591271591186523438e+01
9.423408508300781250e-01,2.621412277221679688e-03
7.137415754894831377e-01,4.250764846801757812e-03
8.786197476922465999e-01,3.995180130004882812e-03
2.283771622837716120e-01,3.504898548126220703e-01
2.330766923307669158e-01,1.259684562683105469e-02
2.640735926407359324e-01,1.554252648353576660e+01
5.880985260009765625e-01,1.749277114868164062e-03
2.885039570437008538e-01,4.050970077514648438e-03
2.190650650274132971e-01,4.024028778076171875e-03
9.750024997500249535e-01,3.473792076110839844e-01
9.726027397260273988e-01,1.213240623474121094e-02
9.838016198380161725e-01,1.550037598609924316e+01
9.423408508300781250e-01,1.710891723632812500e-03
9.569219106499009531e-01,4.070043563842773438e-03
9.745969383857636670e-01,3.988027572631835938e-03
6.062393760623937533e-01,3.474104404449462891e-01
6.093390660933906133e-01,1.213479042053222656e-02
3.564643535646435102e-01,1.557113504409790039e+01
5.880985260009765625e-01,1.645326614379882812e-03
5.501861766351840988e-01,4.052877426147460938e-03
6.163999545730967089e-01,3.964662551879882812e-03
9.915008499150085308e-01,3.479535579681396484e-01
9.906009399060093923e-01,1.205015182495117188e-02
9.799020097990200906e-01,1.550656223297119141e+01
9.793052673339843750e-01,2.660989761352539062e-03
9.720715332384475271e-01,4.251003265380859375e-03
9.864097285912561963e-01,3.998994827270507812e-03
1.829817018298170173e-01,3.464267253875732422e-01
1.987801219878012060e-01,1.260066032409667969e-02
3.095690430956904438e-01,1.550121712684631348e+01
5.765914916992187500e-02,1.651525497436523438e-03
2.433187546527983969e-01,4.040241241455078125e-03
2.340090214995045881e-01,3.976583480834960938e-03
6.322367763223677439e-01,3.465220928192138672e-01
6.335366463353664379e-01,1.209259033203125000e-02
4.977502249775022647e-01,1.535278892517089844e+01
5.908966064453125000e-03,1.729249954223632812e-03
5.638799483623549991e-01,4.067659378051757812e-03
6.223014692147281757e-01,3.977775573730468750e-03
9.294070592940706366e-01,3.488950729370117188e-01
9.380061993800620224e-01,1.213407516479492188e-02
6.461353864613538223e-01,1.552668285369873047e+01
2.517223358154296875e-01,1.640796661376953125e-03
9.222344758279494847e-01,4.038810729980468750e-03
9.227684739743277076e-01,3.973722457885742188e-03
3.504649535046495124e-01,3.472647666931152344e-01
3.418658134186581266e-01,1.204562187194824219e-02
7.555244475552445049e-01,1.535004615783691406e+01
8.684120178222656250e-01,2.519845962524414062e-03
3.622779809162774978e-01,4.251480102539062500e-03
2.591421344097911694e-01,4.033327102661132812e-03
4.008599140085991608e-01,3.487603664398193359e-01
4.026597340265973268e-01,1.252508163452148438e-02
3.794620537946205574e-01,1.551106500625610352e+01
4.119014739990234375e-01,1.696586608886718750e-03
4.270104631554655916e-01,4.043817520141601562e-03
3.303220955620464472e-01,3.978490829467773438e-03
2.699730026997300240e-03,3.483986854553222656e-01
2.099790020997900283e-03,1.211357116699218750e-02
7.659234076592340290e-02,1.529655098915100098e+01
2.069473266601562500e-02,1.717805862426757812e-03
3.602950674945967213e-01,4.075765609741210938e-03
6.898285357451373499e-04,4.012346267700195312e-03
9.522047795220478505e-01,3.465967178344726562e-01
9.540045995400460166e-01,1.212835311889648438e-02
8.217178282171783144e-01,1.542598295211791992e+01
8.684120178222656250e-01,1.716613769531250000e-03
8.892763692551801658e-01,4.052877426147460938e-03
9.678061085217771753e-01,4.005193710327148438e-03
9.521047895210479339e-01,3.472809791564941406e-01
9.462053794620537417e-01,1.208114624023437500e-02
9.063093690630936727e-01,1.541186428070068359e+01
9.987115859985351562e-01,2.653837203979492188e-03
8.644452239200666188e-01,4.235506057739257812e-03
9.655685652275195485e-01,4.048347473144531250e-03
8.425157484251575291e-01,3.482542037963867188e-01
8.350164983501650040e-01,1.263523101806640625e-02
9.208079192080791398e-01,1.549884653091430664e+01
9.423408508300781250e-01,1.766681671142578125e-03
6.684046923737161361e-01,4.221439361572265625e-03
8.382239827923212427e-01,4.005908966064453125e-03
7.352264773522647623e-01,3.495938777923583984e-01
7.306269373062693750e-01,1.232957839965820312e-02
8.100189981001899575e-01,1.606442952156066895e+01
7.482776641845703125e-01,1.631021499633789062e-03
6.251246495784691382e-01,4.034280776977539062e-03
7.344366524736819501e-01,4.011154174804687500e-03
2.699730026997300136e-01,3.465900421142578125e-01
2.693730626937306250e-01,1.208758354187011719e-02
2.136786321367863117e-01,1.594698166847229004e+01
4.119014739990234375e-01,1.628398895263671875e-03
2.967704343308356640e-01,4.024744033813476562e-03
2.783617878061908080e-01,3.998756408691406250e-03
6.273372662733727179e-01,3.585798740386962891e-01
6.273372662733727179e-01,1.329231262207031250e-02
5.405459454054594159e-01,1.529420375823974609e+01
8.684120178222656250e-01,1.805782318115234375e-03
5.713300919228120334e-01,4.076004028320312500e-03
6.425311446399672999e-01,3.997802734375000000e-03
2.877712228777122294e-01,3.483386039733886719e-01
3.076692330766923056e-01,1.212191581726074219e-02
2.590740925907409342e-01,1.465959239006042480e+01
1.315879821777343750e-01,1.730918884277343750e-03
3.695904796056893038e-01,4.054069519042968750e-03
2.790145243314132717e-01,4.014492034912109375e-03
6.259374062593741073e-01,3.480763435363769531e-01
6.306369363063694111e-01,1.211380958557128906e-02
7.287271272872712924e-01,1.472447371482849121e+01
9.423408508300781250e-01,1.649141311645507812e-03
6.070577525535890695e-01,4.034519195556640625e-03
5.992274497533460753e-01,3.967761993408203125e-03
8.622137786221377720e-01,3.565893173217773438e-01
8.564143585641436074e-01,1.204776763916015625e-02
7.745225477452254426e-01,1.625489211082458496e+01
8.684120178222656250e-01,1.727819442749023438e-03
6.752399048619680544e-01,4.056692123413085938e-03
9.262107142185755926e-01,3.994226455688476562e-03
3.714628537146285603e-01,3.482716083526611328e-01
3.809619038096190291e-01,1.207852363586425781e-02
2.177782221777822269e-01,1.667700481414794922e+01
5.765914916992187500e-02,2.641677856445312500e-03
4.245412136225018562e-01,4.269123077392578125e-03
3.102344011802092849e-01,4.031181335449218750e-03
7.406259374062593714e-01,3.495318889617919922e-01
7.368263173682632061e-01,1.263976097106933594e-02
3.963603639636036347e-01,1.546267867088317871e+01
5.765914916992187500e-02,1.649141311645507812e-03
6.684826154356637851e-01,4.046678543090820312e-03
7.269974063739965686e-01,4.020452499389648438e-03
2.411758824117588296e-01,3.477396965026855469e-01
2.535746425357464084e-01,1.208496093750000000e-02
1.568843115688431100e-01,1.541221332550048828e+01
1.315879821777343750e-01,1.613855361938476562e-03
2.587023933576905188e-01,4.055738449096679688e-03
2.188296035832235087e-01,3.976345062255859375e-03
6.200379962003799150e-01,3.480875492095947266e-01
6.059394060593941145e-01,1.204514503479003906e-02
4.668533146685331370e-01,1.551368474960327148e+01
5.880985260009765625e-01,1.709461212158203125e-03
5.684367629730757709e-01,4.066705703735351562e-03
5.588392343829498010e-01,3.988504409790039062e-03
8.223177682231777030e-01,3.482627868652343750e-01
8.110188981101890127e-01,1.209425926208496094e-02
5.813418658134186234e-01,1.564461374282836914e+01
7.482776641845703125e-01,2.600193023681640625e-03
8.186147154626570721e-01,4.251718521118164062e-03
8.487030102654016250e-01,4.005193710327148438e-03
5.584441555844416039e-01,3.494694232940673828e-01
5.652434756524347126e-01,1.254367828369140625e-02
6.542345765423457360e-01,1.549095487594604492e+01
7.482776641845703125e-01,1.737117767333984375e-03
5.068613111300248608e-01,4.028558731079101562e-03
6.043876461985308035e-01,3.984689712524414062e-03
3.173682631736826076e-01,3.469297885894775391e-01
3.153684631536846084e-01,1.210975646972656250e-02
3.205679432056794398e-01,1.517641568183898926e+01
4.119014739990234375e-01,1.616716384887695312e-03
2.950291830069149412e-01,4.037380218505859375e-03
3.526670476195399306e-01,3.971099853515625000e-03
9.492050794920507961e-01,3.485484123229980469e-01
9.479052094790521021e-01,1.204013824462890625e-02
8.047195280471952650e-01,1.541584038734436035e+01
7.482776641845703125e-01,2.573490142822265625e-03
7.466886085120825189e-01,4.208087921142578125e-03
9.516668798668291851e-01,4.009723663330078125e-03
7.588241175882411982e-01,3.837726116180419922e-01
7.551244875512448385e-01,1.254367828369140625e-02
6.754324567543246172e-01,1.626455163955688477e+01
8.684120178222656250e-01,1.710414886474609375e-03
7.296895491309429715e-01,4.068136215209960938e-03
6.907853846763999384e-01,3.991603851318359375e-03
2.999700029997000028e-01,3.485105037689208984e-01
3.087691230876912218e-01,1.213741302490234375e-02
1.359864013598640065e-01,1.575068259239196777e+01
2.517223358154296875e-01,1.734256744384765625e-03
3.754632142884535839e-01,4.075527191162109375e-03
3.232000283877415336e-01,4.006862640380859375e-03
8.751124887511249062e-01,3.453328609466552734e-01
8.560143985601439409e-01,1.210451126098632812e-02
6.114388561143885292e-01,1.535026597976684570e+01
9.793052673339843750e-01,1.694440841674804688e-03
7.641263985606454590e-01,4.188537597656250000e-03
8.658613486255011260e-01,3.987073898315429688e-03
5.413458654134586379e-01,3.574321269989013672e-01
5.399460053994600273e-01,1.214122772216796875e-02
5.182481751824817851e-01,1.559079122543334961e+01
2.517223358154296875e-01,2.577304840087890625e-03
5.314448253003680733e-01,4.226207733154296875e-03
6.037158502772318469e-01,4.003763198852539062e-03
4.601539846015398338e-01,3.467242717742919922e-01
4.627537246275372218e-01,1.257991790771484375e-02
2.542745725427457137e-01,1.521697521209716797e+01
7.482776641845703125e-01,1.653194427490234375e-03
4.892551637616056603e-01,4.053115844726562500e-03
4.444952987758290508e-01,3.976583480834960938e-03
8.377162283771623086e-01,4.918379783630371094e-01
8.501149885011498597e-01,1.216101646423339844e-02
8.566143385661434406e-01,1.600675415992736816e+01
7.482776641845703125e-01,1.631259918212890625e-03
5.061328725442608700e-01,4.007101058959960938e-03
8.182375355446180887e-01,3.994941711425781250e-03
2.623737626237376275e-01,3.466100692749023438e-01
2.677732226777322366e-01,1.204609870910644531e-02
3.976602339766023286e-01,1.647405624389648438e+01
2.517223358154296875e-01,1.727342605590820312e-03
3.052477343581782021e-01,4.122018814086914062e-03
3.036777468139800762e-01,4.003524780273437500e-03
2.652734726527347098e-01,3.478949069976806641e-01
2.820717928207179259e-01,1.209187507629394531e-02
2.048795120487951205e-01,1.515992474555969238e+01
2.517223358154296875e-01,2.511024475097656250e-03
2.308357729848001805e-01,4.201650619506835938e-03
2.875669846857602518e-01,4.034757614135742188e-03
6.284371562843715786e-01,3.464078903198242188e-01
6.199380061993801094e-01,1.255059242248535156e-02
5.750424957504249868e-01,1.510106348991394043e+01
5.880985260009765625e-01,1.712799072265625000e-03
6.056854129168731671e-01,4.043817520141601562e-03
6.322873728498217272e-01,3.991365432739257812e-03
2.867713228677132298e-01,3.484120368957519531e-01
2.928707129287071442e-01,1.212024688720703125e-02
3.403659634036596549e-01,1.510058808326721191e+01
4.119014739990234375e-01,1.615047454833984375e-03
4.792273278689129778e-01,3.983020782470703125e-03
3.215896858940980874e-01,3.980159759521484375e-03
1.146885311468853058e-01,3.459522724151611328e-01
1.404859514048595048e-01,1.205539703369140625e-02
1.691830816918308278e-01,1.535896444320678711e+01
1.315879821777343750e-01,1.610755920410156250e-03
1.424262520387083453e-01,3.999710083007812500e-03
1.030084944354016652e-01,3.985166549682617188e-03
1.872812718728127102e-01,3.484513759613037109e-01
1.941805819418058188e-01,1.204085350036621094e-02
4.291570842915708450e-01,1.523564982414245605e+01
5.765914916992187500e-02,2.577066421508789062e-03
3.363419547730221448e-01,4.235267639160156250e-03
2.204667822484471240e-01,4.041433334350585938e-03
1.806819318068193236e-01,3.467864990234375000e-01
1.935806419358064301e-01,1.257610321044921875e-02
2.577742225777422402e-01,1.556757831573486328e+01
1.315879821777343750e-01,1.664400100708007812e-03
2.825419349626627774e-01,4.057645797729492188e-03
1.343423198679231656e-01,3.988981246948242188e-03
8.182181781821817879e-01,3.477077484130859375e-01
8.128187181281871787e-01,1.211166381835937500e-02
7.554244575542445883e-01,1.576086139678955078e+01
8.684120178222656250e-01,1.598119735717773438e-03
6.009208235292601286e-01,4.017114639282226562e-03
8.019081474601941206e-01,3.991603851318359375e-03
1.927807219278072082e-01,3.474314212799072266e-01
2.043795620437956206e-01,1.200771331787109375e-02
2.385761423857614139e-01,1.551284432411193848e+01
2.517223358154296875e-01,1.720666885375976562e-03
2.600502690247786797e-01,4.059791564941406250e-03
1.656619761857055506e-01,4.008054733276367188e-03
3.332666733326667408e-01,3.480134010314941406e-01
3.451654834516548198e-01,1.211571693420410156e-02
3.818618138186181121e-01,1.539595699310302734e+01
5.765914916992187500e-02,2.591133117675781250e-03
3.184857730660500819e-01,4.239320755004882812e-03
3.142453460126684028e-01,4.016160964965820312e-03
5.461453854614538583e-01,3.482646942138671875e-01
5.667433256674332398e-01,1.273775100708007812e-02
4.935506449355064329e-01,1.551196742057800293e+01
1.315879821777343750e-01,1.690149307250976562e-03
5.981626568654473397e-01,4.086971282958984375e-03
5.351716201122318495e-01,3.988027572631835938e-03
7.551244875512448385e-01,3.469352722167968750e-01
7.623237676232377247e-01,1.210808753967285156e-02
8.231176882311769250e-01,1.528949260711669922e+01
4.119014739990234375e-01,1.637220382690429688e-03
7.776119125226248485e-01,4.072904586791992188e-03
7.818129927309365179e-01,3.988742828369140625e-03
4.333566643335666213e-01,3.494830131530761719e-01
4.386561343865613694e-01,1.208186149597167969e-02
5.650434956504349904e-01,1.546901369094848633e+01
4.119014739990234375e-01,1.623392105102539062e-03
4.192970558312787421e-01,4.039287567138671875e-03
4.114504208489175863e-01,3.958463668823242188e-03
4.370562943705629255e-01,3.494644165039062500e-01
4.430556944305569234e-01,1.219725608825683594e-02
4.400559944005599244e-01,1.544056844711303711e+01
2.517223358154296875e-01,2.667188644409179688e-03
4.820165031155661528e-01,4.256486892700195312e-03
5.355009380179238665e-01,4.019498825073242188e-03
6.129387061293870564e-01,3.571879863739013672e-01
6.028397160283971434e-01,1.266503334045410156e-02
5.782421757824217634e-01,1.558795142173767090e+01
5.880985260009765625e-01,1.741886138916015625e-03
6.279764689507314479e-01,4.107713699340820312e-03
5.420292308583277707e-01,4.012107849121093750e-03
6.471352864713528774e-01,3.490550518035888672e-01
6.428357164283571290e-01,1.218271255493164062e-02
7.932206779322067414e-01,1.660424232482910156e+01
7.482776641845703125e-01,1.740217208862304688e-03
6.245565072794699857e-01,4.065990447998046875e-03
6.299155411563790441e-01,3.969192504882812500e-03
7.050294970502949399e-01,3.478088378906250000e-01
7.078292170782921611e-01,1.210784912109375000e-02
7.137286271372862423e-01,1.595227694511413574e+01
1.315879821777343750e-01,1.720428466796875000e-03
7.170286374154508646e-01,4.090547561645507812e-03
6.621311497803107349e-01,4.015684127807617188e-03
7.056294370562943286e-01,4.280648231506347656e-01
7.131286871312868536e-01,1.210260391235351562e-02
7.577242275772422264e-01,1.581174492835998535e+01
4.119014739990234375e-01,1.051640510559082031e-02
7.058317889931295941e-01,4.262924194335937500e-03
6.432734369654118378e-01,1.207971572875976562e-02
5.934406559344065357e-01,4.064228534698486328e-01
5.921407859214078417e-01,1.259541511535644531e-02
5.567443255674432434e-01,1.559715175628662109e+01
5.880985260009765625e-01,1.656770706176757812e-03
6.296142610206809653e-01,4.056453704833984375e-03
6.060102573177321705e-01,3.975868225097656250e-03
4.920507949205079612e-01,3.976149559020996094e-01
5.009499050094990968e-01,2.006983757019042969e-02
5.514448555144485509e-01,1.611638379096984863e+01
4.119014739990234375e-01,1.629590988159179688e-03
4.576383308274059036e-01,4.022121429443359375e-03
4.563277781430796765e-01,3.975152969360351562e-03
9.734026597340266207e-01,4.217042922973632812e-01
9.708029197080292327e-01,1.222348213195800781e-02
9.429057094290570484e-01,1.502658605575561523e+01
9.793052673339843750e-01,1.747608184814453125e-03
9.727002186255796490e-01,4.091024398803710938e-03
9.559149045419135238e-01,4.027366638183593750e-03
3.973602639736026343e-01,3.492217063903808594e-01
3.924607539246075527e-01,1.213335990905761719e-02
4.519548045195480590e-01,1.595290422439575195e+01
5.880985260009765625e-01,2.602577209472656250e-03
4.089155620456543794e-01,4.232406616210937500e-03
3.535283678720097522e-01,1.203632354736328125e-02
1.021897810218978103e-01,5.246932506561279297e-01
1.071892810718928085e-01,2.854943275451660156e-02
9.749025097490250646e-02,1.583718729019165039e+01
5.880985260009765625e-01,1.687288284301757812e-03
1.415083594886304419e-01,4.050016403198242188e-03
1.323972069795422146e-01,3.973007202148437500e-03
7.794220577942205797e-01,3.674652576446533203e-01
7.600239976002399755e-01,1.211833953857421875e-02
7.984201579842016283e-01,1.540970873832702637e+01
8.684120178222656250e-01,1.719236373901367188e-03
6.425423093156548138e-01,4.072427749633789062e-03
8.245238593273584993e-01,4.018306732177734375e-03
6.149385061493850557e-02,3.490278720855712891e-01
6.549345065493450413e-02,1.216173171997070312e-02
1.719828017198280282e-02,1.577420020103454590e+01
5.908966064453125000e-03,1.723766326904296875e-03
1.047965002824119973e-01,4.067659378051757812e-03
6.947359707579933707e-02,3.993749618530273438e-03
9.770022997700229528e-01,4.206318855285644531e-01
9.725027497250274822e-01,1.215553283691406250e-02
9.917008299170082530e-01,1.574826240539550781e+01
9.423408508300781250e-01,2.534866333007812500e-03
9.594498742089863086e-01,4.225730895996093750e-03
9.585424431202320683e-01,4.018545150756835938e-03
6.360363963603639093e-01,3.479216098785400391e-01
6.214378562143785256e-01,1.256680488586425781e-02
6.122387761223877511e-01,1.553715944290161133e+01
8.684120178222656250e-01,1.660346984863281250e-03
6.527084861445360264e-01,4.031419754028320312e-03
6.027941437099215705e-01,3.995656967163085938e-03
9.593040695930407091e-01,3.459312915802001953e-01
9.577042295770422653e-01,1.208496093750000000e-02
9.895010498950105315e-01,1.592833328247070312e+01
9.793052673339843750e-01,1.701116561889648438e-03
9.357412645724845213e-01,4.059076309204101562e-03
9.587813588827850397e-01,3.993749618530273438e-03
1.442855714428557257e-01,3.479518890380859375e-01
1.474852514748525023e-01,1.206970214843750000e-02
1.396860313968603107e-01,1.610958361625671387e+01
4.119014739990234375e-01,1.732587814331054688e-03
1.593757711359949369e-01,4.045963287353515625e-03
1.773974746745920483e-01,3.966093063354492188e-03
6.637336266373362603e-01,3.467705249786376953e-01
6.533346665333467085e-01,1.208782196044921875e-02
6.627337266273373162e-01,1.525071907043457031e+01
5.880985260009765625e-01,2.533674240112304688e-03
7.453324090279014325e-01,4.238367080688476562e-03
6.638920277799162939e-01,4.021883010864257812e-03
9.023097690230976742e-01,3.893098831176757812e-01
8.961103889611038431e-01,1.282835006713867188e-02
8.886111388861114291e-01,1.570711565017700195e+01
9.793052673339843750e-01,1.648426055908203125e-03
7.582336038029582337e-01,4.039287567138671875e-03
8.864226307843199315e-01,3.969430923461914062e-03
8.136186381361864006e-01,3.738343715667724609e-01
8.149185081491850946e-01,1.211047172546386719e-02
8.883111688831116792e-01,1.591991758346557617e+01
5.880985260009765625e-01,1.704454421997070312e-03
6.540034812205276493e-01,4.023790359497070312e-03
8.133179920681874453e-01,3.983736038208007812e-03
5.601439856014398533e-01,3.483049869537353516e-01
5.645435456454354073e-01,1.208615303039550781e-02
2.411758824117588296e-01,1.545599079132080078e+01
4.119014739990234375e-01,2.626180648803710938e-03
6.001674250737892846e-01,4.266262054443359375e-03
5.946355367127378333e-01,4.050254821777343750e-03
1.405859414058594214e-01,3.465466499328613281e-01
1.499850014998500014e-01,1.259160041809082031e-02
9.709029097090290938e-02,1.538632893562316895e+01
4.119014739990234375e-01,1.710653305053710938e-03
1.847158297147562522e-01,4.059314727783203125e-03
1.597483621258801167e-01,4.004955291748046875e-03
5.582441755824417706e-01,3.491864204406738281e-01
5.484451554844516075e-01,1.214098930358886719e-02
4.604539546045395282e-01,1.668062257766723633e+01
8.684120178222656250e-01,1.716375350952148438e-03
5.290477966423132727e-01,4.065036773681640625e-03
5.262532355381941418e-01,4.007101058959960938e-03
3.100689931006899158e-01,3.831279277801513672e-01
3.298670132986701309e-01,1.210236549377441406e-02
3.609639036096390363e-01,1.524585199356079102e+01
2.517223358154296875e-01,1.614332199096679688e-03
3.313468695043439993e-01,4.024505615234375000e-03
3.034989606996644218e-01,3.964900970458984375e-03
5.817418258174182899e-01,3.493459224700927734e-01
5.788421157884211521e-01,1.203155517578125000e-02
6.544345565443455692e-01,1.552859878540039062e+01
4.119014739990234375e-01,2.519130706787109375e-03
5.712165551474847058e-01,4.256963729858398438e-03
6.073298912501067237e-01,4.038810729980468750e-03
9.195080491950804458e-01,3.483095169067382812e-01
9.195080491950804458e-01,1.251292228698730469e-02
8.736126387361263790e-01,1.525546073913574219e+01
8.684120178222656250e-01,1.612424850463867188e-03
9.064330519333441138e-01,4.020452499389648438e-03
9.756002230024152233e-01,3.981828689575195312e-03
8.530146985301469975e-01,3.462955951690673828e-01
8.666133386661334370e-01,1.204442977905273438e-02
8.596140385961403840e-01,1.497462844848632812e+01
4.119014739990234375e-01,1.666307449340820312e-03
8.311468707177865900e-01,4.063367843627929688e-03
8.557838148641763176e-01,3.960609436035156250e-03
5.049495050494950954e-01,3.477909564971923828e-01
5.354464553544645566e-01,1.206612586975097656e-02
3.923607639236076361e-01,1.533473968505859375e+01
4.119014739990234375e-01,1.714706420898437500e-03
5.007692123279431362e-01,4.053592681884765625e-03
4.937657953016214019e-01,4.006862640380859375e-03
4.768523147685231334e-01,3.556408882141113281e-01
4.715528447155284408e-01,1.210212707519531250e-02
4.558544145585441409e-01,1.554994750022888184e+01
4.119014739990234375e-01,2.547979354858398438e-03
5.043965038326930772e-01,4.245996475219726562e-03
5.175333704854415684e-01,4.032850265502929688e-03
4.688531146885311363e-01,3.480787277221679688e-01
4.647535246475352211e-01,1.255583763122558594e-02
1.582841715828417206e-01,1.544360923767089844e+01
8.684120178222656250e-01,1.614332199096679688e-03
4.444580617978017290e-01,4.100561141967773438e-03
4.084503487212288175e-01,4.148244857788085938e-03
3.526647335266473449e-01,3.501749038696289062e-01
3.527647235276472615e-01,1.203513145446777344e-02
3.343665633436656570e-01,1.474322557449340820e+01
5.880985260009765625e-01,1.696825027465820312e-03
4.199045447283605847e-01,4.083395004272460938e-03
3.103472187915979896e-01,4.016399383544921875e-03
3.363663633636636563e-01,3.482398986816406250e-01
3.476652334766523467e-01,1.209354400634765625e-02
2.296770322967703337e-01,1.558727955818176270e+01
2.517223358154296875e-01,1.685619354248046875e-03
3.882067608629657385e-01,4.045963287353515625e-03
3.565946182212594850e-01,4.014253616333007812e-03
2.004799520047995109e-01,3.502392768859863281e-01
1.937806219378062078e-01,1.207447052001953125e-02
2.830716928307169256e-01,1.550851392745971680e+01
7.482776641845703125e-01,2.518653869628906250e-03
2.445714340120893060e-01,4.248380661010742188e-03
1.530759008195693993e-01,4.001379013061523438e-03
1.043895610438956151e-01,3.497073650360107422e-01
1.125887411258874177e-01,1.259374618530273438e-02
1.006899310068993109e-01,1.534038829803466797e+01
2.069473266601562500e-02,1.741886138916015625e-03
1.023090686053185761e-01,4.077911376953125000e-03
7.783380195796826828e-02,3.995180130004882812e-03
7.121287871212879095e-01,3.627040386199951172e-01
7.190280971902809348e-01,1.214456558227539062e-02
7.618238176182381416e-01,1.534136724472045898e+01
5.880985260009765625e-01,1.713037490844726562e-03
6.109976940372634502e-01,4.067659378051757812e-03
7.431825412649966101e-01,3.983974456787109375e-03
3.478652134786521244e-01,3.481359481811523438e-01
3.699630036996300331e-01,1.210570335388183594e-02
3.910608939106089421e-01,1.568786525726318359e+01
5.765914916992187500e-02,1.760482788085937500e-03
3.357364836944952136e-01,4.074811935424804688e-03
3.985279807379740746e-01,3.998994827270507812e-03
8.214178582141785645e-01,3.481483459472656250e-01
8.092190780921907356e-01,1.211118698120117188e-02
8.184181581841816211e-01,1.490896058082580566e+01
8.684120178222656250e-01,2.615213394165039062e-03
7.769400040455360923e-01,4.245281219482421875e-03
8.095840908402718306e-01,4.044294357299804688e-03
5.156484351564843971e-01,3.487563133239746094e-01
5.186481351864813405e-01,1.258373260498046875e-02
6.516348365163483480e-01,1.514341807365417480e+01
4.119014739990234375e-01,1.609563827514648438e-03
4.972663716580708604e-01,4.026651382446289062e-03
5.536196782234142910e-01,3.985166549682617188e-03
7.015298470152985244e-01,3.481006622314453125e-01
7.249275072492751271e-01,1.208829879760742188e-02
7.529247075292471170e-01,1.551804232597351074e+01
4.119014739990234375e-01,1.582145690917968750e-03
6.830342159418758552e-01,4.008531570434570312e-03
6.147869459818064986e-01,3.976583480834960938e-03
2.206779322067793092e-01,3.469028472900390625e-01
2.418758124187581349e-01,1.205754280090332031e-02
2.668733126687331536e-01,1.554113101959228516e+01
1.315879821777343750e-01,1.727104187011718750e-03
3.282440688947938501e-01,4.060268402099609375e-03
1.503371531563656993e-01,3.987789154052734375e-03
6.432356764323567955e-01,3.481936454772949219e-01
6.181381861813818324e-01,1.204919815063476562e-02
5.672432756724327119e-01,1.526412749290466309e+01
5.880985260009765625e-01,2.624988555908203125e-03
5.903779341627574118e-01,4.243612289428710938e-03
6.234199554657342546e-01,4.041194915771484375e-03
7.734226577342265818e-01,3.469686508178710938e-01
7.635236476352365020e-01,1.259922981262207031e-02
7.967203279672032679e-01,1.542916274070739746e+01
4.119014739990234375e-01,1.718759536743164062e-03
7.035375228460176711e-01,4.068613052368164062e-03
7.172209580286941222e-01,3.968238830566406250e-03
9.983001699830017506e-01,3.487889766693115234e-01
9.978002199780021675e-01,1.211810111999511719e-02
9.996000399960004446e-01,1.527875852584838867e+01
9.940910339355468750e-01,1.614809036254882812e-03
9.988821431468936085e-01,4.018068313598632812e-03
9.976182154562411863e-01,3.985404968261718750e-03
7.889211078892111040e-01,3.480551242828369141e-01
7.777222277772223302e-01,1.204657554626464844e-02
7.906209379062093534e-01,1.552476453781127930e+01
7.482776641845703125e-01,1.682043075561523438e-03
7.664365197171698618e-01,4.060745239257812500e-03
7.661465691992936922e-01,3.987789154052734375e-03
6.379362063793621307e-02,3.467359542846679688e-01
7.279272072792720982e-02,1.207208633422851562e-02
4.039596040395960347e-02,1.516703987121582031e+01
2.517223358154296875e-01,2.488374710083007812e-03
1.393611664247833559e-01,4.207372665405273438e-03
8.493564794574320898e-02,4.015207290649414062e-03
1.270872912708729263e-01,3.485469818115234375e-01
1.327867213278672021e-01,1.251721382141113281e-02
1.226877312268773168e-01,1.544074797630310059e+01
2.517223358154296875e-01,1.613616943359375000e-03
1.017406657207347576e-01,3.997802734375000000e-03
1.341178593767399230e-01,3.963232040405273438e-03
6.679332066793321199e-02,3.475606441497802734e-01
6.949305069493050269e-02,1.208257675170898438e-02
1.612838716128387195e-01,1.530766916275024414e+01
1.315879821777343750e-01,1.713514328002929688e-03
7.696325126198853839e-02,4.096508026123046875e-03
6.023941741374392450e-02,3.998756408691406250e-03
5.870412958704129824e-01,3.479323387145996094e-01
5.844415558444155945e-01,1.211261749267578125e-02
5.525447455254474116e-01,1.471721696853637695e+01
5.880985260009765625e-01,1.683473587036132812e-03
5.407530054944339470e-01,4.061937332153320312e-03
5.562903031247982133e-01,3.994226455688476562e-03
2.159784021597840192e-02,3.472692966461181641e-01
2.649735026497350432e-02,1.205730438232421875e-02
4.199580041995800567e-02,1.460726547241210938e+01
2.069473266601562500e-02,2.505302429199218750e-03
2.202483774239178890e-02,4.185199737548828125e-03
1.192493068373788080e-02,4.015445709228515625e-03
5.809419058094190264e-02,3.478512763977050781e-01
7.039296070392961346e-02,1.252126693725585938e-02
6.449355064493550449e-02,1.549019217491149902e+01
2.517223358154296875e-01,1.717329025268554688e-03
5.859878903458067001e-02,4.098653793334960938e-03
6.603085716260556626e-02,3.997564315795898438e-03
5.950404959504049796e-01,3.476610183715820312e-01
5.838416158384162058e-01,1.212978363037109375e-02
5.287471252874712535e-01,1.547984004020690918e+01
7.482776641845703125e-01,1.688718795776367188e-03
5.834542913312696921e-01,4.067659378051757812e-03
6.179870198310569718e-01,3.989696502685546875e-03
4.569543045695430572e-01,3.477587699890136719e-01
4.636536346365363603e-01,1.211786270141601562e-02
5.079492050794920388e-01,1.536344552040100098e+01
1.315879821777343750e-01,2.514600753784179688e-03
5.150479123691137362e-01,4.188299179077148438e-03
4.503008705750825014e-01,3.993034362792968750e-03
2.090790920907909245e-01,3.480501174926757812e-01
2.204779522047795315e-01,1.255321502685546875e-02
2.208779122087791147e-01,1.536224150657653809e+01
1.315879821777343750e-01,1.601934432983398438e-03
2.355634370901880659e-01,4.028797149658203125e-03
1.904236521866273235e-01,3.970861434936523438e-03
3.669633036696330342e-01,3.476374149322509766e-01
3.753624637536246422e-01,1.202297210693359375e-02
3.626637336266373413e-01,1.527548885345458984e+01
4.119014739990234375e-01,1.684188842773437500e-03
3.490568844553653127e-01,4.077434539794921875e-03
3.302658920970553691e-01,3.991127014160156250e-03
7.103289671032896324e-01,3.484556674957275391e-01
7.113288671132886876e-01,1.209211349487304688e-02
7.351264873512648457e-01,1.541781044006347656e+01
2.517223358154296875e-01,1.711130142211914062e-03
6.310054730466631012e-01,4.050254821777343750e-03
7.282099776802986035e-01,3.964662551879882812e-03
6.687331266873313140e-01,3.671653270721435547e-01
6.656334366563343430e-01,1.206588745117187500e-02
6.707329267073293133e-01,1.560769677162170410e+01
1.315879821777343750e-01,2.534151077270507812e-03
6.026193967287358788e-01,4.216909408569335938e-03
6.922047288613866201e-01,4.030466079711914062e-03
6.751324867513248673e-01,3.515453338623046875e-01
6.973302669733026926e-01,1.251602172851562500e-02
7.211278872112788507e-01,1.593762016296386719e+01
2.517223358154296875e-01,1.611232757568359375e-03
6.640066443074441604e-01,4.040956497192382812e-03
6.692825444487461306e-01,3.991603851318359375e-03
8.564143585641436074e-01,3.462455272674560547e-01
8.480151984801519438e-01,1.208686828613281250e-02
6.954304569543046100e-01,1.537520599365234375e+01
5.880985260009765625e-01,1.661777496337890625e-03
7.153299667132120288e-01,4.029989242553710938e-03
8.753342605933329690e-01,3.981351852416992188e-03
6.362363763623637425e-01,3.499147891998291016e-01
6.276372362763723567e-01,1.209020614624023438e-02
6.251374862513748853e-01,1.547946047782897949e+01
7.482776641845703125e-01,1.704216003417968750e-03
5.498609503013551780e-01,4.199504852294921875e-03
7.401042457355510029e-01,3.964900970458984375e-03
3.152684731526847473e-01,3.497436046600341797e-01
3.138686131386861367e-01,1.210975646972656250e-02
2.801719828017198433e-01,1.545590400695800781e+01
4.119014739990234375e-01,2.589464187622070312e-03
3.708723465500569638e-01,4.239082336425781250e-03
3.856620983045002671e-01,4.022359848022460938e-03
3.249675032496750493e-01,3.470354080200195312e-01
3.592640735926407314e-01,1.254653930664062500e-02
3.909609039096090255e-02,1.467953729629516602e+01
2.517223358154296875e-01,1.766920089721679688e-03
3.428548488336411459e-01,4.097938537597656250e-03
3.491497159251677473e-01,4.015445709228515625e-03
2.548745125487451024e-01,3.492007255554199219e-01
2.633736626337366271e-01,2.807545661926269531e-02
3.439656034396560425e-01,1.493219661712646484e+01
5.765914916992187500e-02,1.651763916015625000e-03
2.388389249952992399e-01,4.033327102661132812e-03
2.218826923978101107e-01,3.985881805419921875e-03
1.148885111488851113e-01,3.464338779449462891e-01
1.209879012098790119e-01,1.208901405334472656e-02
8.289171082891710896e-02,1.544137573242187500e+01
5.765914916992187500e-02,1.728773117065429688e-03
2.598943088852647687e-01,4.056215286254882812e-03
1.391293497435268645e-01,3.978729248046875000e-03
9.235076492350764443e-01,3.465218544006347656e-01
9.210078992100789730e-01,1.210403442382812500e-02
9.163083691630836691e-01,1.538972282409667969e+01
8.684120178222656250e-01,2.532720565795898438e-03
8.861184972162952089e-01,4.262924194335937500e-03
9.434486536733871498e-01,4.026651382446289062e-03
4.264573542645735404e-01,3.889975547790527344e-01
4.202579742025797649e-01,1.262545585632324219e-02
4.355564443555644538e-01,1.613922166824340820e+01
4.119014739990234375e-01,1.700401306152343750e-03
4.314228288846824189e-01,4.076957702636718750e-03
3.834780348261221938e-01,3.987789154052734375e-03
5.678432156784322116e-01,3.736374378204345703e-01
5.532446755324467169e-01,1.212096214294433594e-02
5.391460853914608053e-01,1.441864824295043945e+01
4.119014739990234375e-01,1.654624938964843750e-03
5.101566276740197026e-01,4.039287567138671875e-03
5.259334741627622600e-01,4.522085189819335938e-03
6.628337166283371218e-01,3.655846118927001953e-01
6.799320067993200878e-01,1.219773292541503906e-02
6.807319268073193097e-01,1.567106294631958008e+01
5.765914916992187500e-02,1.726388931274414062e-03
6.027126531790937269e-01,4.071712493896484375e-03
6.485803236837560659e-01,4.014253616333007812e-03
2.705729427057294023e-01,3.477280139923095703e-01
2.643735626437356268e-01,1.210474967956542969e-02
3.397660233976602107e-01,1.542320871353149414e+01
1.315879821777343750e-01,2.542495727539062500e-03
3.363833453353455294e-01,4.183530807495117188e-03
2.890134797708472369e-01,4.031896591186523438e-03
9.874012598740126156e-01,3.481683731079101562e-01
9.890010998900109485e-01,1.254558563232421875e-02
9.972002799720027788e-01,1.550177383422851562e+01
8.684120178222656250e-01,1.705884933471679688e-03
9.493844137801165095e-01,4.069805145263671875e-03
9.872393165922458413e-01,3.970146179199218750e-03
5.652434756524347126e-01,3.480460643768310547e-01
5.505449455054494123e-01,1.211190223693847656e-02
2.270772922707729180e-01,1.546614503860473633e+01
2.517223358154296875e-01,1.650810241699218750e-03
4.896839455768335903e-01,4.047870635986328125e-03
5.134033501027883695e-01,3.996849060058593750e-03
4.307569243075692333e-01,3.472151756286621094e-01
4.267573242675732348e-01,1.210618019104003906e-02
5.500449955004499403e-01,1.553367900848388672e+01
5.880985260009765625e-01,1.689672470092773438e-03
4.968789917122952704e-01,4.039287567138671875e-03
3.805988276739432630e-01,3.986358642578125000e-03
3.175682431756824409e-01,3.454799652099609375e-01
3.224677532246775225e-01,1.209163665771484375e-02
3.515648435156484286e-01,1.530064749717712402e+01
2.069473266601562500e-02,2.526998519897460938e-03
3.963460941467050191e-01,4.232645034790039062e-03
2.986073424899177153e-01,4.004478454589843750e-03
6.256374362563743574e-01,3.511033058166503906e-01
6.100389961003899186e-01,1.252126693725585938e-02
5.448455154484551644e-01,1.559156918525695801e+01
4.119014739990234375e-01,1.726627349853515625e-03
5.763152246398742795e-01,4.061222076416015625e-03
6.408642931415242661e-01,3.991603851318359375e-03
8.612138786121388279e-01,3.500065803527832031e-01
8.447155284471552505e-01,1.214051246643066406e-02
8.972102789721028149e-01,1.557026863098144531e+01
8.684120178222656250e-01,1.737833023071289062e-03
7.529600254725647979e-01,4.062414169311523438e-03
8.667736194280081241e-01,4.005908966064453125e-03
7.422257774222578153e-01,3.493592739105224609e-01
7.389261073892611220e-01,1.212906837463378906e-02
6.831316868313168644e-01,1.552924466133117676e+01
7.482776641845703125e-01,1.642227172851562500e-03
6.278384717066136655e-01,4.067659378051757812e-03
8.012605172693282318e-01,3.989696502685546875e-03
1.914808519148085142e-01,3.475224971771240234e-01
2.021797820217978159e-01,1.212763786315917969e-02
2.170782921707829216e-01,1.541350054740905762e+01
4.119014739990234375e-01,2.537488937377929688e-03
2.610136450262973140e-01,4.216670989990234375e-03
2.070958133210631935e-01,4.020690917968750000e-03
9.034096590340965349e-01,3.487062454223632812e-01
8.965103489651035096e-01,1.253819465637207031e-02
8.361163883611638648e-01,1.554691219329833984e+01
8.684120178222656250e-01,1.631021499633789062e-03
8.463700948510394229e-01,4.056692123413085938e-03
8.991522296433320793e-01,3.976106643676757812e-03
6.298370162983701892e-01,3.472652435302734375e-01
6.493350664933507099e-01,1.209115982055664062e-02
7.037296270372962459e-01,1.555088019371032715e+01
2.517223358154296875e-01,1.733303070068359375e-03
6.730946855566187770e-01,4.060029983520507812e-03
6.084007783219750332e-01,3.977775573730468750e-03
1.063893610638936144e-01,3.462615013122558594e-01
1.053894610538946147e-01,1.213359832763671875e-02
1.002899710028997138e-01,1.544462084770202637e+01
2.517223358154296875e-01,2.648353576660156250e-03
1.853337343876131915e-01,4.240036010742187500e-03
1.234355393431758596e-01,4.030942916870117188e-03
3.669633036696330619e-02,3.490703105926513672e-01
4.159584041595840165e-02,1.263785362243652344e-02
4.529547045295470586e-02,1.562261438369750977e+01
5.765914916992187500e-02,1.719474792480468750e-03
5.421123249462555388e-02,4.046201705932617188e-03
2.447843066873215540e-02,3.966808319091796875e-03
5.837416258374162892e-01,3.473618030548095703e-01
5.880411958804119266e-01,1.212358474731445312e-02
6.755324467553244228e-01,1.529670834541320801e+01
2.517223358154296875e-01,1.709699630737304688e-03
5.469843591181248188e-01,4.088163375854492188e-03
5.938947874113317260e-01,3.978490829467773438e-03
3.621637836216378137e-01,3.464856147766113281e-01
3.909609039096090255e-01,1.208209991455078125e-02
6.472352764723527940e-01,1.533939003944396973e+01
5.880985260009765625e-01,1.716375350952148438e-03
4.330471401711502577e-01,4.082679748535156250e-03
3.364686659941730218e-01,3.965854644775390625e-03
7.729227077292271098e-01,3.463151454925537109e-01
7.735226477352264984e-01,1.208281517028808594e-02
8.320167983201679496e-01,1.528725337982177734e+01
7.482776641845703125e-01,2.701282501220703125e-03
7.835883985838341115e-01,4.287958145141601562e-03
7.801966137904532417e-01,4.024028778076171875e-03
7.097290270972902437e-01,3.481905460357666016e-01
7.024297570242975519e-01,1.267528533935546875e-02
4.748525147485251341e-01,1.635565209388732910e+01
8.684120178222656250e-01,1.742362976074218750e-03
6.558846110135521101e-01,4.060745239257812500e-03
7.572195355088202628e-01,3.998279571533203125e-03
3.460653934606539583e-01,3.483257293701171875e-01
3.505649435056494290e-01,1.213526725769042969e-02
5.740425957404259316e-01,1.513640832901000977e+01
5.908966064453125000e-03,1.723289489746093750e-03
3.830365167143826022e-01,4.070758819580078125e-03
3.390679499561804477e-01,3.969669342041015625e-03
3.677632236776322561e-01,3.466889858245849609e-01
3.742625737426257260e-01,1.213622093200683594e-02
4.139586041395860172e-01,1.555781912803649902e+01
5.880985260009765625e-01,1.691102981567382812e-03
4.173606125985245829e-01,4.039764404296875000e-03
3.842636120313817627e-01,3.988504409790039062e-03
9.445055494450554923e-01,3.447632789611816406e-01
9.409059094090590492e-01,1.208019256591796875e-02
9.553044695530447106e-01,1.501669311523437500e+01
9.423408508300781250e-01,2.540111541748046875e-03
8.876024072351333949e-01,4.250288009643554688e-03
9.225178491761797384e-01,4.030704498291015625e-03
4.129587041295870176e-01,3.473479747772216797e-01
3.995600439956004668e-01,1.255154609680175781e-02
5.580441955804419374e-01,1.543332934379577637e+01
2.517223358154296875e-01,1.736402511596679688e-03
4.271256935020659729e-01,4.069566726684570312e-03
4.114964350867901244e-01,4.002571105957031250e-03
9.658034196580341790e-01,3.491659164428710938e-01
9.642035796420358462e-01,1.210212707519531250e-02
9.867013298670133103e-01,1.595737361907958984e+01
7.482776641845703125e-01,1.724481582641601562e-03
7.618372056547162430e-01,4.056215286254882812e-03
9.830274668697428497e-01,3.992080688476562500e-03
9.098090190980901992e-01,3.478538990020751953e-01
9.127087291270873370e-01,1.208496093750000000e-02
8.606139386061394392e-01,1.538195300102233887e+01
4.119014739990234375e-01,1.723051071166992188e-03
8.389615720191014869e-01,4.079580307006835938e-03
9.210480693307312450e-01,3.988504409790039062e-03
1.663833616638336066e-01,3.483762741088867188e-01
1.647835216478352183e-01,1.208186149597167969e-02
4.016598340165983272e-01,1.525919890403747559e+01
5.765914916992187500e-02,2.565145492553710938e-03
3.039362805488146080e-01,4.229307174682617188e-03
1.353931562592092797e-01,4.003524780273437500e-03
2.939706029397060050e-01,3.822071552276611328e-01
3.043695630436956123e-01,1.257395744323730469e-02
2.676732326767323200e-01,1.555320000648498535e+01
1.315879821777343750e-01,1.743793487548828125e-03
3.514478349887631969e-01,4.038333892822265625e-03
2.804252798302962479e-01,3.998517990112304688e-03
2.994700529947005307e-01,3.482947349548339844e-01
2.723727627237276239e-01,1.209545135498046875e-02
2.675732426757324034e-01,1.541169333457946777e+01
8.684120178222656250e-01,1.739978790283203125e-03
3.498034020625264695e-01,4.067659378051757812e-03
2.278182220373641820e-01,3.985404968261718750e-03
4.111588841115888515e-01,3.473708629608154297e-01
4.087591240875912413e-01,1.211762428283691406e-02
5.095490450954904826e-01,1.538534498214721680e+01
2.517223358154296875e-01,1.726150512695312500e-03
3.925109675053126690e-01,4.071950912475585938e-03
3.815493525046372292e-01,3.972530364990234375e-03
2.157784221577842276e-01,3.488218784332275391e-01
2.171782821717828105e-01,1.210379600524902344e-02
2.991700829917008364e-01,1.593440937995910645e+01
1.315879821777343750e-01,2.630472183227539062e-03
2.352809242894880470e-01,4.226446151733398438e-03
1.603781756990345642e-01,4.023313522338867188e-03
2.115788421157884236e-01,3.493845462799072266e-01
1.920807919208079306e-01,1.258397102355957031e-02
2.619738026197380165e-01,1.529216623306274414e+01
7.482776641845703125e-01,1.717805862426757812e-03
2.883717018812739230e-01,4.084587097167968750e-03
2.073431903635585272e-01,4.012107849121093750e-03
4.839516048395160475e-01,4.442570209503173828e-01
5.086491350864913441e-01,1.212310791015625000e-02
3.599640035996400367e-01,1.555499744415283203e+01
1.315879821777343750e-01,1.745939254760742188e-03
4.942404743013439350e-01,4.090547561645507812e-03
4.797644740249698003e-01,4.000663757324218750e-03
8.288171182881711729e-01,3.491375446319580078e-01
8.202179782021797871e-01,1.210308074951171875e-02
8.914108589141085393e-01,1.529250812530517578e+01
8.684120178222656250e-01,1.723289489746093750e-03
7.571005198777973622e-01,4.066944122314453125e-03
8.227676592368505792e-01,3.997087478637695312e-03
5.316468353164683913e-01,3.477246761322021484e-01
5.327467253274672521e-01,1.206469535827636719e-02
5.924407559244075916e-01,1.487206053733825684e+01
5.880985260009765625e-01,2.647161483764648438e-03
5.427000626862997779e-01,4.230737686157226562e-03
4.954175290896559725e-01,4.035949707031250000e-03
3.779622037796220163e-02,3.469774723052978516e-01
3.969603039696030511e-02,1.261115074157714844e-02
1.230876912308769139e-01,1.557941627502441406e+01
2.517223358154296875e-01,1.743316650390625000e-03
4.159253982722437709e-02,4.074335098266601562e-03
3.965779963671925423e-02,3.980875015258789062e-03
7.538246175382461445e-01,3.538861274719238281e-01
7.683231676832317225e-01,1.211094856262207031e-02
8.366163383661633368e-01,1.534861040115356445e+01
4.119014739990234375e-01,1.722335815429687500e-03
6.716674164319912377e-01,4.050731658935546875e-03
7.714349545696406185e-01,1.199913024902343750e-02
1.550844915508449162e-01,4.007265567779541016e-01
1.738826117388261039e-01,1.216816902160644531e-02
2.137786221377862284e-01,1.525416159629821777e+01
5.880985260009765625e-01,1.664161682128906250e-03
2.834975170878677453e-01,1.206517219543457031e-02
1.742005150170269356e-01,3.984451293945312500e-03
8.563143685631436908e-01,4.613857269287109375e-01
8.608139186081391614e-01,1.205253601074218750e-02
7.792220777922207464e-01,1.569245815277099609e+01
5.880985260009765625e-01,2.619028091430664062e-03
8.389125239561345815e-01,4.250764846801757812e-03
8.050071726693117657e-01,4.030942916870117188e-03
7.315268473152685136e-01,3.488016128540039062e-01
7.306269373062693750e-01,1.259446144104003906e-02
8.290170982901710062e-01,1.580967211723327637e+01
7.482776641845703125e-01,1.724243164062500000e-03
6.790203532978789092e-01,4.079103469848632812e-03
6.922243225906162811e-01,4.006624221801757812e-03
4.717528247175282741e-01,3.855581283569335938e-01
4.672532746725327479e-01,2.806925773620605469e-02
4.966503349665033484e-01,1.544014906883239746e+01
2.517223358154296875e-01,1.646518707275390625e-03
4.091158053450246745e-01,4.074811935424804688e-03
4.929578381277571197e-01,3.999948501586914062e-03
1.782821717828217134e-01,3.487815856933593750e-01
2.022797720227977325e-01,1.207923889160156250e-02
2.817718228177182316e-01,1.514544510841369629e+01
2.517223358154296875e-01,1.682758331298828125e-03
2.033135194489103514e-01,4.078626632690429688e-03
1.635897816401079008e-01,3.980159759521484375e-03
1.421857814218578098e-01,3.501534461975097656e-01
1.394860513948605052e-01,1.209187507629394531e-02
3.032696730326967516e-01,1.470913624763488770e+01
2.517223358154296875e-01,2.602577209472656250e-03
1.788344796772655121e-01,4.256963729858398438e-03
1.341837057589787552e-01,4.032373428344726562e-03
7.894210578942105760e-01,3.471236228942871094e-01
7.832216778322167450e-01,1.262092590332031250e-02
6.684331566843315642e-01,1.567723608016967773e+01
4.119014739990234375e-01,1.769542694091796875e-03
7.440274674979142633e-01,4.088878631591796875e-03
7.730957810529522911e-01,3.980398178100585938e-03
6.846315368463153916e-01,3.499748706817626953e-01
6.943305669433056382e-01,1.212453842163085938e-02
7.108289171082892155e-01,1.564671444892883301e+01
5.880985260009765625e-01,1.729488372802734375e-03
6.951541973053626533e-01,4.095315933227539062e-03
6.455862638415519328e-01,4.009962081909179688e-03
8.198180181981802317e-01,3.469781875610351562e-01
8.277172282771723122e-01,1.212692260742187500e-02
8.210178982101790091e-01,1.606438136100769043e+01
5.880985260009765625e-01,1.741170883178710938e-03
7.724903780184989577e-01,1.205515861511230469e-02
8.692479109758349809e-01,3.991365432739257812e-03
4.955504449555044322e-01,4.062991142272949219e-01
4.867513248675132687e-01,1.209044456481933594e-02
4.731526847315268292e-01,1.599669218063354492e+01
7.482776641845703125e-01,2.626419067382812500e-03
5.471184578293483147e-01,4.228830337524414062e-03
5.260042735946884873e-01,4.021406173706054688e-03
3.151684831516848306e-01,3.466768264770507812e-01
3.229677032296770500e-01,1.259875297546386719e-02
4.560543945605439187e-01,1.920450210571289062e+01
2.517223358154296875e-01,1.775979995727539062e-03
3.116902760724991062e-01,4.103422164916992188e-03
3.331761797256334035e-01,3.988981246948242188e-03
6.083391660833916692e-01,4.373693466186523438e-01
6.120387961203879179e-01,1.214003562927246094e-02
6.482351764823517382e-01,1.534986162185668945e+01
7.482776641845703125e-01,1.650333404541015625e-03
6.102064511255901325e-01,4.078388214111328125e-03
6.027843640636427747e-01,3.998994827270507812e-03
1.544845515448455275e-01,3.484387397766113281e-01
1.552844715528447217e-01,1.207685470581054688e-02
6.869313068693130853e-02,1.594757318496704102e+01
1.315879821777343750e-01,1.697063446044921875e-03
1.480554455432222527e-01,4.040479660034179688e-03
1.318289609527736328e-01,3.991842269897460938e-03
2.900709929007099230e-01,3.490619659423828125e-01
3.092690730926907494e-01,1.209115982055664062e-02
2.748725127487251507e-01,1.511091470718383789e+01
5.765914916992187500e-02,2.588033676147460938e-03
2.647301988529042749e-01,4.258632659912109375e-03
3.048320107703430537e-01,4.063844680786132812e-03
5.118488151184881207e-01,3.506648540496826172e-01
5.122487751224877872e-01,1.258277893066406250e-02
4.687531246875312196e-01,1.537260437011718750e+01
5.880985260009765625e-01,1.750230789184570312e-03
5.199370533911655823e-01,4.083395004272460938e-03
4.711230964110073582e-01,4.009008407592773438e-03
9.340065993400660238e-01,3.496892452239990234e-01
9.309069093090690528e-01,1.215076446533203125e-02
9.304069593040695807e-01,1.539600419998168945e+01
9.423408508300781250e-01,1.707077026367187500e-03
9.184321594225056673e-01,4.354953765869140625e-03
9.467550994390290242e-01,4.034757614135742188e-03
9.713028697130287048e-01,3.535773754119873047e-01
9.692030796920307889e-01,1.242971420288085938e-02
9.793020697930207019e-01,1.564668536186218262e+01
4.119014739990234375e-01,1.718759536743164062e-03
9.741042044550476398e-01,4.062652587890625000e-03
9.771822933720172299e-01,3.988504409790039062e-03
8.725127487251275182e-01,3.476040363311767578e-01
8.734126587341265457e-01,1.210117340087890625e-02
8.858114188581142079e-01,1.549408817291259766e+01
7.482776641845703125e-01,2.655982971191406250e-03
8.285361486063556047e-01,4.257678985595703125e-03
8.988162485746722385e-01,4.018545150756835938e-03
7.185281471852814628e-01,3.486800193786621094e-01
7.131286871312868536e-01,1.258301734924316406e-02
6.557344265573442632e-01,1.539610886573791504e+01
7.482776641845703125e-01,1.682281494140625000e-03
7.217811836873693210e-01,4.044771194458007812e-03
6.784871981557730747e-01,3.986358642578125000e-03
3.213678632136786062e-01,3.484299182891845703e-01
3.170682931706829133e-01,1.208162307739257812e-02
2.896710328967103121e-01,1.572837257385253906e+01
2.517223358154296875e-01,1.708745956420898438e-03
3.573565359708595901e-01,4.067182540893554688e-03
3.543313523846973734e-01,3.983259201049804688e-03
2.052794720527947314e-01,3.474590778350830078e-01
2.198780121987801150e-01,1.209068298339843750e-02
2.241775822417758357e-01,1.524807476997375488e+01
2.517223358154296875e-01,2.563238143920898438e-03
3.500693838453802775e-01,4.217147827148437500e-03
1.950212348764036596e-01,4.009723663330078125e-03
5.242475752424757829e-01,3.732762336730957031e-01
5.368463153684631672e-01,1.285672187805175781e-02
6.086391360863913080e-01,1.526483726501464844e+01
2.517223358154296875e-01,1.751661300659179688e-03
5.007650182265324101e-01,4.086971282958984375e-03
5.544430612574777761e-01,4.013061523437500000e-03
5.654434556544345458e-01,3.491113185882568359e-01
5.612438756124387140e-01,1.218008995056152344e-02
6.577342265773422625e-01,1.565474319458007812e+01
5.880985260009765625e-01,1.725196838378906250e-03
5.868978436719620717e-01,4.070758819580078125e-03
5.375913487907975075e-01,3.994703292846679688e-03
7.517248275172482286e-01,3.974668979644775391e-01
7.425257474252574541e-01,1.235222816467285156e-02
6.124387561243875844e-01,1.662413334846496582e+01
4.119014739990234375e-01,1.681804656982421875e-03
6.315007324448802528e-01,4.063367843627929688e-03
7.939741949686802691e-01,3.998279571533203125e-03
2.101789821017898130e-01,3.477313518524169922e-01
2.254774522547745297e-01,1.207375526428222656e-02
3.595640435956404257e-01,1.504115891456604004e+01
2.517223358154296875e-01,2.635002136230468750e-03
1.883757952707404426e-01,4.233837127685546875e-03
2.063220269309136157e-01,4.014730453491210938e-03
6.057394260573942812e-01,3.482921123504638672e-01
6.181381861813818324e-01,1.261568069458007812e-02
3.521647835216478173e-01,1.526915335655212402e+01
5.880985260009765625e-01,1.698970794677734375e-03
5.596048950612457773e-01,4.057645797729492188e-03
6.172555031171400586e-01,4.001855850219726562e-03
7.800219978002199683e-01,3.488142490386962891e-01
7.668233176682331953e-01,1.213383674621582031e-02
7.594240575942405869e-01,1.573480558395385742e+01
9.423408508300781250e-01,1.699209213256835938e-03
7.665789476583684259e-01,4.050254821777343750e-03
7.750709024270021619e-01,3.993749618530273438e-03
8.421157884211578626e-01,3.473877906799316406e-01
8.413158684131586407e-01,1.212978363037109375e-02
8.307169283071692556e-01,1.617226147651672363e+01
9.793052673339843750e-01,1.743316650390625000e-03
8.010014403606193767e-01,4.082679748535156250e-03
8.809907905099452208e-01,4.009962081909179688e-03
7.401259874012598994e-01,3.481588363647460938e-01
7.486251374862513686e-01,1.207971572875976562e-02
6.051394860513948926e-01,1.587070584297180176e+01
8.684120178222656250e-01,2.603530883789062500e-03
6.878212624985294843e-01,4.229545593261718750e-03
7.654730306082688784e-01,4.017591476440429688e-03
4.660533946605339706e-01,3.473331928253173828e-01
4.585541445855414455e-01,1.260209083557128906e-02
4.859514048595140467e-01,1.551185274124145508e+01
2.517223358154296875e-01,1.768112182617187500e-03
4.952995729422172699e-01,4.091739654541015625e-03
3.535900510759769633e-01,4.216194152832031250e-03
6.968303169683032205e-01,5.022547245025634766e-01
7.027297270272973018e-01,1.645731925964355469e-02
7.455254474552545085e-01,2.321594452857971191e+01
5.880985260009765625e-01,9.758472442626953125e-03
5.962780656230380893e-01,4.107713699340820312e-03
6.970280724524161586e-01,1.200032234191894531e-02
3.972602739726027177e-01,5.708723068237304688e-01
4.133586641335866285e-01,2.032947540283203125e-02
4.404559544045595354e-01,1.973836565017700195e+01
7.482776641845703125e-01,1.733303070068359375e-03
4.570481434029566303e-01,4.056453704833984375e-03
4.028520676433387515e-01,3.989934921264648438e-03
8.603139686031396893e-01,3.473472595214843750e-01
8.599140085991401339e-01,1.209926605224609375e-02
7.466253374662533693e-01,1.563541698455810547e+01
4.119014739990234375e-01,2.783775329589843750e-03
8.433310892019050264e-01,4.273176193237304688e-03
8.635486182940151911e-01,4.017591476440429688e-03
9.547045295470453219e-01,3.502185344696044922e-01
9.563043695630436547e-01,1.264262199401855469e-02
7.790220977902210242e-01,1.493390679359436035e+01
2.517223358154296875e-01,1.754999160766601562e-03
9.301815060988987138e-01,4.102230072021484375e-03
9.604129072225892072e-01,3.988742828369140625e-03
5.469453054694530802e-01,3.474075794219970703e-01
5.405459454054594159e-01,1.211690902709960938e-02
6.192380761923808041e-01,1.504820084571838379e+01
5.880985260009765625e-01,1.724481582641601562e-03
5.385926138433624333e-01,4.059553146362304688e-03
5.496714175529752167e-01,4.000663757324218750e-03
4.824517548245175758e-01,3.496742248535156250e-01
4.966503349665033484e-01,1.212239265441894531e-02
2.594740525947405452e-01,1.547608017921447754e+01
4.119014739990234375e-01,1.636981964111328125e-03
3.972358573695544681e-01,4.060745239257812500e-03
4.651048965061335694e-01,3.991365432739257812e-03
4.562543745625437519e-01,3.493893146514892578e-01
4.737526247375262733e-01,1.205182075500488281e-02
6.734326567343266179e-01,1.489881014823913574e+01
4.119014739990234375e-01,2.592802047729492188e-03
4.301260531883691063e-01,4.252672195434570312e-03
5.001661522749666355e-01,4.040479660034179688e-03
3.109689031096890197e-02,3.493776321411132812e-01
3.789621037896210437e-02,1.258730888366699219e-02
1.009899010098990087e-02,1.582601284980773926e+01
2.069473266601562500e-02,2.549171447753906250e-03
1.206849212951807138e-01,4.220724105834960938e-03
2.844787694095126523e-02,4.019260406494140625e-03
2.513748625137486314e-01,3.464677333831787109e-01
2.585741425857414066e-01,1.256513595581054688e-02
1.924807519248075138e-01,1.505059123039245605e+01
2.517223358154296875e-01,2.580642700195312500e-03
2.097117106750965854e-01,4.272222518920898438e-03
2.370898875798877481e-01,4.020929336547851562e-03
5.466453354664533304e-01,3.476755619049072266e-01
5.324467553244675022e-01,1.258659362792968750e-02
6.033396660333966155e-01,1.583762884140014648e+01
5.880985260009765625e-01,1.757860183715820312e-03
5.631669372286640662e-01,4.071235656738281250e-03
5.958775397429857401e-01,4.026889801025390625e-03
6.839316068393160863e-01,3.469762802124023438e-01
6.730326967303269514e-01,1.212978363037109375e-02
6.195380461953804430e-01,1.516188573837280273e+01
5.880985260009765625e-01,2.575635910034179688e-03
6.534037509468043625e-01,4.247903823852539062e-03
6.788936914803884726e-01,4.040241241455078125e-03
3.572642735726427321e-01,3.477287292480468750e-01
3.548645135486451219e-01,1.256251335144042969e-02
3.683631636836316448e-01,1.573511528968811035e+01
4.119014739990234375e-01,1.684904098510742188e-03
4.440180765351933179e-01,4.037380218505859375e-03
3.227008701468203067e-01,3.978252410888671875e-03
7.300269973002699864e-01,3.468687534332275391e-01
7.273272672732726818e-01,1.211237907409667969e-02
7.943205679432057131e-01,1.589010095596313477e+01
1.315879821777343750e-01,1.719236373901367188e-03
7.386369129657194277e-01,4.073381423950195312e-03
7.207156851956704191e-01,3.990888595581054688e-03
6.145385461453855003e-01,3.465185165405273438e-01
6.299370062993701058e-01,1.210021972656250000e-02
5.364463553644635008e-01,1.612135291099548340e+01
2.517223358154296875e-01,1.691102981567382812e-03
6.379752118510129133e-01,4.072189331054687500e-03
6.012055375631263354e-01,4.025936126708984375e-03
9.216078392160783617e-01,3.491408824920654297e-01
9.250074992500749715e-01,1.205587387084960938e-02
9.007099290070993414e-01,1.575239062309265137e+01
7.482776641845703125e-01,2.616643905639648438e-03
8.720939424833045184e-01,4.224777221679687500e-03
9.162856752138690553e-01,4.039525985717773438e-03
2.136786321367863117e-01,3.481252193450927734e-01
2.173782621737826160e-01,1.257801055908203125e-02
2.113788621137886181e-01,1.590973520278930664e+01
2.517223358154296875e-01,1.738071441650390625e-03
2.447768198139743112e-01,4.091024398803710938e-03
2.141437915122980096e-01,3.983736038208007812e-03
1.977802219778022064e-01,3.467781543731689453e-01
1.947805219478052074e-01,1.214861869812011719e-02
1.873812618738126268e-01,1.573883080482482910e+01
7.482776641845703125e-01,1.719713211059570312e-03
3.141455713888672285e-01,4.071950912475585938e-03
2.161543584886067015e-01,4.006624221801757812e-03
4.063593640635936310e-01,3.470153808593750000e-01
3.986601339866013283e-01,1.217317581176757812e-02
3.279672032796720482e-01,1.577070260047912598e+01
4.119014739990234375e-01,1.698493957519531250e-03
3.614198792078532341e-01,4.059553146362304688e-03
3.298128248275087882e-01,3.971338272094726562e-03
2.185781421857814211e-01,3.486418724060058594e-01
2.313768623137686109e-01,1.212978363037109375e-02
3.184681531846815239e-01,1.613005995750427246e+01
5.765914916992187500e-02,2.592325210571289062e-03
1.860303342460419840e-01,4.253387451171875000e-03
1.963274057946418072e-01,4.045724868774414062e-03
9.137086291370862812e-01,3.503391742706298828e-01
9.208079192080791398e-01,1.259160041809082031e-02
9.434056594340566315e-01,1.528139996528625488e+01
7.482776641845703125e-01,1.755714416503906250e-03
8.380243369336353165e-01,4.063367843627929688e-03
9.052239876192638146e-01,3.997325897216796875e-03
4.869513048695130464e-01,3.479139804840087891e-01
4.861513848615138245e-01,1.214861869812011719e-02
5.232476752324767277e-01,1.554771566390991211e+01
8.684120178222656250e-01,1.698255538940429688e-03
5.009149259355725192e-01,4.064321517944335938e-03
4.622086065638291719e-01,4.021883010864257812e-03
3.141685831416858310e-01,3.515558242797851562e-01
3.139686031396860533e-01,1.210880279541015625e-02
2.259774022597740295e-01,1.526284217834472656e+01
5.880985260009765625e-01,1.744985580444335938e-03
3.463565558485089957e-01,4.094123840332031250e-03
2.998288366461624443e-01,4.003763198852539062e-03
2.293770622937706116e-01,3.481032848358154297e-01
2.296770322967703337e-01,1.209735870361328125e-02
1.799820017998200183e-01,1.515258407592773438e+01
4.119014739990234375e-01,2.576112747192382812e-03
3.462050696621140067e-01,4.234075546264648438e-03
2.926255072310923744e-01,4.046916961669921875e-03
4.516548345165483647e-01,4.927730560302734375e-01
4.512548745125487537e-01,1.270890235900878906e-02
5.719428057194280157e-01,1.552697920799255371e+01
5.880985260009765625e-01,2.626895904541015625e-03
4.427717288774802862e-01,4.265308380126953125e-03
4.908388342097651513e-01,4.011392593383789062e-03
1.090890910908909051e-01,3.497195243835449219e-01
1.162883711628837080e-01,1.261377334594726562e-02
1.333866613338666185e-01,1.494756054878234863e+01
4.119014739990234375e-01,2.580642700195312500e-03
4.641100422977454953e-01,4.247903823852539062e-03
7.806864007561115093e-02,4.036664962768554688e-03
5.492450754924507184e-01,3.495311737060546875e-01
5.365463453654634174e-01,1.260304450988769531e-02
5.105489451054894268e-01,1.583627891540527344e+01
8.684120178222656250e-01,1.748800277709960938e-03
5.528715072957028909e-01,4.074573516845703125e-03
5.355872360976763336e-01,3.996610641479492188e-03
7.752224777522247479e-01,3.477034568786621094e-01
7.708229177082291939e-01,1.210403442382812500e-02
5.523447655234476894e-01,1.624649739265441895e+01
7.482776641845703125e-01,2.576589584350585938e-03
5.072046158973041452e-01,4.245519638061523438e-03
8.222064118967243873e-01,4.017114639282226562e-03
5.999400059994000655e-04,3.472638130187988281e-01
8.999100089991000440e-04,1.260399818420410156e-02
2.799720027997200378e-03,1.612914824485778809e+01
1.315879821777343750e-01,1.620292663574218750e-03
7.271185285868930412e-03,4.018068313598632812e-03
1.223546650009730338e-03,3.982305526733398438e-03
5.659434056594340179e-01,3.457863330841064453e-01
5.780421957804219302e-01,1.208519935607910156e-02
6.791320867913208659e-01,1.531478571891784668e+01
5.880985260009765625e-01,1.710414886474609375e-03
5.190887327329382073e-01,4.076480865478515625e-03
5.823074986909736461e-01,4.027843475341796875e-03
8.602139786021397727e-01,3.469121456146240234e-01
8.590140985901409953e-01,1.211786270141601562e-02
7.904209579042096312e-01,1.544144892692565918e+01
8.684120178222656250e-01,1.719236373901367188e-03
7.878563266525844266e-01,4.059791564941406250e-03
8.758886647789303481e-01,3.991603851318359375e-03
2.684731526847315419e-01,3.478128910064697266e-01
2.783721627837216217e-01,1.209163665771484375e-02
2.393760623937606358e-01,1.560855126380920410e+01
2.517223358154296875e-01,2.525806427001953125e-03
3.280525517952790349e-01,4.202604293823242188e-03
2.529430098854715814e-01,4.026174545288085938e-03
1.936806319368063189e-01,3.507275581359863281e-01
1.909809019098090144e-01,1.257061958312988281e-02
1.219878012198780115e-01,1.521781754493713379e+01
2.517223358154296875e-01,1.734256744384765625e-03
2.436779746087812670e-01,4.105091094970703125e-03
2.326877273484915798e-01,4.018783569335937500e-03
8.333166683331666436e-01,5.343017578125000000e-01
8.269173082691730903e-01,1.215457916259765625e-02
6.655334466553344264e-01,1.572269916534423828e+01
7.482776641845703125e-01,1.675128936767578125e-03
6.808308244864806902e-01,4.040002822875976562e-03
8.440607018653918381e-01,3.985166549682617188e-03
4.824517548245175758e-01,3.471071720123291016e-01
4.934506549345065718e-01,1.210689544677734375e-02
5.480451954804519410e-01,1.555344319343566895e+01
4.119014739990234375e-01,1.626014709472656250e-03
4.746975730172516839e-01,4.024744033813476562e-03
4.982153248105487542e-01,3.988027572631835938e-03
9.966003399660033901e-01,3.478262424468994141e-01
9.949005099490051407e-01,1.204633712768554688e-02
9.447055294470553255e-01,1.536574912071228027e+01
8.684120178222656250e-01,2.653121948242187500e-03
9.420153492204664802e-01,4.228353500366210938e-03
9.978311668614564534e-01,4.025220870971679688e-03
2.196780321967803096e-01,3.475346565246582031e-01
2.318768123187681107e-01,1.260900497436523438e-02
2.804719528047195376e-01,1.535990691184997559e+01
2.517223358154296875e-01,1.620531082153320312e-03
3.114147344218214375e-01,4.047393798828125000e-03
2.117057717236444647e-01,3.984212875366210938e-03
7.417258274172582322e-01,3.478770256042480469e-01
7.400259974002599828e-01,1.206254959106445312e-02
8.396160383961603912e-01,1.551551175117492676e+01
7.482776641845703125e-01,1.662969589233398438e-03
6.471041206285639280e-01,4.047632217407226562e-03
7.058845357825691558e-01,4.018783569335937500e-03
9.183081691830816684e-01,3.481588363647460938e-01
9.134086591340866423e-01,1.205420494079589844e-02
8.534146585341465530e-01,1.548583006858825684e+01
8.684120178222656250e-01,1.600503921508789062e-03
9.102833293639772672e-01,4.050493240356445312e-03
9.247719751814268418e-01,3.953695297241210938e-03
6.618338166183381777e-01,3.473081588745117188e-01
6.705329467053294801e-01,1.202034950256347656e-02
6.579342065793420957e-01,1.542212963104248047e+01
4.119014739990234375e-01,2.700090408325195312e-03
6.458505936136831327e-01,4.260778427124023438e-03
6.345118716219202426e-01,4.068851470947265625e-03
2.279772022797720288e-01,3.457133769989013672e-01
2.489751024897510212e-01,1.260495185852050781e-02
3.030696930306969183e-01,1.564433789253234863e+01
5.880985260009765625e-01,1.693487167358398438e-03
2.475920568124883592e-01,4.063129425048828125e-03
2.508971024118284987e-01,3.965377807617187500e-03
4.262573742625737627e-01,3.487598896026611328e-01
4.340565943405659266e-01,1.210093498229980469e-02
5.261473852614738655e-01,1.526516127586364746e+01
5.880985260009765625e-01,1.723527908325195312e-03
4.372702823327162536e-01,4.081964492797851562e-03
3.431846726160122651e-01,3.993749618530273438e-03
6.428357164283571290e-01,3.473927974700927734e-01
6.523347665233476533e-01,1.216340065002441406e-02
6.030396960303969767e-01,1.505630826950073242e+01
1.315879821777343750e-01,2.543449401855468750e-03
5.684171819043900564e-01,4.225254058837890625e-03
6.346379944575694099e-01,4.018783569335937500e-03
3.450654934506549587e-01,4.295825958251953125e-01
3.479652034796520410e-01,1.258563995361328125e-02
5.559444055594440215e-01,1.541433286666870117e+01
2.517223358154296875e-01,2.607822418212890625e-03
3.872783767084371220e-01,4.244327545166015625e-03
3.186319601801089751e-01,4.013061523437500000e-03
7.071292870712928558e-01,3.502175807952880859e-01
6.989301069893010254e-01,1.257395744323730469e-02
7.934206579342065746e-01,1.545440793037414551e+01
8.684120178222656250e-01,2.634763717651367188e-03
6.451302443697705113e-01,4.243612289428710938e-03
7.145576123996242313e-01,4.029512405395507812e-03
1.293870612938706199e-01,3.498420715332031250e-01
1.312868713128687026e-01,1.260352134704589844e-02
5.019498050194980826e-02,1.510941815376281738e+01
1.315879821777343750e-01,1.693248748779296875e-03
2.260331711984300829e-01,4.082202911376953125e-03
8.063809881051964279e-02,4.019498825073242188e-03
3.162683731626837469e-01,3.485612869262695312e-01
3.308669133086691305e-01,1.212000846862792969e-02
4.267573242675732348e-01,1.688854622840881348e+01
1.315879821777343750e-01,2.670526504516601562e-03
4.901884628783311770e-01,4.274845123291015625e-03
3.155244948432317509e-01,4.026889801025390625e-03
1.970802919708029288e-01,3.482413291931152344e-01
2.022797720227977325e-01,1.261544227600097656e-02
2.224777522247775308e-01,1.614236330986022949e+01
2.517223358154296875e-01,1.725435256958007812e-03
3.526449130658376729e-01,4.056453704833984375e-03
1.625293607880289870e-01,3.987312316894531250e-03
2.797720227977202323e-01,3.987340927124023438e-01
2.902709729027097563e-01,1.211214065551757812e-02
2.158784121587841165e-01,1.562544274330139160e+01
4.119014739990234375e-01,1.727581024169921875e-03
2.892636065035824045e-01,4.049301147460937500e-03
2.984474027950426711e-01,4.004001617431640625e-03
6.589341065893410399e-01,3.467895984649658203e-01
6.691330866913308695e-01,1.211667060852050781e-02
6.136386361363863617e-01,1.504738259315490723e+01
5.880985260009765625e-01,1.677274703979492188e-03
6.130493863354781192e-01,4.041433334350585938e-03
6.482740706365778260e-01,4.009485244750976562e-03
3.965603439656034124e-01,3.504242897033691406e-01
4.100589941005899353e-01,1.209783554077148438e-02
4.573542645735426682e-01,1.563425493240356445e+01
2.517223358154296875e-01,2.607583999633789062e-03
4.487546763153796303e-01,4.288434982299804688e-03
3.681801624549762564e-01,4.041433334350585938e-03
2.639736026397360158e-01,3.476610183715820312e-01
2.620737926207379331e-01,1.260161399841308594e-02
2.028797120287971212e-01,1.543730473518371582e+01
7.482776641845703125e-01,2.650260925292968750e-03
3.285300685496429507e-01,4.267692565917968750e-03
2.689911633699338944e-01,4.056453704833984375e-03
8.442155784421557785e-01,3.482778072357177734e-01
8.406159384061593354e-01,1.260542869567871094e-02
7.578242175782421430e-01,1.530245852470397949e+01
5.880985260009765625e-01,2.581357955932617188e-03
8.083174907722743274e-01,4.246711730957031250e-03
7.953721357071905640e-01,4.021406173706054688e-03
2.273772622737726123e-01,3.478872776031494141e-01
2.333766623337666102e-01,1.260685920715332031e-02
2.098790120987901187e-01,1.504050493240356445e+01
2.517223358154296875e-01,1.622915267944335938e-03
3.832208880168621046e-01,4.044294357299804688e-03
1.787636374476864742e-01,3.981828689575195312e-03
7.130286971302869370e-01,3.482205867767333984e-01
7.219278072192780726e-01,1.207804679870605469e-02
8.935106489351064551e-01,1.572079539299011230e+01
4.119014739990234375e-01,2.620458602905273438e-03
6.401944188494215204e-01,4.244327545166015625e-03
7.779378516557511336e-01,4.030942916870117188e-03
3.807619238076192514e-01,3.473010063171386719e-01
3.845615438456154167e-01,1.264286041259765625e-02
6.355364463553644372e-01,1.527925276756286621e+01
2.517223358154296875e-01,1.696586608886718750e-03
3.630169096693315334e-01,4.076242446899414062e-03
3.538369867552538794e-01,3.987312316894531250e-03
4.831516848315168255e-01,3.493158817291259766e-01
4.866513348665133520e-01,1.211094856262207031e-02
4.124587541245875455e-01,1.614791941642761230e+01
5.880985260009765625e-01,1.736164093017578125e-03
4.550497451591639653e-01,4.089117050170898438e-03
4.223492840013463590e-01,4.006147384643554688e-03
6.258374162583741906e-01,3.493387699127197266e-01
6.353364663533647150e-01,1.211404800415039062e-02
8.089191080891910968e-01,1.534332823753356934e+01
5.880985260009765625e-01,1.702308654785156250e-03
5.700752616952510232e-01,4.063606262207031250e-03
6.371667210546286819e-01,4.001140594482421875e-03
5.839416058394160114e-01,3.472275733947753906e-01
5.978402159784022007e-01,1.207256317138671875e-02
6.781321867813219217e-01,1.401865196228027344e+01
5.880985260009765625e-01,2.489566802978515625e-03
5.060610596660852778e-01,4.211425781250000000e-03
5.993256318274748917e-01,3.999948501586914062e-03
3.404659534046595160e-01,3.563709259033203125e-01
3.475652434756524300e-01,1.257205009460449219e-02
5.117488251174882041e-01,1.562128639221191406e+01
4.119014739990234375e-01,1.759290695190429688e-03
4.234912473668869248e-01,4.081487655639648438e-03
3.759033927225534089e-01,4.008054733276367188e-03
4.089591040895910190e-01,3.481261730194091797e-01
3.965603439656034124e-01,1.215219497680664062e-02
3.708629137086291161e-01,1.464764499664306641e+01
7.482776641845703125e-01,1.709699630737304688e-03
4.651494949409808455e-01,4.056692123413085938e-03
3.701392231444620706e-01,4.004716873168945312e-03
5.970402959704029788e-01,3.848662376403808594e-01
6.240375962403759136e-01,1.230478286743164062e-02
5.535446455354464668e-01,1.574008917808532715e+01
9.423408508300781250e-01,1.766681671142578125e-03
5.735376018010762689e-01,4.047870635986328125e-03
6.112202625402469724e-01,3.979921340942382812e-03
1.193880611938806097e-01,3.448452949523925781e-01
1.265873412658734265e-01,1.208019256591796875e-02
7.119288071192880762e-02,1.619823503494262695e+01
4.119014739990234375e-01,2.624034881591796875e-03
1.351135869144413082e-01,4.256010055541992188e-03
1.557664186015852437e-01,4.035234451293945312e-03
4.732526747325267458e-01,3.574590682983398438e-01
4.654534546545345264e-01,1.263189315795898438e-02
5.675432456754324617e-01,1.550788760185241699e+01
2.517223358154296875e-01,1.714944839477539062e-03
4.376154830220656544e-01,4.055976867675781250e-03
5.088708905587239206e-01,4.001617431640625000e-03
1.779822017798220191e-02,3.928718566894531250e-01
1.479852014798520125e-02,1.210212707519531250e-02
4.089591040895910329e-02,1.579866981506347656e+01
2.517223358154296875e-01,1.681089401245117188e-03
1.078698274696940906e-01,4.044771194458007812e-03
1.489098967636836267e-02,3.998041152954101562e-03
2.653734626537346264e-01,3.476121425628662109e-01
2.638736126387360992e-01,1.208257675170898438e-02
3.505649435056494290e-01,1.507454180717468262e+01
1.315879821777343750e-01,1.699209213256835938e-03
4.888641072945146271e-01,4.086017608642578125e-03
1.648743881570330361e-01,4.009246826171875000e-03
7.365263473652634563e-01,3.477218151092529297e-01
7.390260973902609276e-01,1.205849647521972656e-02
6.240375962403759136e-01,1.563022255897521973e+01
4.119014739990234375e-01,2.609729766845703125e-03
7.172558330881511068e-01,4.240036010742187500e-03
7.634346845688526617e-01,4.042148590087890625e-03
5.639436056394360186e-01,3.482921123504638672e-01
5.831416858314169005e-01,1.256561279296875000e-02
7.930206979302070192e-01,1.519500088691711426e+01
2.517223358154296875e-01,1.723051071166992188e-03
5.460040302642849008e-01,4.067659378051757812e-03
5.931672484356762531e-01,4.022359848022460938e-03
9.229077092290770279e-02,3.877499103546142578e-01
1.110888911108889043e-01,1.211023330688476562e-02
1.026897310268973101e-01,1.520937085151672363e+01
1.288414001464843750e-03,1.684427261352539062e-03
1.084336328132270433e-01,4.055023193359375000e-03
1.232235772393429074e-01,3.985881805419921875e-03
3.742625737426257260e-01,3.477139472961425781e-01
3.874612538746125545e-01,1.208639144897460938e-02
5.064493550644935116e-01,1.590466117858886719e+01
5.765914916992187500e-02,1.747369766235351562e-03
4.196181726584732319e-01,1.204967498779296875e-02
3.318419085137358504e-01,3.990650177001953125e-03
8.729127087291270459e-02,5.218105316162109375e-01
9.099090090990900881e-02,1.222968101501464844e-02
3.519648035196480673e-02,1.531520700454711914e+01
2.517223358154296875e-01,2.646207809448242188e-03
3.364381341439423578e-01,4.269599914550781250e-03
1.081953768249701575e-01,4.037380218505859375e-03
6.079392060793921138e-01,3.486385345458984375e-01
6.259374062593741073e-01,1.259636878967285156e-02
6.770322967703229500e-01,1.561277770996093750e+01
4.119014739990234375e-01,1.662254333496093750e-03
6.082562264159937504e-01,4.053115844726562500e-03
6.067410874286733868e-01,3.998756408691406250e-03
1.696830316968303276e-01,3.479602336883544922e-01
1.781821817818218245e-01,1.209568977355957031e-02
2.480751924807519382e-01,1.624023509025573730e+01
1.315879821777343750e-01,1.709461212158203125e-03
2.066558756274544106e-01,4.055500030517578125e-03
1.572867602299259926e-01,3.976583480834960938e-03
9.119088091190881429e-02,3.485066890716552734e-01
9.059094090590941173e-02,1.210284233093261719e-02
7.609239076092390308e-02,1.506490683555603027e+01
4.119014739990234375e-01,1.736879348754882812e-03
2.207570348839869578e-01,4.067182540893554688e-03
7.909223835007789249e-02,4.000663757324218750e-03
1.326867313268673132e-01,3.483541011810302734e-01
1.321867813218678134e-01,1.210689544677734375e-02
1.061893810618938089e-01,1.539641284942626953e+01
1.315879821777343750e-01,2.642393112182617188e-03
2.793683741703084644e-01,4.257678985595703125e-03
1.343862227447236157e-01,4.053115844726562500e-03
9.653034696530347070e-01,3.768901824951171875e-01
9.654034596540346236e-01,1.287603378295898438e-02
9.805019498050194793e-01,1.878629183769226074e+01
7.482776641845703125e-01,1.932859420776367188e-03
9.353809274457285383e-01,4.132509231567382812e-03
9.729813900954067396e-01,3.976106643676757812e-03
1.547845215478452219e-01,3.475723266601562500e-01
1.525847415258474171e-01,1.214766502380371094e-02
1.951804819518048184e-01,1.638990283012390137e+01
5.765914916992187500e-02,1.636981964111328125e-03
2.289914849846323430e-01,4.031658172607421875e-03
1.534956431897576690e-01,4.009723663330078125e-03
4.489551044895510185e-02,3.890366554260253906e-01
5.189481051894810626e-02,1.207756996154785156e-02
5.069493050694930808e-02,1.570477628707885742e+01
5.908966064453125000e-03,1.645565032958984375e-03
2.391175444434210928e-01,4.039525985717773438e-03
3.480566476429623746e-02,3.994941711425781250e-03
1.818818118188181288e-01,3.812522888183593750e-01
1.847815218478152111e-01,1.326870918273925781e-02
2.078792120787921194e-01,1.579254269599914551e+01
2.069473266601562500e-02,2.596378326416015625e-03
2.663667328689041103e-01,4.250764846801757812e-03
1.848588635650473821e-01,4.033327102661132812e-03
5.896410358964103704e-01,3.478407859802246094e-01
6.085391460853915024e-01,1.261472702026367188e-02
6.049395060493950593e-01,1.583105921745300293e+01
5.765914916992187500e-02,2.550601959228515625e-03
5.204747832950042952e-01,4.243612289428710938e-03
5.672924766197001700e-01,3.989458084106445312e-03
8.657134286571342985e-01,3.475680351257324219e-01
8.720127987201279351e-01,1.260280609130859375e-02
8.931106889311068997e-01,1.510866522789001465e+01
1.315879821777343750e-01,1.743316650390625000e-03
8.508156530243902171e-01,4.086971282958984375e-03
8.426997763779797701e-01,1.200056076049804688e-02
1.677832216778322172e-01,3.882663249969482422e-01
1.784821517848215189e-01,1.214528083801269531e-02
2.256774322567743352e-01,1.567378687858581543e+01
5.765914916992187500e-02,1.610517501831054688e-03
1.922869860052537905e-01,4.040956497192382812e-03
1.259459382156762342e-01,4.013776779174804688e-03
4.666533346665333593e-01,5.428638458251953125e-01
4.633536646335366660e-01,2.803635597229003906e-02
4.120587941205879345e-01,1.511943173408508301e+01
5.880985260009765625e-01,2.497196197509765625e-03
4.603284047582685834e-01,4.236936569213867188e-03
4.514627567613122006e-01,3.996372222900390625e-03
6.233376662333766083e-01,3.490555286407470703e-01
6.314368563143685220e-01,1.251292228698730469e-02
6.290370962903709673e-01,1.554399728775024414e+01
5.880985260009765625e-01,1.714468002319335938e-03
5.934570370695914088e-01,4.062414169311523438e-03
6.161735862285665499e-01,4.000425338745117188e-03
5.438456154384561092e-01,3.493883609771728516e-01
5.331466853314668075e-01,1.214551925659179688e-02
4.884511548845115736e-01,1.550636363029479980e+01
2.517223358154296875e-01,1.682996749877929688e-03
5.572437046995616372e-01,4.082679748535156250e-03
4.737890601090589127e-01,4.009962081909179688e-03
2.772722727727227054e-01,3.504586219787597656e-01
2.908709129087091450e-01,1.209521293640136719e-02
3.239676032396760497e-01,1.489874505996704102e+01
2.517223358154296875e-01,1.698732376098632812e-03
3.509409724380075923e-01,4.074573516845703125e-03
2.200951890684376688e-01,3.963947296142578125e-03
8.822117788221177648e-01,3.512239456176757812e-01
8.799120087991201267e-01,1.207089424133300781e-02
8.867113288671132354e-01,1.518546390533447266e+01
9.793052673339843750e-01,2.627134323120117188e-03
7.513127809251147760e-01,4.254341125488281250e-03
8.835221824798356050e-01,4.037141799926757812e-03
9.513048695130487120e-01,3.482315540313720703e-01
9.459054094590541029e-01,1.261949539184570312e-02
9.521047895210479339e-01,1.523708558082580566e+01
8.684120178222656250e-01,1.644849777221679688e-03
9.585763875144286406e-01,4.006862640380859375e-03
9.405230933306066854e-01,3.981351852416992188e-03
2.814718528147185372e-01,3.469350337982177734e-01
2.901709829017098397e-01,1.209211349487304688e-02
3.286671332866713535e-01,1.456912183761596680e+01
5.765914916992187500e-02,1.617670059204101562e-03
2.872276040193029178e-01,4.024028778076171875e-03
3.272651869658116386e-01,3.982543945312500000e-03
6.169383061693830550e-01,3.473808765411376953e-01
6.169383061693830550e-01,1.202630996704101562e-02
5.958404159584042015e-01,1.527785086631774902e+01
4.119014739990234375e-01,1.729488372802734375e-03
5.918044761879480697e-01,4.084587097167968750e-03
6.568928869255495906e-01,4.050254821777343750e-03
7.837216278372163281e-01,3.491253852844238281e-01
7.735226477352264984e-01,1.220989227294921875e-02
7.259274072592740712e-01,1.515057039260864258e+01
8.684120178222656250e-01,2.619504928588867188e-03
5.741491287509283836e-01,4.263639450073242188e-03
7.587915528305613222e-01,4.025459289550781250e-03
4.469553044695530331e-02,4.429605007171630859e-01
4.529547045295470586e-02,1.262497901916503906e-02
6.259374062593740795e-02,1.578140544891357422e+01
2.069473266601562500e-02,1.721382141113281250e-03
1.095543954157212063e-01,4.056215286254882812e-03
2.356404559848338312e-02,4.006147384643554688e-03
8.698130186981302137e-01,3.475236892700195312e-01
8.695130486951304638e-01,1.210689544677734375e-02
8.053194680531946537e-01,1.547634530067443848e+01
1.315879821777343750e-01,1.711130142211914062e-03
8.606294862061514284e-01,4.067182540893554688e-03
8.981906094797285078e-01,3.988981246948242188e-03
7.292270772922707645e-01,3.494515419006347656e-01
7.046295370462953844e-01,1.211977005004882812e-02
8.234176582341765638e-01,1.488879156112670898e+01
2.517223358154296875e-01,1.699686050415039062e-03
7.113638284574799187e-01,4.058599472045898438e-03
7.368253224347300900e-01,3.992557525634765625e-03
4.253574642535746242e-01,4.143049716949462891e-01
4.267573242675732348e-01,1.211047172546386719e-02
3.539646035396460388e-01,1.464607691764831543e+01
1.315879821777343750e-01,2.564191818237304688e-03
4.052973180145572618e-01,4.245519638061523438e-03
3.516426054317504657e-01,4.009723663330078125e-03
3.875612438756124156e-01,4.287528991699218750e-01
3.887611238876112485e-01,1.256465911865234375e-02
4.030596940305969378e-01,1.448321843147277832e+01
2.517223358154296875e-01,1.702070236206054688e-03
4.172419603338570759e-01,4.041433334350585938e-03
3.321660858480700584e-01,3.977060317993164062e-03
6.539346065393460972e-01,3.481452465057373047e-01
6.361363863613638259e-01,1.208853721618652344e-02
5.258474152584741157e-01,1.510808300971984863e+01
8.684120178222656250e-01,1.629590988159179688e-03
6.137265083243934605e-01,4.044771194458007812e-03
6.828906019577424269e-01,1.199054718017578125e-02
9.974002599740026120e-01,3.838214874267578125e-01
9.956004399560044460e-01,1.208114624023437500e-02
9.962003799620038347e-01,1.591400408744812012e+01
8.684120178222656250e-01,2.260684967041015625e-03
8.975787851823673336e-01,5.403041839599609375e-03
9.980418568998647988e-01,5.401134490966796875e-03
7.565243475652434491e-01,4.773473739624023438e-01
7.618238176182381416e-01,1.294279098510742188e-02
8.118188181181882346e-01,1.592071342468261719e+01
5.880985260009765625e-01,2.634763717651367188e-03
7.039769550507053442e-01,4.299402236938476562e-03
8.039321042093847680e-01,1.599311828613281250e-02
6.289371062893710507e-01,4.349284172058105469e-01
6.329367063293670492e-01,1.332545280456542969e-02
6.111388861113888904e-01,1.578815340995788574e+01
1.315879821777343750e-01,1.902580261230468750e-03
6.795086733462967210e-01,4.127740859985351562e-03
5.755583787984446253e-01,4.006147384643554688e-03
7.176282371762823242e-01,3.490171432495117188e-01
7.101289871012899102e-01,1.217651367187500000e-02
7.679232076792320560e-01,1.494233417510986328e+01
8.684120178222656250e-01,2.635240554809570312e-03
6.706849188945493978e-01,4.261255264282226562e-03
7.196282934144184740e-01,4.001140594482421875e-03
6.797320267973202546e-01,3.485641479492187500e-01
6.612338766123387890e-01,1.259613037109375000e-02
6.618338166183381777e-01,1.574502706527709961e+01
5.880985260009765625e-01,9.721994400024414062e-03
5.860618245033579754e-01,4.106283187866210938e-03
6.509213493931943484e-01,1.604032516479492188e-02
8.646135386461354377e-01,4.983611106872558594e-01
8.592140785921408286e-01,1.212835311889648438e-02
7.484251574842515353e-01,1.516409277915954590e+01
2.517223358154296875e-01,2.753019332885742188e-03
8.130190256657918724e-01,4.318714141845703125e-03
8.690213161616637816e-01,4.035234451293945312e-03
4.209579042095790147e-02,3.864905834197998047e-01
4.509549045095490732e-02,1.272082328796386719e-02
6.169383061693830411e-02,1.527941036224365234e+01
2.517223358154296875e-01,1.766920089721679688e-03
1.725341998647080821e-01,4.077672958374023438e-03
3.857831462359893882e-02,3.994703292846679688e-03
6.129387061293870703e-02,3.494248390197753906e-01
7.149285071492850197e-02,1.222753524780273438e-02
5.859414058594140245e-02,1.531013464927673340e+01
2.069473266601562500e-02,1.729249954223632812e-03
1.187526238124958500e-01,4.065513610839843750e-03
5.532515581334136734e-02,4.013776779174804688e-03
3.989601039896010365e-02,3.458037376403808594e-01
4.309569043095690111e-02,1.213455200195312500e-02
5.269473052694730736e-02,1.485711026191711426e+01
4.119014739990234375e-01,1.721382141113281250e-03
2.332391932135809975e-01,4.058837890625000000e-03
5.430350955558150422e-02,3.987073898315429688e-03
7.140285971402859921e-01,3.464798927307128906e-01
7.147285271472852974e-01,1.211023330688476562e-02
8.143185681431857059e-01,1.491573977470397949e+01
2.517223358154296875e-01,2.522468566894531250e-03
6.140724995682887988e-01,4.223108291625976562e-03
7.446908722968108574e-01,4.010915756225585938e-03
7.409259074092590380e-02,3.888452053070068359e-01
6.279372062793719955e-02,1.258063316345214844e-02
2.779722027797220177e-02,1.595416069030761719e+01
4.119014739990234375e-01,2.669572830200195312e-03
1.999138511769701920e-01,4.264593124389648438e-03
5.057378997998191600e-02,4.055500030517578125e-03
9.278072192780721927e-01,4.094674587249755859e-01
9.257074292570742768e-01,1.292562484741210938e-02
8.911108889111089004e-01,1.483610105514526367e+01
9.423408508300781250e-01,2.660274505615234375e-03
8.894407514824004268e-01,4.258394241333007812e-03
9.441949053279370396e-01,4.036188125610351562e-03
8.643135686431356879e-01,3.465986251831054688e-01
8.505149485051495262e-01,1.260280609130859375e-02
9.103089691030896713e-01,1.556974387168884277e+01
9.423408508300781250e-01,1.730442047119140625e-03
5.604224466701198670e-01,4.084110260009765625e-03
9.141276329342022944e-01,3.988027572631835938e-03
1.704829517048295218e-01,3.490388393402099609e-01
1.782821717828217134e-01,1.214289665222167969e-02
1.759824017598240198e-01,1.499638795852661133e+01
2.517223358154296875e-01,2.632379531860351562e-03
2.025487871692286390e-01,4.256963729858398438e-03
1.640546669747445785e-01,4.020452499389648438e-03
9.431056894310568817e-01,3.489799499511718750e-01
9.546045395460454053e-01,1.261234283447265625e-02
9.566043395660434046e-01,1.506878376007080078e+01
4.119014739990234375e-01,1.730680465698242188e-03
9.390380155452507926e-01,4.071474075317382812e-03
9.230406167753383295e-01,3.968000411987304688e-03
5.520447955204479396e-01,3.474016189575195312e-01
5.466453354664533304e-01,1.215147972106933594e-02
5.599440055994400200e-01,1.500714898109436035e+01
1.315879821777343750e-01,1.629590988159179688e-03
5.799945064293546837e-01,4.025459289550781250e-03
5.270983395547025330e-01,3.975391387939453125e-03
4.673532646735326646e-01,3.462760448455810547e-01
4.627537246275372218e-01,1.207804679870605469e-02
4.688531146885311363e-01,1.554613447189331055e+01
7.482776641845703125e-01,1.678943634033203125e-03
4.801385464442685658e-01,4.049301147460937500e-03
4.455532582160333099e-01,3.986597061157226562e-03
8.966103389661034262e-01,3.456659317016601562e-01
8.939106089391061216e-01,1.209783554077148438e-02
9.524047595240475728e-01,1.542833852767944336e+01
8.684120178222656250e-01,2.657890319824218750e-03
7.548433391145565885e-01,4.266977310180664062e-03
8.799069467860287652e-01,4.010677337646484375e-03
1.382861713828617001e-01,3.474898338317871094e-01
1.423857614238576152e-01,1.262545585632324219e-02
1.831816818318168227e-01,1.546946835517883301e+01
2.517223358154296875e-01,1.701116561889648438e-03
4.708993500205649330e-01,4.083633422851562500e-03
1.479061289541229174e-01,3.981351852416992188e-03
1.445855414458554200e-01,3.482589721679687500e-01
1.467853214678532248e-01,1.211094856262207031e-02
2.191780821917808098e-01,1.511941742897033691e+01
4.119014739990234375e-01,1.642227172851562500e-03
1.776088219347617958e-01,4.056692123413085938e-03
1.079446684832472414e-01,4.006624221801757812e-03
3.314668533146685192e-01,3.549113273620605469e-01
3.338666133386661294e-01,1.236534118652343750e-02
2.532746725327467141e-01,1.516829824447631836e+01
5.880985260009765625e-01,1.739263534545898438e-03
4.224337160021081061e-01,4.036188125610351562e-03
3.642215285749287879e-01,3.991842269897460938e-03
3.299670032996700197e-02,3.473320007324218750e-01
3.419658034196580015e-02,1.206970214843750000e-02
3.369663033696630033e-02,1.564387679100036621e+01
1.315879821777343750e-01,2.656698226928710938e-03
4.889721568385613226e-02,4.242420196533203125e-03
1.417802972236397764e-02,4.029989242553710938e-03
3.699630036996300313e-03,3.485159873962402344e-01
5.999400059994000438e-03,1.286172866821289062e-02
1.179882011798820060e-02,1.544797086715698242e+01
2.517223358154296875e-01,1.741409301757812500e-03
3.643834164973006745e-02,4.058599472045898438e-03
1.239884861897799610e-02,4.002094268798828125e-03
5.079492050794920388e-01,3.550283908843994141e-01
5.036496350364964014e-01,1.215147972106933594e-02
4.825517448255174369e-01,1.606269383430480957e+01
7.482776641845703125e-01,1.710414886474609375e-03
4.996238302261445385e-01,4.065275192260742188e-03
4.567931773387209349e-01,3.992795944213867188e-03
1.939806019398060064e-02,3.486995697021484375e-01
2.309769023097690138e-02,1.209950447082519531e-02
1.999800019998000319e-02,1.578483414649963379e+01
2.069473266601562500e-02,1.644849777221679688e-03
1.360199044188605266e-01,4.020214080810546875e-03
5.995922816733383932e-03,3.996610641479492188e-03
7.191280871912808514e-01,3.517699241638183594e-01
7.235276472352765165e-01,1.323580741882324219e-02
6.713328667133287020e-01,1.594263482093811035e+01
7.482776641845703125e-01,1.799821853637695312e-03
7.019659950377516999e-01,4.096984863281250000e-03
7.228097644814376332e-01,3.965139389038085938e-03
4.714528547145285242e-01,3.485805988311767578e-01
4.839516048395160475e-01,1.221466064453125000e-02
5.841415858414158446e-01,1.568774127960205078e+01
2.517223358154296875e-01,1.734972000122070312e-03
4.770848724930021323e-01,4.090070724487304688e-03
4.441615027381065062e-01,4.015922546386718750e-03
2.965703429657034484e-01,3.485124111175537109e-01
2.984701529847015311e-01,1.213002204895019531e-02
2.452754724527547170e-01,1.497524261474609375e+01
4.119014739990234375e-01,1.692056655883789062e-03
3.225672511991888869e-01,4.041910171508789062e-03
3.001074933875407247e-01,4.010915756225585938e-03
4.760523947605239670e-01,3.466284275054931641e-01
4.912508749125087393e-01,1.210451126098632812e-02
5.517448255174483007e-01,1.514900398254394531e+01
4.119014739990234375e-01,2.444267272949218750e-03
5.073846820450104156e-01,4.211425781250000000e-03
3.796831757490817250e-01,4.001617431640625000e-03
5.358464153584641121e-01,3.461773395538330078e-01
5.454454554544545530e-01,1.254415512084960938e-02
6.155384461553844444e-01,1.566948390007019043e+01
2.517223358154296875e-01,1.701116561889648438e-03
5.133283165045948726e-01,4.032373428344726562e-03
5.262283622263597138e-01,3.978729248046875000e-03
8.874112588741125407e-01,3.487432003021240234e-01
8.799120087991201267e-01,1.212692260742187500e-02
9.194080591940806402e-01,1.568417310714721680e+01
5.880985260009765625e-01,1.744747161865234375e-03
7.266478360678364501e-01,4.084587097167968750e-03
9.083344501137342597e-01,3.986835479736328125e-03
7.659234076592340568e-01,3.485069274902343750e-01
7.685231476852314447e-01,1.210784912109375000e-02
6.677332266773322589e-01,1.566181874275207520e+01
2.517223358154296875e-01,1.659154891967773438e-03
7.895132732938252573e-01,4.040002822875976562e-03
7.437937076362575173e-01,3.995418548583984375e-03
9.754024597540246200e-01,3.584880828857421875e-01
9.737026297370262595e-01,1.204538345336914062e-02
9.631036896310368745e-01,1.557642173767089844e+01
5.880985260009765625e-01,2.641916275024414062e-03
9.823910281727246119e-01,4.240512847900390625e-03
9.753980088762758127e-01,4.074811935424804688e-03
6.877312268773122517e-01,3.507316112518310547e-01
6.835316468353164199e-01,1.259493827819824219e-02
5.247475252474752550e-01,1.536384558677673340e+01
7.482776641845703125e-01,1.733303070068359375e-03
6.356131549105283884e-01,4.076719284057617188e-03
6.665369264840619312e-01,3.995895385742187500e-03
9.476052394760523523e-01,3.493053913116455078e-01
9.400059994000600216e-01,1.211500167846679688e-02
9.155084491550844472e-01,1.554401946067810059e+01
9.793052673339843750e-01,1.722812652587890625e-03
9.367411688607650833e-01,4.111289978027343750e-03
9.655586793230743758e-01,4.087448120117187500e-03
9.119088091190881429e-02,3.569169044494628906e-01
1.063893610638936144e-01,1.214337348937988281e-02
7.769223077692230528e-02,1.583417963981628418e+01
5.765914916992187500e-02,1.682043075561523438e-03
1.325011873411376939e-01,4.049062728881835938e-03
1.099803577063032667e-01,3.972768783569335938e-03
3.232676732326767444e-01,3.478636741638183594e-01
3.297670232976702143e-01,1.207256317138671875e-02
2.723727627237276239e-01,1.539478564262390137e+01
2.517223358154296875e-01,2.570390701293945312e-03
3.030262736062030449e-01,4.228353500366210938e-03
3.335866810232148705e-01,4.032611846923828125e-03
8.908109189081091506e-01,3.793296813964843750e-01
8.928107189281071498e-01,1.258993148803710938e-02
7.181281871812819073e-01,1.551678299903869629e+01
8.684120178222656250e-01,1.677036285400390625e-03
8.724133566638601067e-01,4.070520401000976562e-03
9.277356160126380979e-01,3.991842269897460938e-03
2.032796720327967321e-01,3.824727535247802734e-01
2.191780821917808098e-01,1.209044456481933594e-02
1.924807519248075138e-01,1.562494397163391113e+01
1.315879821777343750e-01,1.721620559692382812e-03
2.513492806421121495e-01,4.077196121215820312e-03
2.321457018336763878e-01,3.989696502685546875e-03
6.912308769123087782e-01,3.482847213745117188e-01
6.846315368463153916e-01,1.212525367736816406e-02
6.700329967003300080e-01,1.608801937103271484e+01
4.119014739990234375e-01,1.738071441650390625e-03
7.068129823365891795e-01,4.074811935424804688e-03
6.835908386289910599e-01,3.985643386840820312e-03
2.109789021097890210e-02,3.786263465881347656e-01
1.889811018898110082e-02,1.210880279541015625e-02
1.529847015298470107e-02,1.557817959785461426e+01
2.069473266601562500e-02,2.656221389770507812e-03
5.818768051916956702e-02,4.297971725463867188e-03
1.663164778402562854e-02,4.038810729980468750e-03
9.903009699030097535e-01,3.697521686553955078e-01
9.895010498950105315e-01,2.456712722778320312e-02
9.783021697830216468e-01,1.557494497299194336e+01
5.880985260009765625e-01,1.699924468994140625e-03
8.449049348157093853e-01,4.072189331054687500e-03
9.933913106792325864e-01,3.992795944213867188e-03
1.338866113388661183e-01,3.587355613708496094e-01
1.387861213878612276e-01,1.214742660522460938e-02
1.757824217578242143e-01,1.559054756164550781e+01
2.517223358154296875e-01,1.702547073364257812e-03
1.553071098006444939e-01,4.063606262207031250e-03
1.123939774637782718e-01,3.994464874267578125e-03
8.706129387061294356e-01,3.599679470062255859e-01
8.563143685631436908e-01,1.210308074951171875e-02
7.566243375662433657e-01,1.514723157882690430e+01
8.684120178222656250e-01,1.610040664672851562e-03
8.605220618137112698e-01,4.022598266601562500e-03
8.334575584523707947e-01,3.987312316894531250e-03
8.623137686231376886e-01,3.665137290954589844e-01
8.539146085391461360e-01,1.203131675720214844e-02
8.217178282171783144e-01,1.556316304206848145e+01
7.482776641845703125e-01,2.562522888183593750e-03
8.142576989947802879e-01,4.226446151733398438e-03
8.485294575772153181e-01,3.997087478637695312e-03
7.995200479952004891e-01,3.847391605377197266e-01
7.871212878712128269e-01,1.281237602233886719e-02
7.631236876312368356e-01,1.533750057220458984e+01
5.880985260009765625e-01,1.744985580444335938e-03
6.596863966476959051e-01,1.211047172546386719e-02
8.192611614148783694e-01,4.024028778076171875e-03
4.073592640735926307e-01,5.176587104797363281e-01
4.084591540845915469e-01,1.213145256042480469e-02
5.138486151384861200e-01,1.492771458625793457e+01
7.482776641845703125e-01,1.726150512695312500e-03
4.476431820268150785e-01,4.058599472045898438e-03
3.992261342405462599e-01,4.029273986816406250e-03
7.310268973102689305e-01,3.497827053070068359e-01
7.158284171582841582e-01,1.213669776916503906e-02
7.714228577142285825e-01,1.633528685569763184e+01
7.482776641845703125e-01,2.249956130981445312e-03
6.205760962869052433e-01,5.446195602416992188e-03
7.314675606367340155e-01,6.539344787597656250e-03
5.561443855614438547e-01,3.729226589202880859e-01
5.402459754024597771e-01,1.209473609924316406e-02
5.840415958404159280e-01,1.515641236305236816e+01
5.880985260009765625e-01,2.553462982177734375e-03
5.241307963084158583e-01,4.242897033691406250e-03
4.932586542490453030e-01,4.039049148559570312e-03
3.274672532746725206e-01,3.485796451568603516e-01
3.257674232576742157e-01,1.258087158203125000e-02
2.469753024697530219e-01,1.506444787979125977e+01
7.482776641845703125e-01,2.661466598510742188e-03
3.336352127833247527e-01,4.248142242431640625e-03
3.069213079076184014e-01,4.010200500488281250e-03
6.471352864713528774e-01,3.487455844879150391e-01
6.592340765923407897e-01,1.260614395141601562e-02
8.102189781021897907e-01,1.574392628669738770e+01
1.315879821777343750e-01,2.634763717651367188e-03
6.312392648414608676e-01,4.242181777954101562e-03
6.939554247937199660e-01,4.037141799926757812e-03
4.146585341465853225e-01,3.601098060607910156e-01
4.132586741325867674e-01,1.262545585632324219e-02
5.564443555644436046e-01,1.600980949401855469e+01
5.880985260009765625e-01,1.743555068969726562e-03
3.568508659276948825e-01,4.115581512451171875e-03
3.760229875108089814e-01,3.988981246948242188e-03
1.403859614038596160e-01,3.469517230987548828e-01
1.437856214378562258e-01,1.209974288940429688e-02
2.089791020897910079e-01,1.570104575157165527e+01
5.880985260009765625e-01,2.601385116577148438e-03
2.390990256946814996e-01,4.255056381225585938e-03
1.700796084684022547e-01,4.027128219604492188e-03
2.105789421057894240e-01,3.490030765533447266e-01
2.209779022097790313e-01,1.256179809570312500e-02
3.562643735626437325e-01,1.573802518844604492e+01
2.517223358154296875e-01,1.754522323608398438e-03
2.463250730746511241e-01,4.076957702636718750e-03
2.127930575663767865e-01,3.995895385742187500e-03
6.789321067893210049e-02,3.475973606109619141e-01
7.079292070792921054e-02,1.215124130249023438e-02
5.959404059594040903e-02,1.596507406234741211e+01
2.069473266601562500e-02,1.693725585937500000e-03
1.088436606466033907e-01,4.045009613037109375e-03
7.407901216376212850e-02,4.009246826171875000e-03
9.848015198480152277e-01,3.749365806579589844e-01
9.829017098290171450e-01,1.229047775268554688e-02
9.847015298470153111e-01,1.580853319168090820e+01
9.793052673339843750e-01,1.660108566284179688e-03
9.764614698953804073e-01,4.054784774780273438e-03
9.906531138651613055e-01,3.979921340942382812e-03
3.235676432356764387e-01,3.478987216949462891e-01
5.427457254274572485e-01,1.205730438232421875e-02
4.752524747525247450e-01,1.545271706581115723e+01
9.423408508300781250e-01,2.607583999633789062e-03
4.989655614145129814e-01,4.183053970336914062e-03
3.920999278016382150e-01,4.018306732177734375e-03
5.452454754524547198e-01,3.466212749481201172e-01
5.597440255974402978e-01,1.260924339294433594e-02
4.838516148385161308e-01,1.545964002609252930e+01
4.119014739990234375e-01,1.742362976074218750e-03
5.024076274462621061e-01,4.083156585693359375e-03
5.357346956405529825e-01,4.003524780273437500e-03
7.687231276872312780e-01,3.475744724273681641e-01
7.725227477252274433e-01,1.210594177246093750e-02
5.720427957204279323e-01,1.563397669792175293e+01
8.684120178222656250e-01,1.764059066772460938e-03
7.403557395411967113e-01,4.065752029418945312e-03
7.812092178955925004e-01,3.993511199951171875e-03
1.259874012598740170e-02,3.484084606170654297e-01
1.239876012398760143e-02,1.206421852111816406e-02
2.969703029697030178e-02,1.573535299301147461e+01
4.119014739990234375e-01,2.627849578857421875e-03
6.200081499863854123e-02,4.256486892700195312e-03
5.279615617949931332e-03,4.046201705932617188e-03
8.203179682031797038e-01,3.473203182220458984e-01
8.269173082691730903e-01,1.328492164611816406e-02
7.936206379362064078e-01,1.527017164230346680e+01
4.119014739990234375e-01,1.736402511596679688e-03
8.636633063595066107e-01,4.095792770385742188e-03
8.904699228927147603e-01,4.009962081909179688e-03
6.947305269473053047e-01,3.787927627563476562e-01
6.882311768823117237e-01,1.217913627624511719e-02
7.364263573642635397e-01,1.501323103904724121e+01
9.423408508300781250e-01,1.659870147705078125e-03
6.578434084743125521e-01,4.041671752929687500e-03
6.439261536514779838e-01,4.005432128906250000e-03
9.757024297570242588e-01,3.483166694641113281e-01
9.779022097790220913e-01,1.211810111999511719e-02
9.395060493950604386e-01,1.566755104064941406e+01
8.684120178222656250e-01,1.693248748779296875e-03
6.983975476483591516e-01,4.045009613037109375e-03
9.657648836339476350e-01,4.083633422851562500e-03
3.606639336066393420e-01,3.507692813873291016e-01
3.561643835616438158e-01,1.208233833312988281e-02
6.380361963803619085e-01,1.630632638931274414e+01
8.684120178222656250e-01,2.614736557006835938e-03
3.772972605637686105e-01,4.269838333129882812e-03
4.016153688673801958e-01,4.028558731079101562e-03
1.248875112488751077e-01,3.664119243621826172e-01
1.338866113388661183e-01,1.259922981262207031e-02
2.598740125987401006e-01,1.597816848754882812e+01
5.880985260009765625e-01,1.705884933471679688e-03
1.548356994113326279e-01,4.040956497192382812e-03
1.361344010960350293e-01,4.001855850219726562e-03
6.559344065593440687e-02,3.479187488555908203e-01
6.519348065193480979e-02,1.211166381835937500e-02
4.949505049495050296e-02,1.531759452819824219e+01
2.069473266601562500e-02,1.733303070068359375e-03
1.813823565628402967e-01,4.096984863281250000e-03
4.966037284201783863e-02,3.994941711425781250e-03
6.046395360463953095e-01,3.486015796661376953e-01
6.134386561343865285e-01,1.213002204895019531e-02
5.160483951604839525e-01,1.551772093772888184e+01
7.482776641845703125e-01,1.666784286499023438e-03
5.959798733483144817e-01,4.054546356201171875e-03
5.897413765645255213e-01,3.964900970458984375e-03
8.942105789421057604e-01,4.977521896362304688e-01
8.904109589041095951e-01,1.211833953857421875e-02
8.494150584941505544e-01,1.605290937423706055e+01
7.482776641845703125e-01,2.624034881591796875e-03
9.172466844534027386e-01,4.245519638061523438e-03
9.199555701540595987e-01,3.999710083007812500e-03
8.412158784121588351e-01,3.484501838684082031e-01
8.446155384461553339e-01,1.258277893066406250e-02
7.931206879312068248e-01,1.706913614273071289e+01
5.880985260009765625e-01,1.731395721435546875e-03
8.426716681844373946e-01,4.077196121215820312e-03
8.513748785423889132e-01,3.986120223999023438e-03
2.161783821617838108e-01,3.467791080474853516e-01
2.116788321167883125e-01,1.211261749267578125e-02
2.786721327867213160e-01,1.591609859466552734e+01
7.482776641845703125e-01,1.646280288696289062e-03
2.381825554077842688e-01,4.044771194458007812e-03
1.607157333425517920e-01,3.974914550781250000e-03
8.181181881811818712e-01,3.463506698608398438e-01
8.198180181981802317e-01,1.208353042602539062e-02
8.532146785321468307e-01,1.555396699905395508e+01
1.315879821777343750e-01,1.747369766235351562e-03
7.557859279751315551e-01,4.054069519042968750e-03
8.361602772255587457e-01,4.006862640380859375e-03
2.059794020597940228e-02,3.571567535400390625e-01
2.379762023797620321e-02,1.211762428283691406e-02
1.039896010398960041e-02,1.624311542510986328e+01
2.069473266601562500e-02,2.593994140625000000e-03
3.090890314290457158e-02,4.258394241333007812e-03
4.131480768789503460e-02,4.199504852294921875e-03
1.044895510448955039e-01,3.484439849853515625e-01
1.241875812418758163e-01,1.262164115905761719e-02
1.049895010498950038e-01,1.522148823738098145e+01
5.765914916992187500e-02,1.671791076660156250e-03
1.355835560553926289e-01,4.034996032714843750e-03
1.211750407840371802e-01,4.000425338745117188e-03
9.118088191180881985e-01,3.492889404296875000e-01
9.010098990100989802e-01,1.208853721618652344e-02
8.820117988201180426e-01,1.590061044692993164e+01
5.880985260009765625e-01,9.633064270019531250e-03
8.114592537924654181e-01,4.019737243652343750e-03
9.347328973091609816e-01,3.973722457885742188e-03
9.259074092590741101e-02,3.632638454437255859e-01
9.209079092090791119e-02,1.226258277893066406e-02
6.089391060893910301e-02,1.609005665779113770e+01
2.517223358154296875e-01,1.670122146606445312e-03
1.367973927755189445e-01,4.047870635986328125e-03
1.110221764440570413e-01,3.959894180297851562e-03
1.141885811418858060e-01,3.471877574920654297e-01
1.167883211678832078e-01,1.206898689270019531e-02
1.119888011198880151e-01,1.513758873939514160e+01
4.119014739990234375e-01,2.629280090332031250e-03
2.084626887597324507e-01,4.286766052246093750e-03
7.353609476194702954e-02,4.032135009765625000e-03
7.868213178682131881e-01,3.491847515106201172e-01
8.007199280071992664e-01,1.262307167053222656e-02
6.020397960203979215e-01,1.578598928451538086e+01
1.315879821777343750e-01,9.751796722412109375e-03
7.064927323008025617e-01,4.054784774780273438e-03
7.643962883027477506e-01,1.215791702270507812e-02
8.889111088891110679e-02,3.715493679046630859e-01
9.409059094090591047e-02,2.017879486083984375e-02
7.779222077792220802e-02,1.652755928039550781e+01
2.517223358154296875e-01,1.753568649291992188e-03
1.891683813481186971e-01,4.040718078613281250e-03
8.373455235182269973e-02,3.978252410888671875e-03
7.669233076692330564e-02,3.461761474609375000e-01
7.409259074092590380e-02,1.210165023803710938e-02
1.005899410058994081e-01,1.554073143005371094e+01
1.315879821777343750e-01,1.691579818725585938e-03
8.516278431818880001e-02,4.051208496093750000e-03
9.382457161510243671e-02,3.978967666625976562e-03
9.307069293070693305e-01,3.477609157562255859e-01
9.331066893310668853e-01,1.208734512329101562e-02
8.879112088791121238e-01,1.539095091819763184e+01
5.880985260009765625e-01,2.616643905639648438e-03
8.297541399070295087e-01,4.234075546264648438e-03
8.869040507561347653e-01,4.014492034912109375e-03
3.668633136686331175e-01,3.466467857360839844e-01
3.563643635636436491e-01,1.255202293395996094e-02
3.814618538146185567e-01,1.533718395233154297e+01
5.880985260009765625e-01,1.653909683227539062e-03
3.102435129387156598e-01,4.046201705932617188e-03
3.430585369064644841e-01,4.011392593383789062e-03
4.288571142885711507e-01,3.493905067443847656e-01
4.241575842415758468e-01,1.208090782165527344e-02
3.342665733426657404e-01,1.559210252761840820e+01
2.517223358154296875e-01,1.613378524780273438e-03
4.854806014059655506e-01,4.035472869873046875e-03
3.840666282600415649e-01,3.966093063354492188e-03
7.822217778222178008e-01,3.491520881652832031e-01
7.669233076692331119e-01,1.206374168395996094e-02
8.633136686331366327e-01,1.497766804695129395e+01
9.423408508300781250e-01,1.657247543334960938e-03
7.434048164428409544e-01,4.036903381347656250e-03
7.383641873242993148e-01,3.988981246948242188e-03
2.035796420357964265e-01,3.635149002075195312e-01
2.252774722527747242e-01,1.203536987304687500e-02
2.496750324967503265e-01,1.602004337310791016e+01
5.880985260009765625e-01,2.651691436767578125e-03
4.964285743950903607e-01,4.218101501464843750e-03
1.678750010332649700e-01,4.039049148559570312e-03
2.728727127287271514e-01,3.476917743682861328e-01
2.755724427557244005e-01,1.265048980712890625e-02
3.856614338566143330e-01,1.556945013999938965e+01
4.119014739990234375e-01,1.685380935668945312e-03
3.506166913308662592e-01,4.072189331054687500e-03
2.622674911243331186e-01,3.994703292846679688e-03
3.695630436956304221e-01,3.474297523498535156e-01
3.739626037396260316e-01,1.213312149047851562e-02
4.639536046395360547e-01,1.608525228500366211e+01
5.765914916992187500e-02,1.669406890869140625e-03
3.705888259269054519e-01,4.044532775878906250e-03
4.006115494598724847e-01,3.994226455688476562e-03
4.887511248875112679e-01,3.485844135284423828e-01
4.891510848915108234e-01,1.211500167846679688e-02
4.693530646935306638e-01,1.601682400703430176e+01
5.880985260009765625e-01,1.721143722534179688e-03
4.965842196535750763e-01,4.048347473144531250e-03
5.287786604580465566e-01,3.976345062255859375e-03
1.739826017398260205e-01,3.489296436309814453e-01
1.807819218078192125e-01,1.213455200195312500e-02
1.007899210078992136e-01,1.537629675865173340e+01
5.880985260009765625e-01,2.514600753784179688e-03
2.461850710618624927e-01,4.198551177978515625e-03
9.028218337505583557e-02,3.997325897216796875e-03
1.545845415458454164e-01,3.463516235351562500e-01
1.588841115888411093e-01,1.251840591430664062e-02
1.289871012898710090e-01,1.556443929672241211e+01
2.517223358154296875e-01,1.638174057006835938e-03
2.615261470915291042e-01,4.021406173706054688e-03
2.281018802346375662e-01,3.946542739868164062e-03
1.807819218078192125e-01,3.461465835571289062e-01
1.894810518948105149e-01,1.208138465881347656e-02
2.635736426357364048e-01,1.547497558593750000e+01
2.517223358154296875e-01,2.155780792236328125e-03
3.631000131273586229e-01,4.073381423950195312e-03
1.512952706808973202e-01,4.002809524536132812e-03
3.195680431956804401e-01,3.488903045654296875e-01
3.383661633836616556e-01,1.212215423583984375e-02
2.750724927507249284e-01,1.531915402412414551e+01
2.517223358154296875e-01,1.748800277709960938e-03
3.567102580188183936e-01,4.068136215209960938e-03
3.226651413255876566e-01,4.002809524536132812e-03
2.493750624937506322e-01,3.476440906524658203e-01
2.492750724927507155e-01,1.210188865661621094e-02
2.570742925707429349e-01,1.552053642272949219e+01
5.765914916992187500e-02,2.576589584350585938e-03
3.170240561956835235e-01,4.250764846801757812e-03
2.462319919506175125e-01,4.009723663330078125e-03
6.640335966403360102e-01,3.816998004913330078e-01
6.592340765923407897e-01,1.279115676879882812e-02
6.976302369763023314e-01,1.556445097923278809e+01
2.517223358154296875e-01,1.692533493041992188e-03
5.914013494429075646e-01,4.027843475341796875e-03
7.376802638717919747e-01,3.987312316894531250e-03
7.243275672432756274e-01,3.479650020599365234e-01
7.229277072292771278e-01,1.209831237792968750e-02
6.493350664933507099e-01,1.540324711799621582e+01
4.119014739990234375e-01,1.658201217651367188e-03
6.247154024477110656e-01,4.028081893920898438e-03
6.888238715066064000e-01,3.982067108154296875e-03
1.203879612038796093e-01,3.469228744506835938e-01
1.230876912308769139e-01,1.209545135498046875e-02
1.430856914308569205e-01,1.550933384895324707e+01
1.315879821777343750e-01,1.693010330200195312e-03
3.795550018588404462e-01,4.042387008666992188e-03
8.920291210850844754e-02,3.962278366088867188e-03
5.907409259074092311e-01,3.478083610534667969e-01
5.847415258474152333e-01,1.208615303039550781e-02
5.785421457854215133e-01,1.553166341781616211e+01
1.315879821777343750e-01,2.663850784301757812e-03
5.755856920457971260e-01,4.334449768066406250e-03
5.024752014227360508e-01,4.173517227172851562e-03
8.211178882111789257e-01,3.673176765441894531e-01
8.154184581541845667e-01,1.300716400146484375e-02
8.763123687631236836e-01,1.638506340980529785e+01
7.482776641845703125e-01,1.733541488647460938e-03
7.874587896229505724e-01,4.060506820678710938e-03
8.480382090882069290e-01,3.993988037109375000e-03
4.439556044395560203e-02,3.481488227844238281e-01
4.499550044995500458e-02,1.212430000305175781e-02
7.219278072192780726e-02,1.570701789855957031e+01
2.069473266601562500e-02,1.727342605590820312e-03
7.781245009742362995e-02,4.049062728881835938e-03
7.008413217112376137e-02,3.982067108154296875e-03
9.045095490450955067e-01,3.467235565185546875e-01
9.017098290170982855e-01,1.213121414184570312e-02
7.468253174682532025e-01,1.559312772750854492e+01
9.423408508300781250e-01,2.624034881591796875e-03
6.981837700847920436e-01,4.214525222778320312e-03
9.119249435449051644e-01,4.037380218505859375e-03
2.958704129587041431e-01,3.475909233093261719e-01
3.038696130386961403e-01,1.260018348693847656e-02
3.158684131586841359e-01,1.509611654281616211e+01
1.315879821777343750e-01,1.667499542236328125e-03
4.259645631778880559e-01,4.086971282958984375e-03
3.604544805776148109e-01,3.988265991210937500e-03
9.274072592740726373e-01,3.467612266540527344e-01
9.261073892610739433e-01,1.210975646972656250e-02
9.097090290970902826e-01,1.540759110450744629e+01
4.119014739990234375e-01,1.648902893066406250e-03
8.412207816249083203e-01,4.011869430541992188e-03
9.246002042938925580e-01,3.995656967163085938e-03
8.020197980201979604e-01,3.480978012084960938e-01
8.152184781521847334e-01,1.207566261291503906e-02
8.120187981201879568e-01,1.565263557434082031e+01
2.517223358154296875e-01,1.728296279907226562e-03
7.865054283526615730e-01,4.067182540893554688e-03
8.035222769195875525e-01,3.988504409790039062e-03
7.013298670132986912e-01,3.469350337982177734e-01
6.970302969703029428e-01,1.208996772766113281e-02
7.834216578342165782e-01,1.543498969078063965e+01
8.684120178222656250e-01,2.587556838989257812e-03
6.726319818356835123e-01,4.360675811767578125e-03
7.025835594547189533e-01,4.019737243652343750e-03
1.240875912408759135e-01,5.479254722595214844e-01
1.323867613238676189e-01,1.258754730224609375e-02
1.221877812218778170e-01,1.582663869857788086e+01
2.517223358154296875e-01,1.695871353149414062e-03
3.419305111214613335e-01,1.207351684570312500e-02
1.380496968210590536e-01,4.029512405395507812e-03
4.568543145685431406e-01,3.803143501281738281e-01
4.661533846615338317e-01,1.209759712219238281e-02
5.718428157184282101e-01,1.540745544433593750e+01
2.517223358154296875e-01,1.620292663574218750e-03
4.873983222693528683e-01,4.003763198852539062e-03
4.718190277509899389e-01,3.954648971557617188e-03
1.462853714628537249e-01,3.466353416442871094e-01
1.414858514148585045e-01,1.203489303588867188e-02
2.668733126687331536e-01,1.518151664733886719e+01
5.765914916992187500e-02,1.701354980468750000e-03
2.280112277259693232e-01,4.056930541992187500e-03
1.759895225568898214e-01,4.011392593383789062e-03
1.528847115288471115e-01,3.487031459808349609e-01
1.535846415358464168e-01,1.206254959106445312e-02
2.171782821717828105e-01,1.564314866065979004e+01
4.119014739990234375e-01,2.572774887084960938e-03
2.503050638288670804e-01,4.232645034790039062e-03
1.717266808026162161e-01,4.192352294921875000e-03
4.725527447255274405e-01,3.496801853179931641e-01
5.023497650234975964e-01,1.257109642028808594e-02
4.925507449255074333e-01,1.502952623367309570e+01
7.482776641845703125e-01,1.603603363037109375e-03
4.916164790777109994e-01,4.033327102661132812e-03
5.924835834931498901e-01,3.976583480834960938e-03
9.218078192180781949e-01,3.480389118194580078e-01
9.091090890910908939e-01,1.209115982055664062e-02
8.421157884211578626e-01,1.540161871910095215e+01
9.423408508300781250e-01,1.687765121459960938e-03
7.659661682548626338e-01,4.026651382446289062e-03
9.420695932432112674e-01,3.999233245849609375e-03
3.312668733126687415e-01,3.459565639495849609e-01
3.476652334766523467e-01,1.210999488830566406e-02
3.894610538946105538e-01,1.534119892120361328e+01
1.315879821777343750e-01,1.650810241699218750e-03
4.335337029743127069e-01,4.038095474243164062e-03
3.485369230843075594e-01,3.974914550781250000e-03
8.543145685431456915e-01,3.464543819427490234e-01
8.501149885011498597e-01,1.205492019653320312e-02
8.808119188081191542e-01,1.531880855560302734e+01
4.119014739990234375e-01,2.509117126464843750e-03
6.450958382765938914e-01,4.209280014038085938e-03
8.705249894604898397e-01,4.017114639282226562e-03
7.169283071692830189e-01,3.470513820648193359e-01
7.185281471852814628e-01,1.253604888916015625e-02
7.822217778222178008e-01,1.549068665504455566e+01
7.482776641845703125e-01,1.624584197998046875e-03
6.577334860569580277e-01,4.037618637084960938e-03
7.042711683596990513e-01,3.996849060058593750e-03
3.463653634636536527e-01,3.464515209197998047e-01
3.427657234276572096e-01,1.206421852111816406e-02
3.755624437556244199e-01,1.549598169326782227e+01
4.119014739990234375e-01,1.607179641723632812e-03
4.298511173897125448e-01,4.010200500488281250e-03
3.566467857384012508e-01,3.989458084106445312e-03
6.748325167483251175e-01,3.475527763366699219e-01
6.699330066993300914e-01,1.203107833862304688e-02
6.850314968503149471e-01,1.553440713882446289e+01
5.880985260009765625e-01,1.742601394653320312e-03
6.165351565985733862e-01,4.056215286254882812e-03
7.275259863158528573e-01,3.974914550781250000e-03
6.529347065293471253e-02,3.471913337707519531e-01
6.959304069593040543e-02,1.214361190795898438e-02
7.819218078192180510e-02,1.525015926361083984e+01
2.069473266601562500e-02,2.643108367919921875e-03
2.077296735868098265e-01,4.265546798706054688e-03
6.204032816898231301e-02,4.024505615234375000e-03
4.251574842515748465e-01,3.493986129760742188e-01
4.417558244175582294e-01,1.257658004760742188e-02
4.949505049495050435e-01,1.557557654380798340e+01
1.315879821777343750e-01,1.728773117065429688e-03
4.349728546112707761e-01,4.097700119018554688e-03
4.326448746313606430e-01,4.007339477539062500e-03
8.772122787721228221e-01,3.513426780700683594e-01
8.770122987701229889e-01,1.214361190795898438e-02
8.820117988201180426e-01,1.622615146636962891e+01
5.880985260009765625e-01,1.656055450439453125e-03
8.653705766154020651e-01,4.041433334350585938e-03
8.893751944321430791e-01,4.006147384643554688e-03
2.586741325867413233e-01,3.469946384429931641e-01
2.698730126987301525e-01,1.209592819213867188e-02
1.484851514848515019e-01,1.617392826080322266e+01
1.315879821777343750e-01,1.722812652587890625e-03
3.642731814970896487e-01,4.066705703735351562e-03
2.543843348799735837e-01,3.993511199951171875e-03
9.508049195080492400e-01,3.461351394653320312e-01
9.467053294670533248e-01,1.208877563476562500e-02
9.564043595640435713e-01,1.505590033531188965e+01
9.940910339355468750e-01,2.546787261962890625e-03
7.240258254371128022e-01,4.225492477416992188e-03
9.536014412778014426e-01,4.031658172607421875e-03
9.161083891610839469e-01,3.475224971771240234e-01
9.104089591040895879e-01,1.258015632629394531e-02
8.815118488151184595e-01,1.543744134902954102e+01
4.119014739990234375e-01,1.711130142211914062e-03
7.957321017511167494e-01,4.070997238159179688e-03
9.332599535706932459e-01,3.995895385742187500e-03
6.599340065993400950e-01,3.450090885162353516e-01
6.465353464653534887e-01,1.211977005004882812e-02
4.271572842715728457e-01,1.551509356498718262e+01
5.880985260009765625e-01,1.717567443847656250e-03
6.327883905116291618e-01,4.058122634887695312e-03
7.147631235052487320e-01,3.982543945312500000e-03
1.308869113088691194e-01,5.594561100006103516e-01
1.277872212778722039e-01,2.011275291442871094e-02
1.277872212778722039e-01,1.550569868087768555e+01
1.315879821777343750e-01,1.718759536743164062e-03
1.565817494533676690e-01,4.061460494995117188e-03
1.482019697231016786e-01,4.002809524536132812e-03
2.879712028797120141e-02,4.799699783325195312e-01
3.159684031596840526e-02,2.809476852416992188e-02
7.609239076092390308e-02,1.582443213462829590e+01
5.765914916992187500e-02,2.592086791992187500e-03
1.497386180490061468e-02,4.251480102539062500e-03
3.311179249601420294e-02,4.032135009765625000e-03
7.635236476352365020e-01,3.496508598327636719e-01
7.609239076092391141e-01,1.255726814270019531e-02
4.094590540945905466e-01,1.633639478683471680e+01
8.684120178222656250e-01,1.702785491943359375e-03
7.268292946118306563e-01,4.123449325561523438e-03
7.385990576758092452e-01,4.015207290649414062e-03
2.561743825617438519e-01,3.493945598602294922e-01
2.758724127587241504e-01,1.215529441833496094e-02
2.550744925507449357e-01,1.567032623291015625e+01
5.765914916992187500e-02,1.740932464599609375e-03
2.580641676353477298e-01,4.061698913574218750e-03
2.520804964057468123e-01,3.978967666625976562e-03
9.646035396460354017e-01,3.470439910888671875e-01
9.668033196680332342e-01,1.212453842163085938e-02
9.188081191880811405e-01,1.551147651672363281e+01
9.423408508300781250e-01,1.723051071166992188e-03
9.183834402062542868e-01,4.066705703735351562e-03
9.556847809086976842e-01,4.006385803222656250e-03
6.468353164683531276e-01,4.126121997833251953e-01
6.431356864313568789e-01,1.212358474731445312e-02
5.902409759024097591e-01,1.532180047035217285e+01
2.517223358154296875e-01,2.553701400756835938e-03
6.317636848888081857e-01,4.248857498168945312e-03
6.040758411430309227e-01,4.021167755126953125e-03
5.629437056294370884e-02,4.420104026794433594e-01
6.149385061493850557e-02,1.260662078857421875e-02
6.819318068193180871e-02,1.529067564010620117e+01
4.119014739990234375e-01,1.735687255859375000e-03
3.108838285438663140e-01,4.090785980224609375e-03
3.820917035284416424e-02,4.003286361694335938e-03
8.471152884711529163e-01,3.497586250305175781e-01
8.441155884411558619e-01,1.210212707519531250e-02
7.726227377262273599e-01,1.558697199821472168e+01
7.482776641845703125e-01,1.733064651489257812e-03
7.828371607198721938e-01,4.068136215209960938e-03
8.756509177561414559e-01,3.994941711425781250e-03
2.384761523847615250e-01,3.810241222381591797e-01
2.651734826517348487e-01,1.213598251342773438e-02
2.085791420857914247e-01,1.519967198371887207e+01
4.119014739990234375e-01,2.548933029174804688e-03
4.811969804988878163e-01,4.220724105834960938e-03
2.022778198115870452e-01,4.032135009765625000e-03
7.049295070492950233e-01,3.480300903320312500e-01
7.175282471752825186e-01,1.259946823120117188e-02
9.307069293070693305e-01,1.581000733375549316e+01
7.482776641845703125e-01,1.708030700683593750e-03
7.168533267549364041e-01,4.061222076416015625e-03
7.152893927012675679e-01,3.966569900512695312e-03
1.847815218478152111e-01,3.494281768798828125e-01
2.011798820117988162e-01,1.212215423583984375e-02
2.374762523747625254e-01,1.507096242904663086e+01
5.765914916992187500e-02,1.723289489746093750e-03
3.049639497834227275e-01,4.078626632690429688e-03
1.688637723623759301e-01,4.001140594482421875e-03
9.840015998400160058e-01,3.509371280670166016e-01
9.840015998400160058e-01,1.210451126098632812e-02
9.818018198180181733e-01,1.566117954254150391e+01
8.684120178222656250e-01,1.754999160766601562e-03
9.850066325876605244e-01,4.070520401000976562e-03
9.800882070973072624e-01,3.997087478637695312e-03
8.383161683831616973e-01,3.572916984558105469e-01
8.276172382761723956e-01,1.212882995605468750e-02
5.942405759424057576e-01,1.540407443046569824e+01
9.423408508300781250e-01,2.824783325195312500e-03
8.297700275883910237e-01,4.333257675170898438e-03
8.276590702779083042e-01,4.044055938720703125e-03
8.266173382661733404e-01,3.499596118927001953e-01
8.483151684831516937e-01,1.297831535339355469e-02
8.149185081491850946e-01,1.516291880607604980e+01
4.119014739990234375e-01,1.767396926879882812e-03
8.151549792707072362e-01,4.109859466552734375e-03
8.255259762446858218e-01,3.986120223999023438e-03
9.892010798920107817e-01,3.483595848083496094e-01
9.888011198880112262e-01,1.212310791015625000e-02
9.791020897910208687e-01,1.584603381156921387e+01
5.880985260009765625e-01,1.662015914916992188e-03
9.793620427360765213e-01,4.026651382446289062e-03
9.900350228568793876e-01,3.996372222900390625e-03
9.195080491950804458e-01,3.473143577575683594e-01
9.317068293170682747e-01,1.208996772766113281e-02
9.421057894210579375e-01,1.584626531600952148e+01
7.482776641845703125e-01,1.665592193603515625e-03
8.357947226258367612e-01,4.023075103759765625e-03
9.269261892567075556e-01,3.978252410888671875e-03
6.142385761423857504e-01,3.486781120300292969e-01
6.024397560243975880e-01,1.203942298889160156e-02
6.270372962703729680e-01,1.560568261146545410e+01
8.684120178222656250e-01,2.502918243408203125e-03
6.140784398408922762e-01,4.209041595458984375e-03
6.750977040632482051e-01,4.032611846923828125e-03
2.440755924407559119e-01,3.468604087829589844e-01
2.614738526147385445e-01,1.253056526184082031e-02
2.485751424857514380e-01,1.539187145233154297e+01
4.119014739990234375e-01,2.634525299072265625e-03
3.635973855724131676e-01,4.244327545166015625e-03
2.699437192108530281e-01,4.024744033813476562e-03
6.058394160583941979e-01,5.095074176788330078e-01
6.108389161083891405e-01,2.846813201904296875e-02
5.478452154784521078e-01,1.545436668395996094e+01
4.119014739990234375e-01,2.582550048828125000e-03
6.020199808246059492e-01,4.243850708007812500e-03
5.942852337696792331e-01,4.008769989013671875e-03
8.828117188281171535e-01,4.451074600219726562e-01
8.782121787821217662e-01,1.257419586181640625e-02
9.286071392860714147e-01,1.524794650077819824e+01
4.119014739990234375e-01,1.734495162963867188e-03
8.681704937836924874e-01,4.082202911376953125e-03
9.028461585555980218e-01,4.000186920166015625e-03
3.703629637036296440e-01,3.457560539245605469e-01
3.733626637336266429e-01,1.211738586425781250e-02
7.775222477752224970e-01,1.548047971725463867e+01
7.482776641845703125e-01,2.519845962524414062e-03
3.511130166809669495e-01,4.223585128784179688e-03
2.878018797086296932e-01,4.015922546386718750e-03
1.929807019298070137e-01,3.465774059295654297e-01
1.816818318168183233e-01,1.256752014160156250e-02
2.932706729327067552e-01,1.559143400192260742e+01
7.482776641845703125e-01,1.732587814331054688e-03
3.566682843790798252e-01,4.071474075317382812e-03
2.070707461515978176e-01,4.029750823974609375e-03
7.569243075692431155e-01,3.505072593688964844e-01
7.525247475252474505e-01,1.214790344238281250e-02
8.124187581241876233e-01,1.581451606750488281e+01
5.880985260009765625e-01,1.767873764038085938e-03
7.358743734556097982e-01,4.585266113281250000e-03
7.466042317138177342e-01,4.580497741699218750e-03
8.391160883911609192e-01,3.535361289978027344e-01
8.186181381861813433e-01,1.207160949707031250e-02
9.061093890610938395e-01,1.583768844604492188e+01
9.423408508300781250e-01,1.676082611083984375e-03
7.955645136288564956e-01,4.018306732177734375e-03
7.936380878015993900e-01,3.972053527832031250e-03
2.598740125987401006e-01,3.480849266052246094e-01
2.674732526747325423e-01,1.204538345336914062e-02
1.572842715728427210e-01,1.525500679016113281e+01
5.880985260009765625e-01,2.651214599609375000e-03
4.758050180957273390e-01,4.265785217285156250e-03
2.785123757875854755e-01,4.033327102661132812e-03
4.421557844215578403e-01,4.205181598663330078e-01
4.795520447955204379e-01,2.059340476989746094e-02
4.878512148785121294e-01,1.563621139526367188e+01
5.880985260009765625e-01,1.729726791381835938e-03
4.672930011446315701e-01,4.079103469848632812e-03
4.097224454117055492e-01,4.017114639282226562e-03
5.485451454854514131e-01,3.743596076965332031e-01
5.401459854014598605e-01,1.213598251342773438e-02
3.595640435956404257e-01,1.557480978965759277e+01
4.119014739990234375e-01,1.747131347656250000e-03
4.924568143780944096e-01,4.058837890625000000e-03
6.158664632740086242e-01,3.978729248046875000e-03
6.833316668333166977e-01,3.477649688720703125e-01
6.890310968903109456e-01,1.206874847412109375e-02
6.090390960903909745e-01,1.555371928215026855e+01
8.684120178222656250e-01,1.635313034057617188e-03
5.487875809987418085e-01,4.018068313598632812e-03
7.694268261108874185e-01,3.966808319091796875e-03
2.159784021597840192e-02,3.461780548095703125e-01
1.909809019098090282e-02,1.204514503479003906e-02
4.079592040795920749e-02,1.507680344581604004e+01
2.517223358154296875e-01,2.509832382202148438e-03
8.218325752490973635e-02,4.201173782348632812e-03
1.296646933693627532e-02,4.005193710327148438e-03
1.833816618338166282e-01,3.468866348266601562e-01
1.912808719128087087e-01,1.251935958862304688e-02
3.742625737426257260e-01,1.663550090789794922e+01
5.880985260009765625e-01,1.684188842773437500e-03
2.084429380562003997e-01,4.042625427246093750e-03
1.914735026520387740e-01,4.006624221801757812e-03
4.776522347765223553e-01,3.488419055938720703e-01
4.953504649535046545e-01,1.207327842712402344e-02
4.075592440755924639e-01,1.545866489410400391e+01
8.684120178222656250e-01,1.735448837280273438e-03
5.263972524928226537e-01,4.053115844726562500e-03
4.588086621889693184e-01,3.985166549682617188e-03
4.154584541545845444e-01,3.479497432708740234e-01
4.029597040295970212e-01,1.212954521179199219e-02
4.435556444355564509e-01,1.568198060989379883e+01
7.482776641845703125e-01,1.853704452514648438e-03
4.133166104235684313e-01,4.103660583496093750e-03
4.173517121091414595e-01,6.006002426147460938e-03
4.799520047995200350e-02,4.804198741912841797e-01
5.419458054194580682e-02,1.214671134948730469e-02
4.209579042095790147e-02,1.651073980331420898e+01
2.069473266601562500e-02,2.613067626953125000e-03
7.033982904741532816e-02,4.250526428222656250e-03
9.071955637154444085e-02,4.017829895019531250e-03
3.040695930406959180e-01,3.572249412536621094e-01
3.011698830116988357e-01,1.260828971862792969e-02
2.881711828817118404e-01,1.613775229454040527e+01
4.119014739990234375e-01,2.652883529663085938e-03
3.701488944804876002e-01,4.381418228149414062e-03
3.493221432209779875e-01,4.148721694946289062e-03
8.497150284971503043e-01,3.487789630889892578e-01
8.435156484351564732e-01,1.261425018310546875e-02
8.844115588441155973e-01,1.610460901260375977e+01
8.684120178222656250e-01,2.552986145019531250e-03
8.046302908625644346e-01,4.214763641357421875e-03
8.531068745871379644e-01,4.013061523437500000e-03
6.603339666033396504e-01,3.480994701385498047e-01
6.541345865413458194e-01,1.257920265197753906e-02
7.607239276072392808e-01,1.531978988647460938e+01
9.423408508300781250e-01,1.725673675537109375e-03
6.406148966178992765e-01,4.060983657836914062e-03
6.865816009055498714e-01,4.004240036010742188e-03
2.365763423657634146e-01,3.482067584991455078e-01
2.223777622237776141e-01,1.211333274841308594e-02
1.921807819218078195e-01,1.544751214981079102e+01
8.684120178222656250e-01,2.552270889282226562e-03
2.043929856427167402e-01,4.203081130981445312e-03
2.117078718348773814e-01,3.998041152954101562e-03
6.606339366063394003e-01,3.479158878326416016e-01
6.715328467153284242e-01,1.252102851867675781e-02
5.425457454254574152e-01,1.572263407707214355e+01
5.880985260009765625e-01,1.639366149902343750e-03
5.998534231718164467e-01,1.201891899108886719e-02
6.864743445156840096e-01,3.962516784667968750e-03
4.210578942105789313e-01,5.015404224395751953e-01
4.249575042495750687e-01,2.001547813415527344e-02
4.506549345065493650e-01,1.587489223480224609e+01
4.119014739990234375e-01,1.699924468994140625e-03
4.831024565760121403e-01,4.038333892822265625e-03
4.343120217587536080e-01,3.996849060058593750e-03
3.212678732126787451e-01,3.518621921539306641e-01
3.317668233176682135e-01,1.210689544677734375e-02
2.577742225777422402e-01,1.558448672294616699e+01
9.423408508300781250e-01,1.646280288696289062e-03
3.639094167829598492e-01,4.044771194458007812e-03
3.289993948928955358e-01,3.988981246948242188e-03
4.052594740525947148e-01,3.478314876556396484e-01
4.037596240375962431e-01,1.206874847412109375e-02
4.640535946405359713e-01,1.587116694450378418e+01
5.880985260009765625e-01,2.793073654174804688e-03
4.170577824476175421e-01,4.280328750610351562e-03
3.897177588297758843e-01,4.028558731079101562e-03
3.896610338966103315e-01,3.481762409210205078e-01
4.008599140085991608e-01,1.265645027160644531e-02
4.008599140085991608e-01,1.566383576393127441e+01
7.482776641845703125e-01,1.706123352050781250e-03
3.999164966780550112e-01,4.055023193359375000e-03
3.672261095317582713e-01,3.966331481933593750e-03
7.215278472152785172e-01,3.484048843383789062e-01
7.137286271372862423e-01,1.210522651672363281e-02
7.715228477152284992e-01,1.553687953948974609e+01
4.119014739990234375e-01,1.620769500732421875e-03
6.782379275831729171e-01,4.037618637084960938e-03
7.744051645713967424e-01,3.986597061157226562e-03
3.708629137086291161e-01,3.482673168182373047e-01
3.889611038896110262e-01,1.205301284790039062e-02
3.072692730726927501e-01,1.570523786544799805e+01
2.517223358154296875e-01,1.692533493041992188e-03
4.206588822294068386e-01,4.017114639282226562e-03
3.313854065063596144e-01,3.996849060058593750e-03
5.329467053294670298e-02,3.531572818756103516e-01
5.609439056094390336e-02,1.207971572875976562e-02
4.429557044295570623e-02,1.471383452415466309e+01
4.119014739990234375e-01,2.544403076171875000e-03
5.982190707665424600e-02,4.222393035888671875e-03
3.032599281834595303e-02,4.048347473144531250e-03
8.899110088991100953e-03,3.458511829376220703e-01
1.049895010498950142e-02,1.256227493286132812e-02
6.999300069993000945e-03,1.521184277534484863e+01
2.069473266601562500e-02,2.546072006225585938e-03
1.490331350035884600e-02,4.211425781250000000e-03
6.665493315976191158e-03,4.022121429443359375e-03
6.989301069893010254e-01,3.461728096008300781e-01
6.922307769223077223e-01,1.258754730224609375e-02
7.803219678032197182e-01,1.553420019149780273e+01
8.684120178222656250e-01,2.475261688232421875e-03
6.780684102382006362e-01,4.218816757202148438e-03
6.422565579528745072e-01,4.006624221801757812e-03
7.537246275372462279e-01,3.472661972045898438e-01
7.562243775622438102e-01,1.254415512084960938e-02
8.391160883911609192e-01,1.536617851257324219e+01
8.684120178222656250e-01,1.665592193603515625e-03
7.276644527558987496e-01,4.029273986816406250e-03
7.008907053253755626e-01,3.952264785766601562e-03
5.941405859414058410e-01,4.181377887725830078e-01
6.033396660333966155e-01,1.227927207946777344e-02
5.925407459254075082e-01,1.504806852340698242e+01
4.119014739990234375e-01,2.635955810546875000e-03
5.526497543983214245e-01,4.276514053344726562e-03
5.426041206967938679e-01,4.044532775878906250e-03
5.826417358264173174e-01,3.478069305419921875e-01
5.906409359064093145e-01,1.261281967163085938e-02
4.974502549745025703e-01,1.553587388992309570e+01
5.880985260009765625e-01,1.748085021972656250e-03
5.580256027286952802e-01,4.055023193359375000e-03
5.238600778280313452e-01,3.986358642578125000e-03
3.619638036196380637e-02,3.473801612854003906e-01
4.189581041895810293e-02,1.215243339538574219e-02
5.809419058094190264e-02,1.438975214958190918e+01
2.069473266601562500e-02,1.702547073364257812e-03
6.060031031944648067e-02,4.050970077514648438e-03
5.845317363274793454e-02,4.010200500488281250e-03
2.536746325367463251e-01,3.685333728790283203e-01
2.656734326567343207e-01,1.207852363586425781e-02
3.254674532546745214e-01,1.652718472480773926e+01
2.517223358154296875e-01,1.717567443847656250e-03
2.170267633664400009e-01,4.079103469848632812e-03
2.112207453935610602e-01,3.992795944213867188e-03
2.565743425657434074e-01,3.472328186035156250e-01
2.535746425357464084e-01,1.208615303039550781e-02
1.571842815718428044e-01,1.546416234970092773e+01
4.119014739990234375e-01,2.617120742797851562e-03
2.497674857061871201e-01,4.259109497070312500e-03
2.205830962389732641e-01,4.015684127807617188e-03
4.373562643735626199e-01,4.033660888671875000e-01
4.509549045095490594e-01,1.260662078857421875e-02
4.811518848115188263e-01,1.548399639129638672e+01
5.880985260009765625e-01,1.605987548828125000e-03
5.345699124043505890e-01,4.004478454589843750e-03
4.362335714669924314e-01,3.972053527832031250e-03
4.670532946705329702e-01,3.484840393066406250e-01
4.901509849015098230e-01,1.209807395935058594e-02
3.500649935006499569e-01,1.543848872184753418e+01
4.119014739990234375e-01,1.596450805664062500e-03
4.593325958735230419e-01,4.041671752929687500e-03
4.582561158410213276e-01,3.988265991210937500e-03
4.389561043895610221e-02,3.486816883087158203e-01
4.109589041095890183e-02,1.201558113098144531e-02
1.183881611838816100e-01,1.525833988189697266e+01
5.765914916992187500e-02,2.462148666381835938e-03
3.673190410618133728e-02,4.199028015136718750e-03
5.376259810104434128e-02,4.012584686279296875e-03
8.799120087991201683e-03,3.486831188201904297e-01
8.999100089991000223e-03,1.251530647277832031e-02
2.269773022697730083e-02,1.539515089988708496e+01
2.069473266601562500e-02,1.669406890869140625e-03
1.709596581698818660e-02,4.065990447998046875e-03
9.832701455303922283e-03,4.012346267700195312e-03
2.501749825017497986e-01,3.473541736602783203e-01
2.595740425957404063e-01,1.212263107299804688e-02
2.777722227777222330e-01,1.517950987815856934e+01
2.517223358154296875e-01,1.672029495239257812e-03
3.501252403741325070e-01,4.030227661132812500e-03
2.737711899676008587e-01,4.005908966064453125e-03
1.852814718528147109e-01,3.768470287322998047e-01
1.837816218378162114e-01,1.210999488830566406e-02
1.235876412358764137e-01,1.540530872344970703e+01
5.880985260009765625e-01,1.672983169555664062e-03
4.030766416836901733e-01,4.027366638183593750e-03
1.966504275337858654e-01,3.954887390136718750e-03
1.322867713228677022e-01,3.476579189300537109e-01
1.535846415358464168e-01,1.207399368286132812e-02
1.857814218578142107e-01,1.494920134544372559e+01
5.908966064453125000e-03,2.594709396362304688e-03
1.276067801753186237e-01,4.229545593261718750e-03
1.506887655957812600e-01,4.007101058959960938e-03
9.315068493150684414e-01,3.477873802185058594e-01
9.340065993400660238e-01,1.256227493286132812e-02
8.932106789321068163e-01,1.548611593246459961e+01
9.423408508300781250e-01,1.652717590332031250e-03
9.029026071531114361e-01,4.055738449096679688e-03
8.896373555673876554e-01,3.986358642578125000e-03
6.933306669333066941e-01,3.473801612854003906e-01
7.029297070292970240e-01,1.209449768066406250e-02
7.238276172382761553e-01,1.519973516464233398e+01
4.119014739990234375e-01,1.603126525878906250e-03
6.660712702678388553e-01,4.018545150756835938e-03
6.724582739469411319e-01,3.998041152954101562e-03
8.630136986301369939e-01,3.474698066711425781e-01
8.603139686031396893e-01,1.204228401184082031e-02
8.543145685431456915e-01,1.526755380630493164e+01
7.482776641845703125e-01,1.711606979370117188e-03
8.463744733090017291e-01,4.065990447998046875e-03
8.536339417865136392e-01,4.007816314697265625e-03
4.219578042195780698e-01,3.469882011413574219e-01
4.355564443555644538e-01,1.206231117248535156e-02
3.963603639636036347e-01,1.546717166900634766e+01
2.517223358154296875e-01,2.652406692504882812e-03
4.773295658710489109e-01,4.267692565917968750e-03
3.951513834309874351e-01,4.037857055664062500e-03
2.327767223277672215e-01,3.462874889373779297e-01
2.387761223877612193e-01,1.259756088256835938e-02
2.151784821517848112e-01,1.534947633743286133e+01
4.119014739990234375e-01,1.616477966308593750e-03
3.897951239042563021e-01,4.025697708129882812e-03
2.081041242055388651e-01,3.984451293945312500e-03
3.649635036496350349e-01,3.469262123107910156e-01
3.694630536946305610e-01,1.208114624023437500e-02
4.219578042195780698e-01,1.544309067726135254e+01
4.119014739990234375e-01,1.604795455932617188e-03
4.253844374799808370e-01,4.038095474243164062e-03
3.360692843938102858e-01,3.978729248046875000e-03
4.605539446055394448e-01,3.474960327148437500e-01
4.872512748725127407e-01,1.204466819763183594e-02
4.427557244275572290e-01,1.520242786407470703e+01
5.880985260009765625e-01,1.591682434082031250e-03
4.668861979308035481e-01,4.028797149658203125e-03
4.868454487031974587e-01,4.002809524536132812e-03
7.031296870312968572e-01,3.475973606109619141e-01
6.995300469953005251e-01,1.197862625122070312e-02
6.041395860413958374e-01,1.514788126945495605e+01
2.517223358154296875e-01,2.643823623657226562e-03
7.217757432173282917e-01,4.233360290527343750e-03
6.969277912400284603e-01,4.045248031616210938e-03
1.422857714228577264e-01,3.521509170532226562e-01
1.367863213678632006e-01,1.262426376342773438e-02
1.622837716228377192e-01,1.499591207504272461e+01
5.880985260009765625e-01,1.743793487548828125e-03
2.663721831619569880e-01,4.086256027221679688e-03
1.027724727795597537e-01,3.970384597778320312e-03
9.889011098890110318e-02,3.470664024353027344e-01
1.032896710328967127e-01,1.213383674621582031e-02
5.479452054794520244e-02,1.595876431465148926e+01
1.315879821777343750e-01,1.747131347656250000e-03
1.717519833600039680e-01,4.068851470947265625e-03
9.489306738725877821e-02,4.001855850219726562e-03
8.575142485751424681e-01,3.471348285675048828e-01
8.490150984901509990e-01,1.208853721618652344e-02
8.917108289171082891e-01,1.461964392662048340e+01
9.793052673339843750e-01,1.697063446044921875e-03
8.255726215505715393e-01,4.034996032714843750e-03
8.511203466195156331e-01,3.975152969360351562e-03
8.305169483051695334e-01,3.474473953247070312e-01
8.177182281771823158e-01,1.206040382385253906e-02
8.598140185981402173e-01,1.494854474067687988e+01
9.793052673339843750e-01,2.775430679321289062e-03
6.573000334049369231e-01,4.307985305786132812e-03
8.339025866916347507e-01,5.023956298828125000e-03
7.021297870212979131e-01,4.810917377471923828e-01
6.975302469753024148e-01,2.701449394226074219e-02
6.740325967403260066e-01,1.479565238952636719e+01
7.482776641845703125e-01,1.736879348754882812e-03
5.907378376428840117e-01,4.099369049072265625e-03
6.667445705963727098e-01,4.003286361694335938e-03
6.738326167383261733e-01,3.484947681427001953e-01
7.059294070592940784e-01,1.212906837463378906e-02
7.270272972702729319e-01,1.567722678184509277e+01
2.517223358154296875e-01,1.739025115966796875e-03
5.908553294808264189e-01,4.103660583496093750e-03
7.264335971400734948e-01,3.995180130004882812e-03
7.386261373862613722e-01,3.513009548187255859e-01
7.531246875312468392e-01,1.243400573730468750e-02
7.191280871912808514e-01,1.581999421119689941e+01
5.880985260009765625e-01,1.692056655883789062e-03
7.231122063232162667e-01,4.040241241455078125e-03
7.079588941185335216e-01,3.979682922363281250e-03
4.479552044795520604e-02,3.476102352142333984e-01
5.259474052594740462e-02,1.206278800964355469e-02
4.579542045795420568e-02,1.559123730659484863e+01
1.315879821777343750e-01,2.619028091430664062e-03
4.773231646827924557e-02,4.245519638061523438e-03
4.042317599437255521e-02,4.061222076416015625e-03
3.314668533146685192e-01,5.226056575775146484e-01
3.307669233076692139e-01,2.866935729980468750e-02
3.814618538146185567e-01,1.620193600654602051e+01
5.880985260009765625e-01,2.647399902343750000e-03
4.745733654878034891e-01,4.254579544067382812e-03
3.336327192221272830e-01,4.062652587890625000e-03
8.418158184181582238e-01,3.472919464111328125e-01
8.387161283871612527e-01,1.259851455688476562e-02
8.824117588241175980e-01,1.570919895172119141e+01
4.119014739990234375e-01,2.601385116577148438e-03
8.593675053484992610e-01,4.235267639160156250e-03
8.637837425092301791e-01,4.042387008666992188e-03
1.768823117688231306e-01,3.459844589233398438e-01
1.944805519448055131e-01,1.261234283447265625e-02
1.698830116988301053e-01,1.500633931159973145e+01
5.765914916992187500e-02,1.701354980468750000e-03
4.144291000672901681e-01,4.089832305908203125e-03
1.489904742962731010e-01,3.977298736572265625e-03
2.302769723027697224e-01,3.454468250274658203e-01
2.320767923207679162e-01,1.207208633422851562e-02
2.319768023197680065e-02,1.520325422286987305e+01
2.517223358154296875e-01,2.631425857543945312e-03
4.021987364672714449e-01,4.239797592163085938e-03
2.084223975988138133e-01,4.040479660034179688e-03
7.531246875312468392e-01,3.496737480163574219e-01
7.494250574942505905e-01,1.261711120605468750e-02
7.313268673132686803e-01,1.540072917938232422e+01
7.482776641845703125e-01,1.706123352050781250e-03
7.195147322885946384e-01,4.060029983520507812e-03
7.980093957018052908e-01,3.989219665527343750e-03
5.650434956504349904e-01,4.439816474914550781e-01
5.686431356864313225e-01,1.213693618774414062e-02
6.178382161783821935e-01,1.502971458435058594e+01
4.119014739990234375e-01,1.740932464599609375e-03
5.113551569918061146e-01,4.071474075317382812e-03
5.711336469822843043e-01,3.993511199951171875e-03
8.059194080591940146e-02,3.490817546844482422e-01
8.709129087091291299e-02,1.208496093750000000e-02
1.224877512248775113e-01,1.513284492492675781e+01
1.315879821777343750e-01,1.671791076660156250e-03
1.403459183655791365e-01,4.068613052368164062e-03
8.962523330031213487e-02,4.008293151855468750e-03
4.896510348965103510e-01,3.657577037811279297e-01
4.830516948305169644e-01,1.204442977905273438e-02
3.109689031096890544e-01,1.531230235099792480e+01
7.482776641845703125e-01,2.549409866333007812e-03
4.535931779006046605e-01,4.215717315673828125e-03
4.606621247267769226e-01,4.031658172607421875e-03
7.045295470452954678e-01,3.465578556060791016e-01
7.113288671132886876e-01,1.257824897766113281e-02
4.740525947405259677e-01,1.546201038360595703e+01
5.880985260009765625e-01,1.701116561889648438e-03
6.191815256205324136e-01,4.052400588989257812e-03
6.834205251255570657e-01,3.961801528930664062e-03
9.728027197280272320e-01,3.495516777038574219e-01
9.702029797020298441e-01,1.213383674621582031e-02
9.784021597840215634e-01,1.555728507041931152e+01
9.940910339355468750e-01,1.716613769531250000e-03
9.354530503255205076e-01,4.070043563842773438e-03
9.633709037011831677e-01,3.991127014160156250e-03
6.636336366363363437e-01,3.480250835418701172e-01
6.793320667933206991e-01,1.213240623474121094e-02
5.999400059994000056e-01,1.515229463577270508e+01
4.119014739990234375e-01,1.733779907226562500e-03
6.592144503119922172e-01,4.052400588989257812e-03
6.655822524560517373e-01,3.989934921264648438e-03
1.349865013498650068e-01,3.542277812957763672e-01
1.392860713928607275e-01,1.208376884460449219e-02
1.357864213578642010e-01,1.519988965988159180e+01
2.517223358154296875e-01,2.647399902343750000e-03
1.205475229440179930e-01,4.263401031494140625e-03
1.096451419053658394e-01,4.022359848022460938e-03
2.758724127587241504e-01,3.515646457672119141e-01
2.945705429457054492e-01,1.264691352844238281e-02
3.328667133286671298e-01,1.567276000976562500e+01
5.765914916992187500e-02,1.759529113769531250e-03
2.828202960573607538e-01,4.087924957275390625e-03
2.880621878132160196e-01,3.996849060058593750e-03
7.025297470252974685e-01,3.502929210662841797e-01
7.168283171682832133e-01,1.220345497131347656e-02
6.173382661733826104e-01,1.577496957778930664e+01
5.880985260009765625e-01,1.737833023071289062e-03
6.290533662088146905e-01,4.071235656738281250e-03
7.420442826347536380e-01,1.599383354187011719e-02
1.626837316268373301e-01,4.021835327148437500e-01
1.821817818218178231e-01,1.216220855712890625e-02
1.225877412258774141e-01,1.495457983016967773e+01
5.765914916992187500e-02,1.748800277709960938e-03
1.758208280316845284e-01,4.105329513549804688e-03
1.367372803425688788e-01,3.975391387939453125e-03
1.101889811018898074e-01,3.469014167785644531e-01
1.127887211278872093e-01,1.209998130798339844e-02
1.293870612938706199e-01,1.574543070793151855e+01
4.119014739990234375e-01,2.651214599609375000e-03
1.802053156487631869e-01,4.247665405273437500e-03
1.342856366221185094e-01,4.029273986816406250e-03
1.958804119588041237e-01,3.954122066497802734e-01
2.080791920807919249e-01,1.258516311645507812e-02
5.479452054794520244e-02,1.533837413787841797e+01
2.517223358154296875e-01,1.678466796875000000e-03
2.431454351370725964e-01,4.115104675292968750e-03
1.897158191604138566e-01,3.998994827270507812e-03
9.899010098990100592e-03,3.478789329528808594e-01
1.459854014598540098e-02,1.207804679870605469e-02
1.149885011498850106e-02,1.470455884933471680e+01
5.765914916992187500e-02,1.708030700683593750e-03
7.994009960789222324e-02,4.084825515747070312e-03
5.861530360792056166e-03,4.001140594482421875e-03
6.459354064593540723e-02,3.501009941101074219e-01
6.319368063193681051e-02,1.209354400634765625e-02
1.009899010098990052e-01,1.425305271148681641e+01
5.765914916992187500e-02,1.716852188110351562e-03
9.125529905382750995e-02,7.934808731079101562e-03
1.059589938569127088e-01,7.892608642578125000e-03
2.595740425957404063e-01,6.113278865814208984e-01
2.699730026997300136e-01,1.210284233093261719e-02
2.366763323667633312e-01,1.578129839897155762e+01
5.765914916992187500e-02,2.623081207275390625e-03
4.031159284150483413e-01,4.215955734252929688e-03
2.758786050352108887e-01,3.993749618530273438e-03
7.859214078592140218e-02,3.478798866271972656e-01
8.449155084491551115e-02,1.262307167053222656e-02
6.939306069393061382e-02,1.552417230606079102e+01
2.517223358154296875e-01,1.714944839477539062e-03
1.229329100599949043e-01,4.066705703735351562e-03
1.203392209737093044e-01,3.993988037109375000e-03
7.298270172982701531e-01,3.474330902099609375e-01
7.480251974802519799e-01,1.213359832763671875e-02
7.002299770022997194e-01,1.528191471099853516e+01
4.119014739990234375e-01,1.709938049316406250e-03
6.447140054907775086e-01,4.059553146362304688e-03
7.680403414269079132e-01,3.999471664428710938e-03
2.849715028497150360e-02,3.464903831481933594e-01
2.959704029597040251e-02,1.206779479980468750e-02
9.219078092190781393e-02,1.526299405097961426e+01
1.315879821777343750e-01,1.700639724731445312e-03
4.521615777504227329e-02,4.055976867675781250e-03
3.527233175575561486e-02,3.974199295043945312e-03
9.586041395860414038e-01,3.476052284240722656e-01
9.605039496050394865e-01,1.207590103149414062e-02
9.510048995100489622e-01,1.577338337898254395e+01
7.482776641845703125e-01,2.624988555908203125e-03
8.766915084643294165e-01,4.204750061035156250e-03
9.509843263197557128e-01,4.034519195556640625e-03
2.174782521747825326e-01,3.481540679931640625e-01
2.235776422357764193e-01,1.261568069458007812e-02
2.263773622637736127e-01,1.552132534980773926e+01
2.069473266601562500e-02,1.744985580444335938e-03
2.669137687109806034e-01,4.090309143066406250e-03
2.048401935373933003e-01,3.990411758422851562e-03
4.709529047095290660e-02,4.140727519989013672e-01
5.079492050794920388e-02,1.233148574829101562e-02
6.149385061493850557e-02,1.591948413848876953e+01
5.908966064453125000e-03,1.704692840576171875e-03
8.112501271426331151e-02,4.027128219604492188e-03
6.015863205784082596e-02,3.997325897216796875e-03
6.266373362663734126e-01,3.491048812866210938e-01
6.345365463453654931e-01,1.210260391235351562e-02
6.802319768023197266e-01,1.600471997261047363e+01
5.880985260009765625e-01,2.601146697998046875e-03
6.129073654718867337e-01,4.234790802001953125e-03
6.462136380143052028e-01,4.034519195556640625e-03
5.608439156084391586e-01,3.495926856994628906e-01
5.521447855214478562e-01,1.260232925415039062e-02
8.040195980401959597e-01,1.586390089988708496e+01
5.880985260009765625e-01,1.647233963012695312e-03
5.306848920596439756e-01,4.036188125610351562e-03
5.849086973523034416e-01,3.967285156250000000e-03
3.787621237876212521e-01,3.480246067047119141e-01
3.700629937006299497e-01,1.210212707519531250e-02
3.417658234176582099e-01,1.599524092674255371e+01
1.315879821777343750e-01,1.645565032958984375e-03
4.403945761804610171e-01,4.054784774780273438e-03
3.146845918408919252e-01,4.013538360595703125e-03
6.599340065993400395e-03,3.473293781280517578e-01
1.039896010398960041e-02,1.205158233642578125e-02
5.599440055994400756e-03,1.561169719696044922e+01
5.908966064453125000e-03,1.762151718139648438e-03
2.119441969578797491e-02,4.073381423950195312e-03
2.382628103465610214e-02,3.986597061157226562e-03
6.242375762423757468e-01,3.518412113189697266e-01
6.440355964403560174e-01,1.212024688720703125e-02
5.803419658034196793e-01,1.509733343124389648e+01
1.315879821777343750e-01,2.606391906738281250e-03
6.024502875064096097e-01,4.264354705810546875e-03
6.506289029876693997e-01,4.010915756225585938e-03
9.050094990500949788e-01,3.485581874847412109e-01
9.144085591440855865e-01,1.261281967163085938e-02
7.495250474952505071e-01,1.545875835418701172e+01
7.482776641845703125e-01,1.728773117065429688e-03
7.961721829119081661e-01,4.091739654541015625e-03
9.219375723445401016e-01,3.998994827270507812e-03
8.499150084991500403e-03,3.466522693634033203e-01
8.399160083991601133e-03,1.210403442382812500e-02
8.559144085591441353e-02,1.495653676986694336e+01
5.765914916992187500e-02,1.686573028564453125e-03
2.369588926002645299e-02,4.079103469848632812e-03
7.687309583102898240e-03,3.965139389038085938e-03
1.677832216778322172e-01,3.473558425903320312e-01
1.832816718328167116e-01,1.210570335388183594e-02
1.881811818818118209e-01,1.583562302589416504e+01
5.765914916992187500e-02,1.699924468994140625e-03
1.921291973998036640e-01,4.050731658935546875e-03
1.517010310150641583e-01,3.966331481933593750e-03
2.106789321067893128e-01,3.457329273223876953e-01
2.106789321067893128e-01,1.209688186645507812e-02
4.611538846115388335e-01,1.545330953598022461e+01
1.315879821777343750e-01,2.543926239013671875e-03
3.479059751822368152e-01,4.235506057739257812e-03
1.292502248246878982e-01,4.022359848022460938e-03
5.178482151784821186e-01,3.487105369567871094e-01
5.071492850714928169e-01,1.256680488586425781e-02
4.948505149485051269e-01,1.550682997703552246e+01
4.119014739990234375e-01,1.670598983764648438e-03
4.701024043515014128e-01,4.060029983520507812e-03
5.002640304944142580e-01,4.006862640380859375e-03
2.169783021697830119e-02,3.466870784759521484e-01
3.029697030296970434e-02,1.207232475280761719e-02
5.989401059894010337e-02,1.556895542144775391e+01
5.765914916992187500e-02,1.662254333496093750e-03
4.896436756090564724e-01,4.068613052368164062e-03
1.402766199871022593e-02,3.991127014160156250e-03
4.998500149985001251e-01,3.474569320678710938e-01
5.162483751624837858e-01,1.208829879760742188e-02
7.454254574542545919e-01,1.531907272338867188e+01
4.119014739990234375e-01,1.676797866821289062e-03
5.139050602512773569e-01,4.030227661132812500e-03
4.632680848317043965e-01,4.000902175903320312e-03
6.319368063193681051e-01,4.134902954101562500e-01
6.233376662333766083e-01,1.211643218994140625e-02
4.074592540745925473e-01,1.517036128044128418e+01
2.517223358154296875e-01,2.563714981079101562e-03
5.990210189225322335e-01,4.248142242431640625e-03
7.079196959530766886e-01,4.018306732177734375e-03
8.970102989701029816e-01,3.494524955749511719e-01
8.915108489151084559e-01,1.261401176452636719e-02
8.966103389661034262e-01,1.517162394523620605e+01
8.684120178222656250e-01,1.739501953125000000e-03
7.473580448769442386e-01,4.072666168212890625e-03
8.690136944909720995e-01,4.008293151855468750e-03
9.801019898010199238e-01,3.465206623077392578e-01
9.821017898210179231e-01,1.212763786315917969e-02
9.943005699430057520e-01,1.496478128433227539e+01
8.684120178222656250e-01,1.709461212158203125e-03
9.176756798591646502e-01,4.047632217407226562e-03
9.717462515741370765e-01,3.970384597778320312e-03
9.956004399560044460e-01,3.472282886505126953e-01
9.954004599540046128e-01,1.214289665222167969e-02
9.932006799320067802e-01,1.517335844039916992e+01
9.423408508300781250e-01,1.712799072265625000e-03
8.595752423324849456e-01,4.048347473144531250e-03
9.978550765926579302e-01,4.002094268798828125e-03
6.667333266673333148e-01,3.482327461242675781e-01
6.704329567043295635e-01,1.209115982055664062e-02
7.487251274872512852e-01,1.513581156730651855e+01
4.119014739990234375e-01,2.600908279418945312e-03
5.942723071192983486e-01,4.217624664306640625e-03
6.874193235984341621e-01,3.998041152954101562e-03
8.459154084591541389e-02,3.464899063110351562e-01
8.109189081091890128e-02,1.254296302795410156e-02
5.379462053794620280e-02,1.518805956840515137e+01
1.315879821777343750e-01,1.713514328002929688e-03
3.194285398086373351e-01,4.044055938720703125e-03
9.456510737228873698e-02,3.982305526733398438e-03
5.675432456754324617e-01,3.960254192352294922e-01
5.723427657234276822e-01,1.228880882263183594e-02
6.109389061093890572e-01,1.547329831123352051e+01
8.684120178222656250e-01,1.716136932373046875e-03
5.562816159427103058e-01,4.050970077514648438e-03
5.185201604864949632e-01,3.972768783569335938e-03
5.639436056394360464e-02,3.468151092529296875e-01
6.239376062393760941e-02,1.209187507629394531e-02
2.569743025697430322e-02,1.542195296287536621e+01
2.069473266601562500e-02,1.713514328002929688e-03
7.973026365130292392e-02,4.065275192260742188e-03
7.220389722759353035e-02,3.997802734375000000e-03
1.373862613738626171e-01,3.471841812133789062e-01
1.381861813818618112e-01,1.214432716369628906e-02
8.489151084891510823e-02,1.566672134399414062e+01
5.765914916992187500e-02,2.522230148315429688e-03
1.652435140505119082e-01,4.228591918945312500e-03
8.306291816557898056e-02,4.076957702636718750e-03
2.534746525347465473e-01,3.474843502044677734e-01
2.632736726327367105e-01,1.254057884216308594e-02
2.636736326367363215e-01,1.485142087936401367e+01
1.315879821777343750e-01,1.621484756469726562e-03
2.505079754688074312e-01,4.083633422851562500e-03
3.242730268389351078e-01,4.000425338745117188e-03
9.655034496550345402e-01,3.473396301269531250e-01
9.618038196180381805e-01,1.202368736267089844e-02
9.271072892710728874e-01,1.542059612274169922e+01
5.880985260009765625e-01,1.755714416503906250e-03
9.175237667535405262e-01,4.092931747436523438e-03
9.392332877968133653e-01,4.045248031616210938e-03
6.249375062493750521e-02,3.508958816528320312e-01
6.269373062693731069e-02,1.213788986206054688e-02
7.339266073392661238e-02,1.560934782028198242e+01
1.315879821777343750e-01,1.713991165161132812e-03
7.725705293837800691e-02,4.067182540893554688e-03
7.162603356666182031e-02,3.971576690673828125e-03
6.590340965903409565e-01,3.465609550476074219e-01
6.561343865613438187e-01,1.207113265991210938e-02
6.117388261173882791e-01,1.470090293884277344e+01
4.119014739990234375e-01,2.611637115478515625e-03
6.074462057526341940e-01,4.245996475219726562e-03
7.297561787004913647e-01,4.042387008666992188e-03
6.361363863613638259e-01,4.686493873596191406e-01
6.173382661733826104e-01,1.261329650878906250e-02
6.281371862813718288e-01,1.644884300231933594e+01
2.517223358154296875e-01,1.759052276611328125e-03
6.134846192689932254e-01,4.059314727783203125e-03
6.380339819247164979e-01,4.002332687377929688e-03
5.510448955104489954e-01,3.459467887878417969e-01
5.980401959804019230e-01,1.211857795715332031e-02
4.732526747325267458e-01,1.503178668022155762e+01
8.684120178222656250e-01,1.647472381591796875e-03
4.999373904249654887e-01,4.046678543090820312e-03
4.743738895708081160e-01,4.001140594482421875e-03
1.062893710628937116e-01,3.465170860290527344e-01
1.168883111688831106e-01,1.206541061401367188e-02
3.083691630836916109e-01,1.511983847618103027e+01
5.908966064453125000e-03,1.653909683227539062e-03
1.326263126919816626e-01,4.041671752929687500e-03
1.325965594494187272e-01,4.015207290649414062e-03
9.566043395660434046e-01,4.099428653717041016e-01
9.586041395860414038e-01,1.203203201293945312e-02
9.785021497850214800e-01,1.510091328620910645e+01
4.119014739990234375e-01,2.533435821533203125e-03
9.143609085749976328e-01,4.251956939697265625e-03
9.630470861120380421e-01,4.028558731079101562e-03
8.819118088191181259e-01,3.466477394104003906e-01
8.797120287971202934e-01,1.255011558532714844e-02
9.154084591540846416e-01,1.552165603637695312e+01
5.765914916992187500e-02,1.642227172851562500e-03
8.568065376752667106e-01,4.061222076416015625e-03
9.365700217098723579e-01,3.984689712524414062e-03
5.486451354864513297e-01,3.491339683532714844e-01
5.496450354964503848e-01,1.211023330688476562e-02
5.716428357164283769e-01,1.552843236923217773e+01
7.482776641845703125e-01,1.713514328002929688e-03
5.774301247885247346e-01,4.038572311401367188e-03
5.339880315961310631e-01,3.983736038208007812e-03
1.695830416958304110e-01,3.478515148162841797e-01
1.784821517848215189e-01,1.211094856262207031e-02
2.978702129787021424e-01,1.411480545997619629e+01
2.517223358154296875e-01,1.744508743286132812e-03
2.586920296275397879e-01,4.055261611938476562e-03
1.505004116713425932e-01,3.998517990112304688e-03
3.179682031796820380e-02,3.461251258850097656e-01
3.669633036696330619e-02,1.210165023803710938e-02
3.409659034096590435e-02,1.425956392288208008e+01
2.069473266601562500e-02,2.490282058715820312e-03
3.150189774905263335e-02,4.194498062133789062e-03
3.203848583181620469e-02,4.053115844726562500e-03
7.279272072792720982e-02,3.494429588317871094e-01
8.379162083791620586e-02,1.255130767822265625e-02
1.247875212478752188e-01,1.537050747871398926e+01
2.517223358154296875e-01,1.622200012207031250e-03
1.212521512578629834e-01,4.016160964965820312e-03
1.024111265972327267e-01,4.001855850219726562e-03
4.516548345165483647e-01,3.485109806060791016e-01
4.471552844715528385e-01,1.207685470581054688e-02
4.386561343865613694e-01,1.586474847793579102e+01
5.880985260009765625e-01,1.733303070068359375e-03
4.399093796521358346e-01,4.096984863281250000e-03
4.094584655129859252e-01,4.015207290649414062e-03
3.921607839216078584e-01,3.470189571380615234e-01
3.979602039796020230e-01,1.213097572326660156e-02
5.413458654134586379e-01,1.562697601318359375e+01
5.880985260009765625e-01,1.689195632934570312e-03
4.922459482070690728e-01,4.020690917968750000e-03
3.700091821976843054e-01,4.009723663330078125e-03
1.928807119288071248e-01,3.762459754943847656e-01
2.087791220877912302e-01,1.210260391235351562e-02
6.018398160183981993e-01,1.590330076217651367e+01
5.765914916992187500e-02,2.647161483764648438e-03
2.513615906926428556e-01,4.242420196533203125e-03
1.654932977727361365e-01,4.003524780273437500e-03
3.157684231576842193e-01,3.474481105804443359e-01
3.130686931306869147e-01,1.262950897216796875e-02
1.888811118888111262e-01,1.567936658859252930e+01
1.315879821777343750e-01,1.740217208862304688e-03
3.686071198797207238e-01,4.052400588989257812e-03
2.888141818823258267e-01,3.989934921264648438e-03
7.411258874112588435e-01,3.480846881866455078e-01
7.346265373462653736e-01,1.210737228393554688e-02
6.615338466153384278e-01,1.567149806022644043e+01
4.119014739990234375e-01,1.741886138916015625e-03
6.397806373561867321e-01,1.193761825561523438e-02
8.147327015436288677e-01,3.979444503784179688e-03
7.309269073092690416e-02,4.625468254089355469e-01
7.789221077892211076e-02,1.210117340087890625e-02
7.289271072892711256e-02,1.594328904151916504e+01
2.517223358154296875e-01,1.799106597900390625e-03
1.340083317177072075e-01,4.085540771484375000e-03
9.399581087618691377e-02,8.148193359375000000e-03
1.417858214178582266e-01,3.472003936767578125e-01
1.431856814318568094e-01,1.224732398986816406e-02
1.266873312668733154e-01,1.537034344673156738e+01
5.880985260009765625e-01,2.606391906738281250e-03
3.752435606845052063e-01,4.247426986694335938e-03
1.127271016634715517e-01,4.053831100463867188e-03
8.789121087891210715e-02,3.721601963043212891e-01
9.959004099590040848e-02,1.255369186401367188e-02
2.639736026397360158e-01,1.585911893844604492e+01
5.908966064453125000e-03,2.623558044433593750e-03
1.078541148031946784e-01,4.237651824951171875e-03
1.235027689245016269e-01,4.003286361694335938e-03
9.569043095690431266e-02,3.467462062835693359e-01
1.051894810518948092e-01,1.259398460388183594e-02
3.111688831116888321e-01,1.522670269012451172e+01
2.517223358154296875e-01,2.643108367919921875e-03
1.596554145149287618e-01,4.269599914550781250e-03
5.135406438968787013e-02,4.050016403198242188e-03
1.170882911708829160e-01,3.471565246582031250e-01
1.183881611838816100e-01,1.262950897216796875e-02
1.357864213578642010e-01,1.553627181053161621e+01
5.765914916992187500e-02,1.718044281005859375e-03
1.636630705437791544e-01,4.059553146362304688e-03
1.551225141824572606e-01,3.981113433837890625e-03
5.460453954604539417e-01,3.503828048706054688e-01
5.634436556344365465e-01,1.211214065551757812e-02
7.111288871112888543e-01,1.554461264610290527e+01
2.517223358154296875e-01,2.637863159179687500e-03
5.247109821274638097e-01,4.250526428222656250e-03
5.601568843873956371e-01,4.041194915771484375e-03
8.010198980101990163e-01,3.476736545562744141e-01
7.672232776722327507e-01,1.258087158203125000e-02
7.755224477552244977e-01,1.558117413520812988e+01
8.684120178222656250e-01,1.720190048217773438e-03
6.990594654604000979e-01,4.046916961669921875e-03
8.037071885633397805e-01,4.005670547485351562e-03
5.899410058994100300e-03,3.457713127136230469e-01
1.039896010398960041e-02,1.212239265441894531e-02
8.399160083991601133e-03,1.546661067008972168e+01
2.012252807617187500e-04,1.672506332397460938e-03
9.852701515807041344e-03,4.037618637084960938e-03
1.093165939249021550e-02,3.964424133300781250e-03
3.185681431856814405e-01,3.462924957275390625e-01
3.346665333466653514e-01,1.207494735717773438e-02
2.353764623537646372e-01,1.545664119720458984e+01
2.517223358154296875e-01,1.670837402343750000e-03
2.667310111087937141e-01,4.055738449096679688e-03
3.543836496326185359e-01,3.989219665527343750e-03
5.819418058194180537e-02,3.505966663360595703e-01
5.989401059894010337e-02,1.326632499694824219e-02
7.579242075792420874e-02,1.577842926979064941e+01
2.069473266601562500e-02,1.887798309326171875e-03
9.036212227377665718e-02,4.157304763793945312e-03
4.253165146265892871e-02,4.003763198852539062e-03
6.401359864013598244e-01,3.512146472930908203e-01
6.302369763023697447e-01,1.214480400085449219e-02
5.685431456854314058e-01,1.600338292121887207e+01
4.119014739990234375e-01,1.697301864624023438e-03
6.130148012315970174e-01,4.060506820678710938e-03
6.595419098904046207e-01,3.982305526733398438e-03
1.739826017398260205e-01,5.142543315887451172e-01
1.708829117088291050e-01,1.211953163146972656e-02
1.840815918408159058e-01,1.569396996498107910e+01
2.517223358154296875e-01,1.743316650390625000e-03
2.044953448696905651e-01,4.066944122314453125e-03
1.756429680712657815e-01,3.995895385742187500e-03
2.514748525147485481e-01,3.458828926086425781e-01
2.512748725127487148e-01,1.211905479431152344e-02
1.736826317368263262e-01,1.546121788024902344e+01
5.880985260009765625e-01,2.512216567993164062e-03
2.161945800895031522e-01,4.205703735351562500e-03
1.991918510352813088e-01,4.024744033813476562e-03
2.434756524347565232e-01,3.482298851013183594e-01
2.577742225777422402e-01,1.253199577331542969e-02
2.265773422657734182e-01,1.512053370475769043e+01
1.315879821777343750e-01,1.674890518188476562e-03
3.134171106487996794e-01,4.050254821777343750e-03
3.230462010261788697e-01,3.974676132202148438e-03
8.245175482451755355e-01,3.475468158721923828e-01
8.330166983301670047e-01,1.205873489379882812e-02
8.063193680631937088e-01,1.541781640052795410e+01
8.684120178222656250e-01,1.698255538940429688e-03
8.003318770167560103e-01,4.067659378051757812e-03
8.714799231911380950e-01,4.006624221801757812e-03
2.665733426657334038e-01,3.490641117095947266e-01
2.781721827817218440e-01,1.208877563476562500e-02
2.700729927007299302e-01,1.544587945938110352e+01
4.119014739990234375e-01,1.641511917114257812e-03
3.323650879394368651e-01,4.045486450195312500e-03
2.592781494295486322e-01,4.007101058959960938e-03
5.930406959304069803e-01,3.482134342193603516e-01
5.979402059794020063e-01,1.201510429382324219e-02
6.420357964203580181e-01,1.532701468467712402e+01
5.880985260009765625e-01,2.606153488159179688e-03
6.032710356700132781e-01,4.245519638061523438e-03
6.213014621898961254e-01,4.010438919067382812e-03
2.543745625437456304e-01,3.469262123107910156e-01
2.691730826917308472e-01,1.258826255798339844e-02
2.890710928907109234e-01,1.576067161560058594e+01
1.315879821777343750e-01,1.748085021972656250e-03
3.919754426052080576e-01,4.060506820678710938e-03
2.228992010594559314e-01,3.986120223999023438e-03
9.938006199380061689e-01,3.475582599639892578e-01
9.937006299370062523e-01,1.211357116699218750e-02
9.919008099190080863e-01,1.583385753631591797e+01
8.684120178222656250e-01,1.719951629638671875e-03
9.737915839611450686e-01,4.049301147460937500e-03
9.953496412486252387e-01,3.979444503784179688e-03
4.824517548245175758e-01,3.487682342529296875e-01
5.009499050094990968e-01,1.214909553527832031e-02
4.615538446155384444e-01,1.561010313034057617e+01
5.880985260009765625e-01,1.590013504028320312e-03
5.037186666669907220e-01,4.026651382446289062e-03
5.018593234860726504e-01,3.973960876464843750e-03
7.169283071692830189e-01,3.476257324218750000e-01
7.323267673232676245e-01,1.202750205993652344e-02
7.306269373062693750e-01,1.689863228797912598e+01
5.880985260009765625e-01,2.532958984375000000e-03
6.765018712239694310e-01,4.263162612915039062e-03
7.896661667015720809e-01,4.026651382446289062e-03
5.588441155884411593e-01,6.358382701873779297e-01
5.628437156284371579e-01,2.849841117858886719e-02
6.024397560243975880e-01,1.569166278839111328e+01
7.482776641845703125e-01,1.741886138916015625e-03
5.061464962249376809e-01,4.080772399902343750e-03
5.511589402160486095e-01,4.012107849121093750e-03
9.414058594140586322e-01,3.493723869323730469e-01
9.389061093890610499e-01,1.209950447082519531e-02
9.432056794320567983e-01,1.554712104797363281e+01
7.482776641845703125e-01,1.713991165161132812e-03
8.655487395776559900e-01,4.043817520141601562e-03
9.471232991972752258e-01,3.999710083007812500e-03
3.040695930406959180e-01,3.628263473510742188e-01
3.195680431956804401e-01,2.009129524230957031e-02
3.243675632436756051e-01,1.576772046089172363e+01
2.517223358154296875e-01,1.756429672241210938e-03
2.969126850117349559e-01,4.077911376953125000e-03
2.896958288426548789e-01,3.985404968261718750e-03
3.839616038396160419e-02,4.120101928710937500e-01
3.839616038396160419e-02,1.209306716918945312e-02
2.729727027297270195e-02,1.583060669898986816e+01
1.315879821777343750e-01,2.587080001831054688e-03
7.879266742038887328e-02,4.244327545166015625e-03
3.722988492193118198e-02,4.026174545288085938e-03
1.704829517048295218e-01,3.481478691101074219e-01
1.723827617238276044e-01,1.261973381042480469e-02
1.805819418058194070e-01,1.540562438964843750e+01
5.880985260009765625e-01,1.693725585937500000e-03
1.719442611180664326e-01,4.084348678588867188e-03
2.230358538194483486e-01,4.009723663330078125e-03
6.053394660533946148e-01,3.537385463714599609e-01
6.117388261173882791e-01,1.213383674621582031e-02
5.714428557144285437e-01,1.619534802436828613e+01
4.119014739990234375e-01,1.691579818725585938e-03
5.463873286018986475e-01,4.035711288452148438e-03
5.301518832065973408e-01,3.962516784667968750e-03
2.024797520247975102e-01,4.123985767364501953e-01
2.264773522647735293e-01,1.210808753967285156e-02
2.128787121287871176e-01,1.538681554794311523e+01
2.069473266601562500e-02,1.707792282104492188e-03
1.971375898005945926e-01,4.062175750732421875e-03
2.290219032571397806e-01,3.981351852416992188e-03
4.009599040095990219e-02,4.472713470458984375e-01
4.059594040595940201e-02,1.210975646972656250e-02
1.000899910008999083e-01,1.559921813011169434e+01
1.315879821777343750e-01,2.516269683837890625e-03
4.234330026735782376e-02,4.267454147338867188e-03
2.551287519445231619e-02,4.029512405395507812e-03
6.424357564243575736e-01,3.483672142028808594e-01
6.522347765223477367e-01,1.254916191101074219e-02
6.098390160983901964e-01,1.556879949569702148e+01
4.119014739990234375e-01,1.713991165161132812e-03
6.389565364323858132e-01,4.069089889526367188e-03
6.415434392309072864e-01,3.981828689575195312e-03
1.912808719128087087e-01,3.734977245330810547e-01
2.072792720727927307e-01,1.217174530029296875e-02
1.772822717728227138e-01,1.545803475379943848e+01
5.765914916992187500e-02,1.713037490844726562e-03
1.759751507783337554e-01,4.068851470947265625e-03
1.960064671232123468e-01,4.005670547485351562e-03
9.178082191780821963e-01,3.477747440338134766e-01
9.196080391960803624e-01,1.208877563476562500e-02
8.662133786621337705e-01,1.560158777236938477e+01
5.880985260009765625e-01,1.650333404541015625e-03
7.447103280690955396e-01,4.037857055664062500e-03
9.294119254535403440e-01,3.990411758422851562e-03
8.443155684431556951e-01,3.481559753417968750e-01
8.378162183781622252e-01,1.208114624023437500e-02
8.895110488951104566e-01,1.582336759567260742e+01
7.482776641845703125e-01,2.599954605102539062e-03
8.178721250718716806e-01,4.250049591064453125e-03
8.794106281074141052e-01,4.060506820678710938e-03
7.551244875512448385e-01,3.477060794830322266e-01
7.478252174782521466e-01,1.258921623229980469e-02
8.422157784221577792e-01,1.579705047607421875e+01
5.880985260009765625e-01,1.665115356445312500e-03
6.983598085381985676e-01,4.065513610839843750e-03
6.987085992683674807e-01,3.983736038208007812e-03
2.822717728227177036e-01,3.468060493469238281e-01
2.888711128887111457e-01,1.210832595825195312e-02
3.045695430456954456e-01,1.559759545326232910e+01
2.517223358154296875e-01,1.682043075561523438e-03
3.049186623753140091e-01,4.043817520141601562e-03
3.570471565555308757e-01,3.971815109252929688e-03
3.513648635136486509e-01,3.482944965362548828e-01
3.573642635736426487e-01,1.206541061401367188e-02
5.218478152184781171e-01,1.602998256683349609e+01
5.880985260009765625e-01,1.724243164062500000e-03
3.590941880888440796e-01,4.059791564941406250e-03
2.909424252125382138e-01,3.985643386840820312e-03
1.799820017998200183e-01,3.466377258300781250e-01
1.862813718628137105e-01,1.207947731018066406e-02
1.912808719128087087e-01,1.579523515701293945e+01
7.482776641845703125e-01,2.663373947143554688e-03
2.458169770543771060e-01,4.283189773559570312e-03
1.430356953661028885e-01,4.022598266601562500e-03
8.150184981501850112e-01,3.467154502868652344e-01
8.289171082891710896e-01,1.261925697326660156e-02
8.521147885211478590e-01,1.555612683296203613e+01
7.482776641845703125e-01,1.688003540039062500e-03
7.712383646160759776e-01,4.086017608642578125e-03
8.357948303629814113e-01,3.978013992309570312e-03
3.945605439456054131e-01,3.478348255157470703e-01
3.884611538846115542e-01,1.210451126098632812e-02
5.391460853914608053e-01,1.540886998176574707e+01
4.119014739990234375e-01,1.661062240600585938e-03
3.785053777570249744e-01,4.026651382446289062e-03
3.692193944182381449e-01,3.989458084106445312e-03
9.247075292470753327e-01,3.447177410125732422e-01
9.177082291770822797e-01,1.207542419433593750e-02
9.271072892710728874e-01,1.557088255882263184e+01
8.684120178222656250e-01,1.638412475585937500e-03
8.878549093448333540e-01,4.029989242553710938e-03
8.994813465093154381e-01,3.972053527832031250e-03
3.739626037396260455e-02,4.489648342132568359e-01
3.899610038996100675e-02,1.206111907958984375e-02
7.749225077492251368e-02,1.524951028823852539e+01
5.880985260009765625e-01,2.611875534057617188e-03
4.011987185644783072e-01,4.249572753906250000e-03
3.688728441545389286e-02,4.007816314697265625e-03
4.115588441155884625e-01,4.811124801635742188e-01
4.199580041995800150e-01,1.259589195251464844e-02
4.033596640335966321e-01,1.503755998611450195e+01
2.517223358154296875e-01,1.742839813232421875e-03
4.321994412321615853e-01,4.081964492797851562e-03
3.460093561144520491e-01,3.984451293945312500e-03
9.019098090190981465e-02,3.460502624511718750e-01
8.759124087591241281e-02,1.212501525878906250e-02
9.769023097690231194e-02,1.414348387718200684e+01
7.482776641845703125e-01,1.730680465698242188e-03
1.664553630421438668e-01,4.070043563842773438e-03
7.064074884099609541e-02,3.977537155151367188e-03
3.629637036296370356e-01,3.472187519073486328e-01
3.599640035996400367e-01,1.211500167846679688e-02
4.482551744825517548e-01,1.542091274261474609e+01
1.315879821777343750e-01,1.695156097412109375e-03
3.864334083905966444e-01,4.078865051269531250e-03
3.653278319957741771e-01,3.986358642578125000e-03
5.549445055494450774e-02,3.490989208221435547e-01
5.939406059394060355e-02,1.208686828613281250e-02
5.519448055194480646e-02,1.597456240653991699e+01
5.765914916992187500e-02,2.655506134033203125e-03
1.002375581340096966e-01,4.246473312377929688e-03
8.800290451128239821e-02,4.017353057861328125e-03
7.025297470252974685e-01,3.491759300231933594e-01
7.018298170182981632e-01,1.258516311645507812e-02
8.213178682131786479e-01,1.564389061927795410e+01
2.517223358154296875e-01,1.677513122558593750e-03
6.894820877406493409e-01,4.069089889526367188e-03
6.387689407663692531e-01,3.981113433837890625e-03
2.237776222377762247e-01,3.469548225402832031e-01
2.295770422957704171e-01,1.207399368286132812e-02
1.605839416058394142e-01,1.533707475662231445e+01
2.517223358154296875e-01,1.640796661376953125e-03
2.400085006768760132e-01,4.030942916870117188e-03
2.561416848326472095e-01,3.961801528930664062e-03
1.719828017198280282e-02,3.476281166076660156e-01
2.069793020697930155e-02,1.217365264892578125e-02
1.969803019698030191e-02,1.540973281860351562e+01
1.315879821777343750e-01,1.609563827514648438e-03
1.877234989195700199e-01,4.017353057861328125e-03
7.978550927421747957e-03,3.969192504882812500e-03
8.899110088991101231e-01,3.486595153808593750e-01
8.805119488051195153e-01,1.199960708618164062e-02
9.041095890410958402e-01,1.544580149650573730e+01
5.880985260009765625e-01,2.495288848876953125e-03
8.836784898601719451e-01,4.228115081787109375e-03
8.945899074952692320e-01,3.998517990112304688e-03
3.987601239876012449e-01,3.493669033050537109e-01
4.003599640035996332e-01,1.253890991210937500e-02
4.369563043695630644e-01,1.482970428466796875e+01
5.765914916992187500e-02,1.697063446044921875e-03
4.277200096278203079e-01,4.058361053466796875e-03
3.879022140111539896e-01,3.967046737670898438e-03
6.759324067593240892e-01,3.463230133056640625e-01
6.683331666833316476e-01,1.209354400634765625e-02
6.555344465553444300e-01,1.547934079170227051e+01
7.482776641845703125e-01,1.641750335693359375e-03
7.076263461658840459e-01,4.066705703735351562e-03
6.913210922661381375e-01,3.964185714721679688e-03
8.112188781121887349e-01,3.492581844329833984e-01
8.280171982801719510e-01,1.206016540527343750e-02
7.516248375162484230e-01,1.573517465591430664e+01
2.517223358154296875e-01,1.733779907226562500e-03
8.422281195431704504e-01,4.082441329956054688e-03
8.156103232286195936e-01,3.998994827270507812e-03
3.666633336666333398e-01,3.481600284576416016e-01
3.713628637136286437e-01,1.209592819213867188e-02
1.543845615438456109e-01,1.531739878654479980e+01
4.119014739990234375e-01,2.538204193115234375e-03
3.881459375233354825e-01,4.200696945190429688e-03
2.967047067347811651e-01,3.992557525634765625e-03
4.729527047295270514e-02,3.468315601348876953e-01
5.589441055894410482e-02,1.256322860717773438e-02
5.329467053294670298e-02,1.588611721992492676e+01
2.069473266601562500e-02,1.709938049316406250e-03
6.865855513622452777e-02,4.082918167114257812e-03
7.522688965967526398e-02,3.997325897216796875e-03
6.371362863713628810e-01,3.499391078948974609e-01
6.375362463753624365e-01,1.214671134948730469e-02
5.520447955204479396e-01,1.560094189643859863e+01
4.119014739990234375e-01,1.718282699584960938e-03
6.224655739070135141e-01,4.084110260009765625e-03
5.967585388659765178e-01,4.003763198852539062e-03
8.822117788221177648e-01,3.492248058319091797e-01
8.758124187581242115e-01,1.210808753967285156e-02
8.891110888911109011e-01,1.578820896148681641e+01
9.423408508300781250e-01,1.693725585937500000e-03
8.340034173950590102e-01,4.045009613037109375e-03
9.098158309176838099e-01,3.993272781372070312e-03
9.438056194380561870e-01,4.522356986999511719e-01
9.399060093990601050e-01,2.916121482849121094e-02
8.940105989401060382e-01,1.581466364860534668e+01
2.517223358154296875e-01,1.824140548706054688e-03
9.381388846937120940e-01,4.104375839233398438e-03
9.601734126016922000e-01,3.987073898315429688e-03
2.834716528347165365e-01,3.487048149108886719e-01
2.931706829317068386e-01,1.212000846862792969e-02
3.324667533246675188e-01,1.549602818489074707e+01
2.069473266601562500e-02,1.601934432983398438e-03
2.576594432589869865e-01,4.044055938720703125e-03
3.041611192977037859e-01,3.993511199951171875e-03
3.084691530846915275e-01,3.464612960815429688e-01
3.150684931506849140e-01,1.202917098999023438e-02
7.304269573042695418e-01,1.574639034271240234e+01
2.517223358154296875e-01,1.631498336791992188e-03
3.721065689373757035e-01,4.024028778076171875e-03
2.363796674350839289e-01,3.991603851318359375e-03
4.999500049995000365e-04,3.459901809692382812e-01
3.999600039996000617e-04,1.201939582824707031e-02
3.629637036296370217e-02,1.536471581459045410e+01
2.069473266601562500e-02,2.617597579956054688e-03
4.392414618538191019e-03,4.218578338623046875e-03
3.325132619956798746e-03,4.026651382446289062e-03
1.169883011698830133e-02,3.460574150085449219e-01
1.529847015298470107e-02,1.260852813720703125e-02
6.699330066993300532e-03,1.552037334442138672e+01
2.069473266601562500e-02,1.709222793579101562e-03
1.100302131702215157e-02,4.079818725585937500e-03
2.375037079681998828e-02,3.986835479736328125e-03
2.002799720027997332e-01,3.478658199310302734e-01
2.005799420057994276e-01,1.212668418884277344e-02
2.963703629637036152e-01,1.554527807235717773e+01
5.880985260009765625e-01,1.722097396850585938e-03
3.374640761203452355e-01,4.079818725585937500e-03
1.814123469840513425e-01,3.995418548583984375e-03
5.472452754724527191e-01,3.472599983215332031e-01
5.513448655134486343e-01,1.210021972656250000e-02
9.295070492950704422e-01,1.508343935012817383e+01
8.684120178222656250e-01,1.624345779418945312e-03
5.532069366889396100e-01,4.027128219604492188e-03
5.368670583770058791e-01,3.991842269897460938e-03
6.479352064793521271e-02,5.085453987121582031e-01
5.549445055494450774e-02,1.202702522277832031e-02
1.299870012998700086e-01,1.542696261405944824e+01
5.880985260009765625e-01,2.535343170166015625e-03
1.255474638146242272e-01,4.215478897094726562e-03
5.632738235124540999e-02,4.004001617431640625e-03
6.251374862513748853e-01,3.474340438842773438e-01
6.278372162783721899e-01,1.254987716674804688e-02
7.436256374362564259e-01,1.475591802597045898e+01
2.517223358154296875e-01,1.638889312744140625e-03
6.014775607843393379e-01,4.043579101562500000e-03
6.108887158098199599e-01,3.983259201049804688e-03
3.968603139686031622e-01,3.486020565032958984e-01
4.233576642335766249e-01,1.207780838012695312e-02
3.843615638436156390e-01,1.590176224708557129e+01
2.517223358154296875e-01,1.681327819824218750e-03
4.669618856332707346e-01,4.041433334350585938e-03
3.496905308168212212e-01,3.974914550781250000e-03
6.362363763623637425e-01,3.859169483184814453e-01
6.221377862213778309e-01,1.209664344787597656e-02
3.011698830116988357e-01,1.616293716430664062e+01
7.482776641845703125e-01,1.625299453735351562e-03
5.329560603039897870e-01,4.022598266601562500e-03
6.804304024153169372e-01,3.978967666625976562e-03
3.429657034296570428e-01,3.471097946166992188e-01
3.525647435256474282e-01,1.205873489379882812e-02
3.889611038896110401e-02,1.607390904426574707e+01
1.315879821777343750e-01,2.558708190917968750e-03
4.658080293555592610e-01,4.228115081787109375e-03
3.878693401520310613e-01,4.005908966064453125e-03
1.110888911108889043e-01,3.478107452392578125e-01
1.088891110888911135e-01,1.259422302246093750e-02
4.199580041995800567e-02,1.625293374061584473e+01
4.119014739990234375e-01,1.712322235107421875e-03
1.938161202927436988e-01,4.079103469848632812e-03
1.341155329891413617e-01,3.969430923461914062e-03
6.126387361263873066e-01,5.001571178436279297e-01
6.030396960303969767e-01,2.006459236145019531e-02
4.018598140185981604e-01,1.569037723541259766e+01
7.482776641845703125e-01,1.664400100708007812e-03
6.199751344156007038e-01,1.204037666320800781e-02
6.341548702269523830e-01,3.995180130004882812e-03
6.082391760823917526e-01,3.920238018035888672e-01
6.104389561043895851e-01,1.210093498229980469e-02
3.526647335266473449e-01,1.539426088333129883e+01
4.119014739990234375e-01,1.760721206665039062e-03
5.506025570531626334e-01,4.029989242553710938e-03
5.964981579382380161e-01,4.024982452392578125e-03
4.805519448055194376e-01,3.461861610412597656e-01
4.908509149085091283e-01,1.203870773315429688e-02
5.264473552644735044e-01,1.491873669624328613e+01
4.119014739990234375e-01,2.519130706787109375e-03
5.396608671245431976e-01,4.182577133178710938e-03
4.700842892305184817e-01,4.009485244750976562e-03
5.889411058894110651e-01,3.468286991119384766e-01
5.946405359464053131e-01,1.254153251647949219e-02
2.499750024997500208e-01,1.539835929870605469e+01
1.315879821777343750e-01,1.624584197998046875e-03
5.551315858072761733e-01,4.043340682983398438e-03
6.269023846487395968e-01,3.997564315795898438e-03
9.114088591140886431e-01,3.455038070678710938e-01
9.017098290170982855e-01,1.204800605773925781e-02
6.091390860913908911e-01,1.545089554786682129e+01
8.684120178222656250e-01,1.668691635131835938e-03
8.479849518112202444e-01,4.017591476440429688e-03
8.917446671087718713e-01,3.999948501586914062e-03
3.931606839316068580e-01,3.460807800292968750e-01
4.009599040095990219e-01,1.207828521728515625e-02
6.569343065693430406e-01,1.534536910057067871e+01
1.315879821777343750e-01,1.706123352050781250e-03
3.841928813473758919e-01,4.080057144165039062e-03
4.249788611770157765e-01,4.012346267700195312e-03
8.426157384261573347e-01,3.480076789855957031e-01
8.414158584141585573e-01,1.207470893859863281e-02
7.101289871012899102e-01,1.567576718330383301e+01
4.119014739990234375e-01,2.529859542846679688e-03
7.747127765180237269e-01,4.226684570312500000e-03
8.512010255918665003e-01,4.036188125610351562e-03
8.855114488551144580e-01,3.482520580291748047e-01
8.794120587941205436e-01,1.256370544433593750e-02
9.442055794420557424e-01,1.554675030708312988e+01
7.482776641845703125e-01,1.586914062500000000e-03
6.152149946853048279e-01,4.033327102661132812e-03
9.029023757768193104e-01,3.986597061157226562e-03
4.932506749325067386e-01,3.471608161926269531e-01
5.250474952504750048e-01,1.206135749816894531e-02
4.372562743725627588e-01,1.543152070045471191e+01
2.069473266601562500e-02,1.703977584838867188e-03
4.982434014713377768e-01,4.068613052368164062e-03
5.170031140133103387e-01,3.972291946411132812e-03
3.963603639636036347e-01,3.478593826293945312e-01
3.858614138586141662e-01,1.212692260742187500e-02
3.454654534546545142e-01,1.475644302368164062e+01
2.517223358154296875e-01,1.726150512695312500e-03
4.331395575066527837e-01,4.060506820678710938e-03
4.213544499224260442e-01,4.009008407592773438e-03
7.343265673432656238e-01,3.482327461242675781e-01
7.331266873312668464e-01,1.209664344787597656e-02
7.046295370462953844e-01,1.512021636962890625e+01
4.119014739990234375e-01,2.608299255371093750e-03
6.344068225589449828e-01,4.275321960449218750e-03
7.172417417414154173e-01,4.044055938720703125e-03
1.325867413258674243e-01,3.476567268371582031e-01
1.405859414058594214e-01,1.261401176452636719e-02
9.989001099890011670e-02,1.535212063789367676e+01
2.517223358154296875e-01,1.734256744384765625e-03
1.450264848773542004e-01,4.065036773681640625e-03
1.239381826496192551e-01,3.997325897216796875e-03
8.740125987401259344e-01,3.467471599578857422e-01
8.762123787621237669e-01,1.210713386535644531e-02
3.117688231176882208e-01,1.548697996139526367e+01
9.793052673339843750e-01,1.708030700683593750e-03
6.895493167280817293e-01,4.061460494995117188e-03
8.501946622108799145e-01,4.002094268798828125e-03
3.869613038696130269e-01,3.475124835968017578e-01
3.912608739126087198e-01,1.213669776916503906e-02
1.186881311868813182e-01,1.514999842643737793e+01
7.482776641845703125e-01,1.708269119262695312e-03
3.919501289233168206e-01,4.072904586791992188e-03
3.178758134098392252e-01,3.997087478637695312e-03
2.999700029997000327e-04,3.457639217376708984e-01
2.999700029997000327e-04,1.204681396484375000e-02
5.819418058194180537e-02,1.516618728637695312e+01
1.288414001464843750e-03,2.508401870727539062e-03
2.033228960911919181e-01,4.208564758300781250e-03
2.960953477770835156e-04,4.022598266601562500e-03
7.657234276572342235e-01,3.485460281372070312e-01
7.535246475352465056e-01,1.250886917114257812e-02
8.394160583941605580e-01,1.623562669754028320e+01
7.482776641845703125e-01,1.642227172851562500e-03
6.753225970593498273e-01,4.027843475341796875e-03
8.015560247235442581e-01,3.971576690673828125e-03
9.533046695330467113e-01,4.497320652008056641e-01
9.560043995600440159e-01,2.005982398986816406e-02
8.590140985901409953e-01,1.547882056236267090e+01
2.517223358154296875e-01,1.623153686523437500e-03
7.810683162284699499e-01,4.057884216308593750e-03
9.587802291199444271e-01,4.001140594482421875e-03
8.926107389261074276e-01,3.461694717407226562e-01
8.888111188881111513e-01,1.202869415283203125e-02
9.126087391260874204e-01,1.526118206977844238e+01
7.482776641845703125e-01,1.621961593627929688e-03
8.651658094057826931e-01,4.012107849121093750e-03
9.083577065283345853e-01,3.978967666625976562e-03
9.116088391160883653e-01,3.475453853607177734e-01
9.187081291870813349e-01,1.205706596374511719e-02
5.500449955004499403e-01,1.525944590568542480e+01
2.517223358154296875e-01,2.622365951538085938e-03
8.605438663809331645e-01,4.236698150634765625e-03
9.388697057279672409e-01,4.025936126708984375e-03
5.225477452254774224e-01,3.493387699127197266e-01
5.547445255474452441e-01,1.264142990112304688e-02
2.717728227177282352e-01,1.530872821807861328e+01
4.119014739990234375e-01,1.719951629638671875e-03
5.211511402031898665e-01,4.054307937622070312e-03
5.633733124335713605e-01,3.986597061157226562e-03
4.930506949305069608e-01,3.483238220214843750e-01
5.124487551244875094e-01,1.210856437683105469e-02
8.731126887311269069e-01,1.550884962081909180e+01
5.880985260009765625e-01,1.719236373901367188e-03
5.043184909373900071e-01,4.062891006469726562e-03
4.965829916784499920e-01,3.972530364990234375e-03
1.101889811018898074e-01,3.476042747497558594e-01
1.091890810918908078e-01,1.212167739868164062e-02
8.809119088091191263e-02,1.532245445251464844e+01
1.315879821777343750e-01,1.640081405639648438e-03
2.061138005805608908e-01,4.047155380249023438e-03
9.141755889121505607e-02,3.985643386840820312e-03
2.154784521547845333e-01,3.476593494415283203e-01
2.226777322267773085e-01,1.207232475280761719e-02
1.389861013898610054e-01,1.530312108993530273e+01
4.119014739990234375e-01,2.548217773437500000e-03
3.036773769561009750e-01,4.226684570312500000e-03
2.422017121081084245e-01,4.021644592285156250e-03
9.609039096090390975e-02,3.479149341583251953e-01
1.016898310168983105e-01,1.252818107604980469e-02
5.499450054994500792e-02,1.553499364852905273e+01
2.517223358154296875e-01,1.704216003417968750e-03
2.267979010497708781e-01,4.061222076416015625e-03
9.185561887738441511e-02,3.981113433837890625e-03
9.917008299170082530e-01,3.481216430664062500e-01
9.895010498950105315e-01,1.208996772766113281e-02
7.171282871712828522e-01,1.567591857910156250e+01
9.793052673339843750e-01,1.629352569580078125e-03
7.734792206405575188e-01,4.007816314697265625e-03
9.892815635011553699e-01,4.001140594482421875e-03
3.518648135186481229e-01,3.471286296844482422e-01
3.530646935306469558e-01,1.207494735717773438e-02
3.306669333066693528e-01,1.551568412780761719e+01
4.119014739990234375e-01,1.636266708374023438e-03
4.255997024030575004e-01,4.055023193359375000e-03
3.472137377894903842e-01,3.993272781372070312e-03
1.597840215978402201e-01,3.502128124237060547e-01
1.671832816718328285e-01,1.329708099365234375e-02
4.148585141485851557e-01,1.603979825973510742e+01
4.119014739990234375e-01,1.822233200073242188e-03
4.221830787848748212e-01,4.133701324462890625e-03
1.758592395630353966e-01,4.004478454589843750e-03
2.640735926407359324e-01,3.464362621307373047e-01
2.679732026797320144e-01,1.211309432983398438e-02
2.050794920507949259e-01,1.618084144592285156e+01
5.880985260009765625e-01,1.732349395751953125e-03
4.279217010771625418e-01,4.071474075317382812e-03
2.507118203432561199e-01,3.963470458984375000e-03
5.904409559044095923e-01,3.469719886779785156e-01
6.174382561743825271e-01,1.211595535278320312e-02
5.596440355964403812e-01,1.542617201805114746e+01
7.482776641845703125e-01,1.725435256958007812e-03
5.914352119831016719e-01,4.057168960571289062e-03
6.200007883454723423e-01,4.002332687377929688e-03
4.799520047995200524e-03,3.624293804168701172e-01
5.599440055994400756e-03,2.020955085754394531e-02
4.399560043995600842e-03,1.561935567855834961e+01
2.069473266601562500e-02,2.603530883789062500e-03
7.742416957516035439e-03,4.229784011840820312e-03
3.209446451530729386e-03,4.044771194458007812e-03
9.232076792320768055e-01,3.741493225097656250e-01
9.236076392360763609e-01,1.281166076660156250e-02
8.435156484351564732e-01,1.547211623191833496e+01
7.482776641845703125e-01,1.720428466796875000e-03
7.965306282362085710e-01,4.074811935424804688e-03
9.453976948969652350e-01,3.987312316894531250e-03
8.822117788221177648e-01,3.479461669921875000e-01
8.948105189481051491e-01,1.211953163146972656e-02
9.181081891810819462e-01,1.520347762107849121e+01
2.517223358154296875e-01,1.647949218750000000e-03
8.069048365257385225e-01,4.026412963867187500e-03
8.642358944399357590e-01,3.983020782470703125e-03
2.898710128987101453e-01,3.459146022796630859e-01
3.069693030696930558e-01,1.204633712768554688e-02
4.724527547245275239e-01,1.557502889633178711e+01
2.517223358154296875e-01,1.670837402343750000e-03
4.551860274865443534e-01,4.031181335449218750e-03
3.038520518703837769e-01,3.964185714721679688e-03
3.309669033096690471e-01,3.471384048461914062e-01
3.510648935106489565e-01,1.203632354736328125e-02
4.689531046895310529e-01,1.589793562889099121e+01
1.315879821777343750e-01,2.493858337402343750e-03
3.655961610703220011e-01,4.199266433715820312e-03
3.091529304579591075e-01,3.993749618530273438e-03
6.299370062993700503e-02,3.480195999145507812e-01
6.679332066793321199e-02,1.251816749572753906e-02
8.339166083391660877e-02,1.508137631416320801e+01
5.765914916992187500e-02,1.951694488525390625e-03
1.812322454063018395e-01,4.136085510253906250e-03
5.371020166662308915e-02,4.025220870971679688e-03
9.810018998100189513e-01,3.600304126739501953e-01
9.825017498250174786e-01,1.222872734069824219e-02
8.195180481951804818e-01,1.547117304801940918e+01
9.423408508300781250e-01,1.635789871215820312e-03
9.553114329814923478e-01,4.029750823974609375e-03
9.883094452358390791e-01,3.948688507080078125e-03
3.432656734326567372e-01,3.470406532287597656e-01
3.557644235576442604e-01,1.209664344787597656e-02
4.026597340265973268e-01,1.586107563972473145e+01
7.482776641845703125e-01,1.691818237304687500e-03
3.884951979615273165e-01,4.078388214111328125e-03
3.339802944721190769e-01,3.999948501586914062e-03
1.187881211878812071e-01,3.498239517211914062e-01
1.267873212678732042e-01,1.217174530029296875e-02
1.688831116888311057e-01,1.538816714286804199e+01
4.119014739990234375e-01,2.534627914428710938e-03
2.372351361852376161e-01,4.222869873046875000e-03
1.416036470443357009e-01,4.013299942016601562e-03
4.184581541845815433e-01,3.482794761657714844e-01
4.378562143785621474e-01,1.256513595581054688e-02
3.209679032096790507e-01,1.521462726593017578e+01
4.119014739990234375e-01,2.477407455444335938e-03
4.630849446970877192e-01,4.217147827148437500e-03
4.380293409293414819e-01,4.029035568237304688e-03
8.782121787821217662e-01,4.972679615020751953e-01
8.758124187581242115e-01,2.066636085510253906e-02
5.946405359464053131e-01,1.492823386192321777e+01
7.482776641845703125e-01,2.660512924194335938e-03
8.267037725249102298e-01,4.238367080688476562e-03
8.674144057742269043e-01,4.045248031616210938e-03
1.416858314168583100e-01,3.499951362609863281e-01
1.489851014898510018e-01,1.261758804321289062e-02
5.084491550844915109e-01,1.517878556251525879e+01
1.315879821777343750e-01,1.653194427490234375e-03
1.622077975646535331e-01,1.205754280090332031e-02
1.321842845971300529e-01,3.991127014160156250e-03
2.189781021897810320e-02,4.018847942352294922e-01
2.499750024997500139e-02,1.207995414733886719e-02
3.509649035096490399e-02,1.629242563247680664e+01
1.315879821777343750e-01,2.622842788696289062e-03
2.087212169051422261e-02,4.235267639160156250e-03
2.053688438918277806e-02,4.029512405395507812e-03
9.552044795520447940e-01,3.495991230010986328e-01
9.564043595640435713e-01,1.260328292846679688e-02
8.837116288371162920e-01,1.578336858749389648e+01
5.880985260009765625e-01,1.753330230712890625e-03
9.279207520741183934e-01,4.085063934326171875e-03
9.343823296226498876e-01,3.996372222900390625e-03
7.578242175782421430e-01,3.500509262084960938e-01
7.360263973602639842e-01,1.212763786315917969e-02
3.659634036596340345e-01,1.507404994964599609e+01
4.119014739990234375e-01,1.705884933471679688e-03
7.079686851371851386e-01,4.046440124511718750e-03
7.006314349253992546e-01,3.985881805419921875e-03
5.651434856514349070e-01,3.470993041992187500e-01
5.523447655234476894e-01,1.212549209594726562e-02
8.104189581041896240e-01,1.517849206924438477e+01
4.119014739990234375e-01,1.589059829711914062e-03
5.092430593513772585e-01,4.026412963867187500e-03
5.084973878326596308e-01,3.978490829467773438e-03
7.528247175282472003e-01,3.477218151092529297e-01
7.624237576242375303e-01,1.203107833862304688e-02
4.165583441655834607e-01,1.416265654563903809e+01
7.482776641845703125e-01,2.466201782226562500e-03
7.536861078439049955e-01,4.204273223876953125e-03
7.764164023639109624e-01,3.987550735473632812e-03
1.106889311068893073e-01,3.806002140045166016e-01
1.148885111488851113e-01,1.296997070312500000e-02
1.026897310268973101e-01,1.549282431602478027e+01
2.517223358154296875e-01,1.600980758666992188e-03
1.299319605288725699e-01,4.006147384643554688e-03
1.413434213454768384e-01,3.979682922363281250e-03
7.098290170982901603e-01,3.483557701110839844e-01
6.967303269673033039e-01,1.205968856811523438e-02
2.982701729827017534e-01,1.616723608970642090e+01
5.880985260009765625e-01,1.727581024169921875e-03
6.743820140960622433e-01,4.056692123413085938e-03
7.489393442164544723e-01,4.005670547485351562e-03
6.520347965203480145e-01,3.468835353851318359e-01
6.440355964403560174e-01,1.212024688720703125e-02
6.318368163183681885e-01,1.499477648735046387e+01
8.684120178222656250e-01,1.724243164062500000e-03
6.377840617480550200e-01,4.040002822875976562e-03
6.410794670288419983e-01,4.020452499389648438e-03
5.963403659634036735e-01,3.483347892761230469e-01
6.006399360063993109e-01,1.208949089050292969e-02
2.301769823017698335e-01,1.517113733291625977e+01
7.482776641845703125e-01,2.583742141723632812e-03
5.158313556311575621e-01,4.245519638061523438e-03
6.397713453802666983e-01,4.029989242553710938e-03
7.546245375462453664e-01,4.625418186187744141e-01
7.508249175082492011e-01,2.852821350097656250e-02
8.446155384461553339e-01,1.689288711547851562e+01
4.119014739990234375e-01,1.674413681030273438e-03
6.815605822903070266e-01,4.074335098266601562e-03
7.329840265833791335e-01,3.973007202148437500e-03
7.733226677332266652e-01,3.476634025573730469e-01
7.862213778622137994e-01,1.207065582275390625e-02
9.527047295270473226e-01,1.554754114151000977e+01
1.315879821777343750e-01,1.706361770629882812e-03
7.340855196169945307e-01,4.052400588989257812e-03
7.888047440000479638e-01,3.981590270996093750e-03
4.829517048295170478e-01,3.478312492370605469e-01
4.568543145685431406e-01,1.206231117248535156e-02
5.464453554644536082e-01,1.562830829620361328e+01
8.684120178222656250e-01,1.598119735717773438e-03
4.911592362448642390e-01,4.033565521240234375e-03
5.128743769917686324e-01,3.974914550781250000e-03
5.235476452354764776e-01,3.476238250732421875e-01
5.254474552544745602e-01,1.203250885009765625e-02
2.945705429457054492e-01,1.534403562545776367e+01
4.119014739990234375e-01,2.581834793090820312e-03
5.363069736957754019e-01,4.193782806396484375e-03
4.445781739740690131e-01,4.028081893920898438e-03
2.650734926507349321e-01,3.470363616943359375e-01
2.977702229777022258e-01,1.257872581481933594e-02
1.420857914208579209e-01,1.580620789527893066e+01
5.765914916992187500e-02,1.714229583740234375e-03
2.714775123619995179e-01,4.074096679687500000e-03
2.312664333207501977e-01,3.987312316894531250e-03
6.631336866313368716e-01,3.495340347290039062e-01
6.724327567243275627e-01,1.210284233093261719e-02
7.108289171082892155e-01,1.536939978599548340e+01
4.119014739990234375e-01,1.670837402343750000e-03
6.850200672057045193e-01,4.044771194458007812e-03
7.599812005382385882e-01,3.998279571533203125e-03
3.072692730726927501e-01,3.513793945312500000e-01
2.965703429657034484e-01,1.219296455383300781e-02
3.747625237476252535e-01,1.486390399932861328e+01
2.517223358154296875e-01,1.661300659179687500e-03
2.528630809968130944e-01,4.049777984619140625e-03
3.270692110859578783e-01,3.999471664428710938e-03
3.572642735726427321e-01,3.497755527496337891e-01
3.659634036596340345e-01,1.207494735717773438e-02
1.343865613438656181e-01,1.567290568351745605e+01
1.315879821777343750e-01,2.552509307861328125e-03
4.025223265553496965e-01,4.204988479614257812e-03
3.338698130075059556e-01,4.030704498291015625e-03
5.086491350864913441e-01,4.215276241302490234e-01
5.064493550644935116e-01,1.255726814270019531e-02
5.862413758624137605e-01,1.543792796134948730e+01
4.119014739990234375e-01,1.713037490844726562e-03
5.110595366886796498e-01,4.056930541992187500e-03
5.114837209239115889e-01,3.992795944213867188e-03
3.611638836116388140e-01,3.920519351959228516e-01
3.831616838316168616e-01,1.216983795166015625e-02
6.120387961203879179e-01,1.675509619712829590e+01
1.315879821777343750e-01,1.608610153198242188e-03
3.571075362422561628e-01,4.024505615234375000e-03
3.081982864188941296e-01,3.947496414184570312e-03
6.059394060593941145e-01,3.487360477447509766e-01
6.034396560343965321e-01,1.204967498779296875e-02
4.994500549945005696e-01,1.552249240875244141e+01
7.482776641845703125e-01,1.654386520385742188e-03
5.676188587285757592e-01,4.045724868774414062e-03
6.507318061857571001e-01,3.974199295043945312e-03
9.507049295070493233e-01,3.477857112884521484e-01
9.435056494350565481e-01,1.208782196044921875e-02
9.479052094790521021e-01,1.547325944900512695e+01
5.880985260009765625e-01,2.439737319946289062e-03
8.865986435014515665e-01,4.193782806396484375e-03
9.562971164145701586e-01,4.040241241455078125e-03
6.394360563943605191e-01,3.483364582061767578e-01
6.663333666633336483e-01,1.264905929565429688e-02
2.868713128687131464e-01,1.561730074882507324e+01
2.517223358154296875e-01,1.678228378295898438e-03
6.384429722525771789e-01,4.052877426147460938e-03
6.679635754690993465e-01,4.002094268798828125e-03
8.789121087891210715e-01,3.473076820373535156e-01
8.795120487951204602e-01,1.209950447082519531e-02
7.919208079192080474e-01,1.539400124549865723e+01
4.119014739990234375e-01,1.623630523681640625e-03
8.687448373609918395e-01,4.029035568237304688e-03
9.172551340791911256e-01,3.974199295043945312e-03
6.793320667933206991e-01,3.477160930633544922e-01
6.765323467653234779e-01,1.207876205444335938e-02
8.532146785321468307e-01,1.555893421173095703e+01
2.517223358154296875e-01,1.624345779418945312e-03
6.368948435510309869e-01,4.017353057861328125e-03
6.683204088197877146e-01,3.974199295043945312e-03
9.479052094790521021e-01,5.499234199523925781e-01
9.441055894410559368e-01,1.206064224243164062e-02
9.503049695030496569e-01,1.543832302093505859e+01
7.482776641845703125e-01,2.624750137329101562e-03
9.426589847105000253e-01,4.261016845703125000e-03
9.523192383479186507e-01,4.046678543090820312e-03
4.623537646235376664e-01,3.485400676727294922e-01
4.777522247775222719e-01,1.259469985961914062e-02
6.865313468653134743e-01,1.783024740219116211e+01
1.315879821777343750e-01,1.933574676513671875e-03
4.456500676133613448e-01,4.094123840332031250e-03
4.363633816332712634e-01,3.987312316894531250e-03
5.554444555544445494e-01,3.495874404907226562e-01
5.541445855414458554e-01,1.215887069702148438e-02
4.979502049795020424e-01,1.570188784599304199e+01
1.315879821777343750e-01,1.710414886474609375e-03
5.437637214835289168e-01,4.032611846923828125e-03
5.250183826314462898e-01,3.991842269897460938e-03
7.060293970602939950e-01,3.450598716735839844e-01
7.086291370862913830e-01,1.212239265441894531e-02
5.101489851014898713e-01,1.568464565277099609e+01
7.482776641845703125e-01,1.708984375000000000e-03
6.274655468543248737e-01,4.073858261108398438e-03
7.217093587309779679e-01,4.005432128906250000e-03
5.569443055694430628e-02,3.941018581390380859e-01
6.269373062693731069e-02,1.210308074951171875e-02
4.123587641235876289e-01,1.623100733757019043e+01
5.908966064453125000e-03,2.522945404052734375e-03
4.091176065618554181e-01,4.172563552856445312e-03
3.889109254153153006e-02,4.010438919067382812e-03
5.233476652334766444e-01,3.474590778350830078e-01
5.385461453854614167e-01,1.258921623229980469e-02
6.144385561443855837e-01,1.532277989387512207e+01
4.119014739990234375e-01,2.467155456542968750e-03
4.742554922137428575e-01,4.193782806396484375e-03
4.918604154774319226e-01,4.033565521240234375e-03
1.888811118888111262e-01,3.483071327209472656e-01
1.989801019898010115e-01,1.253461837768554688e-02
6.909309069093090561e-02,1.500151920318603516e+01
1.315879821777343750e-01,2.476692199707031250e-03
2.192523635699606399e-01,4.213571548461914062e-03
1.495465116489493873e-01,4.032135009765625000e-03
6.024397560243975880e-01,3.527975082397460938e-01
6.222377762223777475e-01,1.249361038208007812e-02
6.831316868313168644e-01,1.540321087837219238e+01
4.119014739990234375e-01,1.620292663574218750e-03
6.513267807353215755e-01,4.028558731079101562e-03
6.254205025322799871e-01,4.007339477539062500e-03
9.059094090590941173e-01,3.479273319244384766e-01
8.979102089791021202e-01,1.206755638122558594e-02
9.334066593340666351e-01,1.535716104507446289e+01
5.880985260009765625e-01,2.641916275024414062e-03
7.615307844819769745e-01,4.254102706909179688e-03
8.980472987077200431e-01,4.024267196655273438e-03
8.012198780121987385e-01,3.483362197875976562e-01
8.132186781321867342e-01,1.261210441589355469e-02
9.484051594840515742e-01,1.503829193115234375e+01
2.517223358154296875e-01,1.703977584838867188e-03
7.711939415759334615e-01,4.214286804199218750e-03
8.275109701823422093e-01,4.138231277465820312e-03
2.919708029197080057e-01,3.493285179138183594e-01
2.981701829817018368e-01,1.209235191345214844e-02
4.536546345365463639e-01,1.520387101173400879e+01
5.880985260009765625e-01,1.623630523681640625e-03
3.520168383805520329e-01,4.046201705932617188e-03
2.772793916254756574e-01,3.997087478637695312e-03
3.731626837316268097e-01,3.554177284240722656e-01
3.779622037796220302e-01,1.209211349487304688e-02
3.283671632836716592e-01,1.561818647384643555e+01
5.765914916992187500e-02,1.726627349853515625e-03
3.319875653574940744e-01,5.094528198242187500e-03
4.082399331951095389e-01,4.012584686279296875e-03
4.881511848815118237e-01,3.476681709289550781e-01
4.640535946405359713e-01,1.216435432434082031e-02
3.501649835016498180e-01,1.547246503829956055e+01
8.684120178222656250e-01,2.531766891479492188e-03
5.027633356606759918e-01,4.221200942993164062e-03
5.032286064220504729e-01,4.012107849121093750e-03
8.297170282971703115e-01,3.467831611633300781e-01
8.272172782721727291e-01,1.258206367492675781e-02
9.265073492650734988e-01,1.462008452415466309e+01
2.517223358154296875e-01,1.629829406738281250e-03
7.968079470437414713e-01,4.034757614135742188e-03
8.270578049976926582e-01,3.974676132202148438e-03
6.708329167083291189e-01,3.465812206268310547e-01
6.670332966703329536e-01,1.210927963256835938e-02
6.107389261073892239e-01,1.579329133033752441e+01
7.482776641845703125e-01,1.740932464599609375e-03
5.883716966495117218e-01,4.067659378051757812e-03
6.726121098055761749e-01,3.986358642578125000e-03
7.897210278972103259e-01,3.469164371490478516e-01
7.762223777622238030e-01,1.208186149597167969e-02
8.059194080591940423e-01,1.544181919097900391e+01
9.793052673339843750e-01,1.719713211059570312e-03
6.643038730257696534e-01,4.097223281860351562e-03
7.646767410976423873e-01,3.995418548583984375e-03
9.184081591840815850e-01,3.473508358001708984e-01
9.182081791820817518e-01,1.207947731018066406e-02
9.889011098890111429e-01,1.500210118293762207e+01
7.482776641845703125e-01,2.607583999633789062e-03
8.485395149872148046e-01,4.210948944091796875e-03
9.192559497137782198e-01,4.014968872070312500e-03
9.864013598640135605e-01,3.472609519958496094e-01
9.843015698430156446e-01,1.258325576782226562e-02
9.813018698130187012e-01,1.553145480155944824e+01
7.482776641845703125e-01,1.641273498535156250e-03
8.254596977671042612e-01,4.048109054565429688e-03
9.837207671534853315e-01,3.965854644775390625e-03
2.636736326367363215e-01,3.474147319793701172e-01
2.825717428257174535e-01,1.209640502929687500e-02
5.661433856614338511e-01,1.525327420234680176e+01
4.119014739990234375e-01,1.608848571777343750e-03
3.691243588682959764e-01,4.026889801025390625e-03
2.241677238440584197e-01,4.019021987915039062e-03
2.143785621437856170e-01,3.466951847076416016e-01
2.201779822017798094e-01,1.206731796264648438e-02
1.968803119688031233e-01,1.565194678306579590e+01
2.517223358154296875e-01,1.735925674438476562e-03
2.736675611602452651e-01,4.058122634887695312e-03
1.839449384488103245e-01,3.976821899414062500e-03
4.019598040195980493e-02,3.506190776824951172e-01
4.429557044295570623e-02,1.211667060852050781e-02
1.779822017798220191e-02,1.539789366722106934e+01
5.908966064453125000e-03,2.638339996337890625e-03
5.402531876991958221e-02,4.271030426025390625e-03
3.373993530509179078e-02,4.015684127807617188e-03
7.550244975502449218e-01,3.501763343811035156e-01
7.536246375362464223e-01,1.254558563232421875e-02
3.068693130686931392e-01,1.565651178359985352e+01
7.482776641845703125e-01,1.749992370605468750e-03
7.256958460190106042e-01,4.081726074218750000e-03
7.105271149436692690e-01,3.978013992309570312e-03
1.469853014698530198e-02,3.456456661224365234e-01
1.329867013298670179e-02,1.209330558776855469e-02
2.999700029997000219e-03,1.546886444091796875e+01
2.517223358154296875e-01,1.727581024169921875e-03
4.955586540801291268e-02,4.081726074218750000e-03
2.440932043535627705e-02,4.402399063110351562e-03
5.280471952804719482e-01,3.482863903045654297e-01
5.184481551844815073e-01,1.208424568176269531e-02
6.407359264073592131e-01,1.617024970054626465e+01
8.684120178222656250e-01,1.716136932373046875e-03
5.238231509493586069e-01,4.072904586791992188e-03
5.608757450636820963e-01,4.002809524536132812e-03
1.203879612038796093e-01,3.576445579528808594e-01
1.322867713228677022e-01,1.210188865661621094e-02
6.939306069393061382e-02,1.572109198570251465e+01
5.765914916992187500e-02,2.581357955932617188e-03
2.070707336168778889e-01,4.230976104736328125e-03
1.367243937700279299e-01,4.020452499389648438e-03
3.199680031996800494e-03,3.470339775085449219e-01
3.099690030996900356e-03,1.258349418640136719e-02
1.999800019998000309e-04,1.523429536819458008e+01
2.069473266601562500e-02,1.641988754272460938e-03
5.520495587250551402e-03,4.044771194458007812e-03
5.111682669054016387e-03,3.979444503784179688e-03
1.109889011098890051e-02,3.470611572265625000e-01
1.299870012998700051e-02,1.207947731018066406e-02
2.189781021897810320e-02,1.577540564537048340e+01
5.765914916992187500e-02,1.692295074462890625e-03
2.951353572222140467e-02,4.050493240356445312e-03
9.805373275555079662e-03,1.198720932006835938e-02
4.666533346665333593e-01,3.724608421325683594e-01
4.562543745625437519e-01,1.207709312438964844e-02
5.595440455954404646e-01,1.581426405906677246e+01
5.880985260009765625e-01,1.746892929077148438e-03
4.848535568070678758e-01,4.414081573486328125e-03
4.483094402880343776e-01,4.418849945068359375e-03
7.068293170682932169e-01,3.511223793029785156e-01
6.867313268673133075e-01,1.211571693420410156e-02
5.156484351564843971e-01,1.580552434921264648e+01
4.119014739990234375e-01,2.639055252075195312e-03
5.906490045924405186e-01,4.245042800903320312e-03
7.290365704620984655e-01,4.043102264404296875e-03
3.517648235176482618e-01,3.477520942687988281e-01
3.553644635536446494e-01,1.258778572082519531e-02
3.253674632536746603e-01,1.544809293746948242e+01
4.119014739990234375e-01,1.634359359741210938e-03
4.182225071791960680e-01,4.040956497192382812e-03
3.596664468173714768e-01,3.977060317993164062e-03
8.133186681331866508e-01,3.464493751525878906e-01
8.049195080491950982e-01,1.206421852111816406e-02
7.517248275172482286e-01,1.592732334136962891e+01
7.482776641845703125e-01,1.721143722534179688e-03
7.051437477646049778e-01,4.089355468750000000e-03
7.893609093555915557e-01,3.988027572631835938e-03
8.762123787621237669e-01,3.477361202239990234e-01
8.712128787121288243e-01,1.211047172546386719e-02
8.051194880511949314e-01,1.522311258316040039e+01
5.880985260009765625e-01,1.702547073364257812e-03
7.724217336252997557e-01,4.072904586791992188e-03
8.906197864934698449e-01,3.978967666625976562e-03
2.279772022797720357e-02,3.723485469818115234e-01
2.819718028197180232e-02,1.213431358337402344e-02
1.234876512348765110e-01,1.587946009635925293e+01
1.315879821777343750e-01,2.536535263061523438e-03
1.755170125764519695e-01,4.199028015136718750e-03
2.597603449209578280e-02,4.011631011962890625e-03
9.286071392860714147e-01,4.837303161621093750e-01
9.262073792620737489e-01,2.059197425842285156e-02
9.781021897810219246e-01,1.629691672325134277e+01
7.482776641845703125e-01,1.741170883178710938e-03
8.747998744662344173e-01,4.089117050170898438e-03
9.342029985943696158e-01,3.991842269897460938e-03
9.865013498650134771e-01,5.185329914093017578e-01
9.861013898610139217e-01,1.233696937561035156e-02
9.885011498850114764e-01,1.643938660621643066e+01
9.793052673339843750e-01,1.652479171752929688e-03
9.257946096375609946e-01,4.046678543090820312e-03
9.918584611364418269e-01,4.012107849121093750e-03
7.681231876812318893e-01,3.477158546447753906e-01
7.635236476352365020e-01,1.206064224243164062e-02
5.693430656934306278e-01,1.569935464859008789e+01
5.880985260009765625e-01,1.690626144409179688e-03
7.109678130781575955e-01,4.070281982421875000e-03
7.984773832844644925e-01,3.985166549682617188e-03
5.972402759724028121e-01,3.492631912231445312e-01
5.787421257874212355e-01,1.331472396850585938e-02
7.607239276072392808e-01,1.599314165115356445e+01
5.880985260009765625e-01,9.773492813110351562e-03
5.505348565832375307e-01,4.104852676391601562e-03
6.176256671999479364e-01,1.199936866760253906e-02
6.574342565743425126e-01,3.545916080474853516e-01
6.665333466653334815e-01,1.213312149047851562e-02
6.414358564143585184e-01,1.490051889419555664e+01
4.119014739990234375e-01,1.635313034057617188e-03
5.438821756750502612e-01,4.017353057861328125e-03
6.132713504136805271e-01,3.988504409790039062e-03
8.483151684831516937e-01,3.465268611907958984e-01
8.457154284571543057e-01,1.204419136047363281e-02
8.254174582541745631e-01,1.521204948425292969e+01
4.119014739990234375e-01,1.731157302856445312e-03
6.953344530248862787e-01,4.094123840332031250e-03
8.435422451297873714e-01,4.003047943115234375e-03
1.849815018498150027e-02,3.469536304473876953e-01
1.799820017998200045e-02,1.211571693420410156e-02
5.099490050994900936e-03,1.497309708595275879e+01
2.069473266601562500e-02,2.591133117675781250e-03
1.270398473790501082e-01,4.289150238037109375e-03
2.013897085255666325e-02,4.063129425048828125e-03
6.995300469953005251e-01,3.478636741638183594e-01
6.984301569843015534e-01,1.258397102355957031e-02
5.998400159984002000e-01,1.579350519180297852e+01
5.880985260009765625e-01,1.733541488647460938e-03
6.572064252548677210e-01,4.045248031616210938e-03
7.377622986902885316e-01,3.988981246948242188e-03
6.796320367963203379e-01,3.469760417938232422e-01
6.873312668733126962e-01,1.212882995605468750e-02
4.091590840915908522e-01,1.537698888778686523e+01
4.119014739990234375e-01,1.636981964111328125e-03
6.173379851848960209e-01,4.061698913574218750e-03
6.925466463510251414e-01,4.001855850219726562e-03
6.022397760223977548e-01,3.499407768249511719e-01
5.898410158984102036e-01,1.213788986206054688e-02
4.847515248475152694e-01,1.594291377067565918e+01
4.119014739990234375e-01,1.741409301757812500e-03
5.663850316467415880e-01,4.085540771484375000e-03
5.684423060071099876e-01,4.006624221801757812e-03
6.263373662633736627e-01,3.676302433013916016e-01
6.235376462353764415e-01,1.209402084350585938e-02
5.086491350864913441e-01,1.559513974189758301e+01
2.517223358154296875e-01,2.515077590942382812e-03
5.637110788275746520e-01,4.231452941894531250e-03
5.873344760737778669e-01,4.003524780273437500e-03
8.148185181481851780e-01,3.640656471252441406e-01
8.214178582141785645e-01,1.280808448791503906e-02
7.740225977402259705e-01,1.530056285858154297e+01
4.119014739990234375e-01,1.631498336791992188e-03
7.139346408771057861e-01,4.043579101562500000e-03
8.543887524173576775e-01,4.146099090576171875e-03
9.616038396160383472e-01,3.470642566680908203e-01
9.618038196180381805e-01,1.208376884460449219e-02
9.970002999700029456e-01,1.535830998420715332e+01
9.793052673339843750e-01,1.722812652587890625e-03
9.564055557583840406e-01,4.079103469848632812e-03
9.706483801202059336e-01,4.012107849121093750e-03
7.000299970002999972e-01,4.253976345062255859e-01
6.973302669733026926e-01,1.230978965759277344e-02
7.201279872012799066e-01,1.528235507011413574e+01
2.517223358154296875e-01,1.698732376098632812e-03
6.855041737970143378e-01,4.053831100463867188e-03
7.048229052075867251e-01,4.000186920166015625e-03
3.755624437556244199e-01,3.482003211975097656e-01
3.846615338466153333e-01,1.210594177246093750e-02
5.311468853114688082e-01,1.559798812866210938e+01
2.517223358154296875e-01,2.618789672851562500e-03
3.615853470135584891e-01,4.241228103637695312e-03
3.438970928253606285e-01,4.051208496093750000e-03
1.199880011998800088e-02,3.459651470184326172e-01
1.279872012798720197e-02,1.258349418640136719e-02
2.199780021997800421e-03,1.539168524742126465e+01
5.908966064453125000e-03,1.643180847167968750e-03
5.931649244501144280e-02,4.057168960571289062e-03
7.110852530854987544e-03,4.002094268798828125e-03
4.848515148485151305e-01,3.478488922119140625e-01
4.616538346165383611e-01,1.207232475280761719e-02
6.338366163383661878e-01,1.532759428024291992e+01
7.482776641845703125e-01,1.690626144409179688e-03
5.422129725754571972e-01,4.050970077514648438e-03
4.754791475063083750e-01,4.005908966064453125e-03
9.931006899310068636e-01,3.478875160217285156e-01
9.932006799320067802e-01,1.208829879760742188e-02
9.575042495750425431e-01,1.580099129676818848e+01
7.482776641845703125e-01,1.642227172851562500e-03
9.592275904111259299e-01,4.015922546386718750e-03
9.922984487282445754e-01,4.021406173706054688e-03
6.298370162983701892e-01,3.482947349548339844e-01
6.482351764823517382e-01,1.204800605773925781e-02
7.308269173082692083e-01,1.594765734672546387e+01
7.482776641845703125e-01,2.495765686035156250e-03
5.297598923135946603e-01,4.217863082885742188e-03
6.049077209029527502e-01,4.017829895019531250e-03
2.038796120387961208e-01,3.460056781768798828e-01
2.149785021497850335e-01,1.250457763671875000e-02
2.743725627437256231e-01,1.527026605606079102e+01
5.880985260009765625e-01,1.600980758666992188e-03
2.672554210998647761e-01,4.020452499389648438e-03
2.178280870091333088e-01,4.026412963867187500e-03
9.564043595640435713e-01,3.466324806213378906e-01
9.461053894610539361e-01,1.206779479980468750e-02
9.174082591740826409e-01,1.502308821678161621e+01
8.684120178222656250e-01,1.698970794677734375e-03
9.215883118793442019e-01,4.085779190063476562e-03
9.507111368425935627e-01,4.002094268798828125e-03
9.909009099090091421e-01,5.829606056213378906e-01
9.875012498750125323e-01,1.211023330688476562e-02
9.894010598940106149e-01,1.638570809364318848e+01
9.793052673339843750e-01,1.680850982666015625e-03
8.444727787218008208e-01,4.050731658935546875e-03
9.865517290851061327e-01,4.017829895019531250e-03
5.719428057194280157e-01,3.483855724334716797e-01
5.819418058194180121e-01,1.207804679870605469e-02
4.646535346465353600e-01,1.518649530410766602e+01
8.684120178222656250e-01,2.504825592041015625e-03
5.413830141208080260e-01,4.179239273071289062e-03
5.881533499066224913e-01,4.020690917968750000e-03
3.129687031296870398e-02,4.123620986938476562e-01
3.159684031596840526e-02,1.254057884216308594e-02
1.579842015798420263e-02,1.632922840118408203e+01
5.880985260009765625e-01,1.746892929077148438e-03
9.804910429231561420e-02,4.067897796630859375e-03
2.835648715653212720e-02,4.031181335449218750e-03
3.467653234676532081e-01,3.473293781280517578e-01
3.581641835816418151e-01,1.217389106750488281e-02
4.754524547545245228e-01,1.564191150665283203e+01
5.880985260009765625e-01,1.732110977172851562e-03
3.840279909094094779e-01,4.064321517944335938e-03
3.112846374932518589e-01,4.021406173706054688e-03
3.149685031496850529e-01,3.503026962280273438e-01
3.143685631436856087e-01,1.213765144348144531e-02
6.567343265673433184e-01,1.520591425895690918e+01
2.517223358154296875e-01,1.671075820922851562e-03
3.855124067902933049e-01,4.055261611938476562e-03
2.507305095458201016e-01,3.994464874267578125e-03
4.259574042595740129e-02,3.465669155120849609e-01
4.339566043395660239e-02,1.208662986755371094e-02
1.116888311168883069e-01,1.568195891380310059e+01
4.119014739990234375e-01,2.621412277221679688e-03
7.771415475031780151e-02,4.242658615112304688e-03
5.437786824798144375e-02,4.039525985717773438e-03
4.015598440155984661e-01,3.479290008544921875e-01
4.091590840915908522e-01,1.259875297546386719e-02
2.522747725227477145e-01,1.532082653045654297e+01
5.880985260009765625e-01,1.634597778320312500e-03
4.754414933065466142e-01,4.014015197753906250e-03
4.751224503653739828e-01,3.994464874267578125e-03
5.837416258374162892e-01,3.474481105804443359e-01
5.834416558344165393e-01,1.207470893859863281e-02
5.083491650834917053e-01,1.546725010871887207e+01
8.684120178222656250e-01,1.694202423095703125e-03
5.682419104456148951e-01,4.059553146362304688e-03
6.074974918046053274e-01,3.991365432739257812e-03
5.973402659734026177e-01,3.472342491149902344e-01
6.135386461353864451e-01,1.211881637573242188e-02
8.102189781021897907e-01,1.598155856132507324e+01
5.880985260009765625e-01,1.639842987060546875e-03
5.043345070591797041e-01,4.027128219604492188e-03
6.268039329655406000e-01,3.995895385742187500e-03
5.117488251174882041e-01,3.866584300994873047e-01
5.192480751924807292e-01,1.204419136047363281e-02
4.015598440155984661e-01,1.544209480285644531e+01
5.880985260009765625e-01,2.521514892578125000e-03
5.400501168599903812e-01,4.231691360473632812e-03
5.483841833308271685e-01,4.029989242553710938e-03
2.420757924207579126e-01,3.470067977905273438e-01
2.208779122087791147e-01,1.253151893615722656e-02
3.429657034296570428e-01,1.544234061241149902e+01
7.482776641845703125e-01,1.676082611083984375e-03
3.741805065448614576e-01,4.044532775878906250e-03
2.232687628258807622e-01,4.011154174804687500e-03
4.916508349165083502e-01,3.491871356964111328e-01
4.852514748525147414e-01,1.211142539978027344e-02
2.487751224877512157e-01,1.520819544792175293e+01
1.315879821777343750e-01,1.602649688720703125e-03
5.035386208395027374e-01,4.027128219604492188e-03
5.126659695174116127e-01,3.959655761718750000e-03
4.140585941405859338e-01,3.454294204711914062e-01
4.160583941605839331e-01,1.205801963806152344e-02
2.833716628337166199e-01,1.591011834144592285e+01
8.684120178222656250e-01,1.649856567382812500e-03
4.850535480289929202e-01,4.032611846923828125e-03
4.155603047369692549e-01,3.969907760620117188e-03
8.942105789421057604e-01,3.465766906738281250e-01
8.887111288871112347e-01,1.206374168395996094e-02
8.743125687431256843e-01,1.503694534301757812e+01
9.793052673339843750e-01,2.521038055419921875e-03
5.262528497518532689e-01,4.220724105834960938e-03
8.940093554027201961e-01,3.998517990112304688e-03
8.941105889411058438e-01,3.460333347320556641e-01
8.827117288271172368e-01,1.250100135803222656e-02
7.668233176682331953e-01,1.523070931434631348e+01
9.793052673339843750e-01,1.665115356445312500e-03
8.288327475064498628e-01,4.040718078613281250e-03
9.123849131990409145e-01,3.990411758422851562e-03
2.878712128787121460e-01,3.475008010864257812e-01
2.843715628437156195e-01,1.209568977355957031e-02
2.168783121687831161e-01,1.541433787345886230e+01
2.517223358154296875e-01,1.656293869018554688e-03
3.885945781483252093e-01,4.047632217407226562e-03
2.868608260541630761e-01,3.992557525634765625e-03
8.597140285971403006e-01,3.485960960388183594e-01
8.597140285971403006e-01,1.208853721618652344e-02
8.792120787921208214e-01,1.609447169303894043e+01
8.684120178222656250e-01,1.660585403442382812e-03
8.442053962703711667e-01,4.048585891723632812e-03
8.507554080206957137e-01,4.004001617431640625e-03
5.312468753124687249e-01,3.470818996429443359e-01
5.348465153484651680e-01,1.205682754516601562e-02
2.988701129887011421e-01,1.534893965721130371e+01
4.119014739990234375e-01,2.516746520996093750e-03
6.002843235252416365e-01,4.206657409667968750e-03
4.983760685013498559e-01,4.005193710327148438e-03
8.229177082291770640e-02,3.468689918518066406e-01
8.569143085691430239e-02,1.256632804870605469e-02
1.203879612038796093e-01,1.595882391929626465e+01
4.119014739990234375e-01,1.726865768432617188e-03
2.027248040192833889e-01,4.099369049072265625e-03
7.093440044235851949e-02,4.020452499389648438e-03
4.027597240275972434e-01,3.490488529205322266e-01
3.825617438256174174e-01,1.213407516479492188e-02
4.017598240175982438e-01,1.508873963356018066e+01
2.517223358154296875e-01,1.631498336791992188e-03
4.583233309478589312e-01,4.036664962768554688e-03
4.095970727624795305e-01,3.968715667724609375e-03
3.346665333466653514e-01,3.472816944122314453e-01
3.261673832616738267e-01,1.205801963806152344e-02
2.886711328867113124e-01,1.552144980430603027e+01
4.119014739990234375e-01,1.713037490844726562e-03
4.574170138636162175e-01,4.089117050170898438e-03
3.599656177802980084e-01,4.019498825073242188e-03
6.379362063793621307e-02,3.951387405395507812e-01
6.939306069393061382e-02,1.209115982055664062e-02
1.339866013398660072e-01,1.464941906929016113e+01
4.119014739990234375e-01,2.467155456542968750e-03
7.062240233757391406e-02,4.214048385620117188e-03
4.469762712561514695e-02,4.021406173706054688e-03
2.936706329367063106e-01,3.489906787872314453e-01
2.899710028997100064e-01,1.255822181701660156e-02
2.851714828517148415e-01,1.598241424560546875e+01
4.119014739990234375e-01,1.758575439453125000e-03
2.993289023540332550e-01,4.055261611938476562e-03
3.564527639060088293e-01,4.017353057861328125e-03
2.176782321767823103e-01,3.477182388305664062e-01
2.414758524147585239e-01,1.210260391235351562e-02
5.010498950104989024e-01,1.538757228851318359e+01
4.119014739990234375e-01,1.713752746582031250e-03
4.923615557675257715e-01,4.097223281860351562e-03
2.237109356016245831e-01,4.008531570434570312e-03
4.389561043895610637e-01,3.661289215087890625e-01
4.475552444755524495e-01,1.210331916809082031e-02
6.366363363663634090e-01,1.589334201812744141e+01
7.482776641845703125e-01,1.724243164062500000e-03
4.851797884924684556e-01,4.048347473144531250e-03
5.040991863769960224e-01,3.966331481933593750e-03
1.377862213778622003e-01,3.489174842834472656e-01
1.561843815618438047e-01,1.261258125305175781e-02
1.201879812018798177e-01,1.543467378616333008e+01
1.315879821777343750e-01,2.718925476074218750e-03
1.269926976683418141e-01,4.241466522216796875e-03
1.657034518881754237e-01,4.042863845825195312e-03
5.796420357964203740e-01,3.484961986541748047e-01
5.660433956604339345e-01,1.259875297546386719e-02
5.615438456154384639e-01,1.549624276161193848e+01
7.482776641845703125e-01,1.627206802368164062e-03
5.051125949571714235e-01,4.021644592285156250e-03
4.608636483127498407e-01,3.986597061157226562e-03
3.038696130386961403e-01,3.474013805389404297e-01
3.054694530546945286e-01,1.203203201293945312e-02
7.363263673632636230e-01,1.509983754158020020e+01
2.517223358154296875e-01,1.627445220947265625e-03
3.118262579174591043e-01,4.035949707031250000e-03
2.706153952251721395e-01,4.003047943115234375e-03
5.557444255574442993e-01,3.479695320129394531e-01
5.462453754624537750e-01,1.203203201293945312e-02
5.609439056094390752e-01,1.587561130523681641e+01
8.684120178222656250e-01,1.620531082153320312e-03
5.133293122733062486e-01,4.038572311401367188e-03
5.563363996764003616e-01,3.988504409790039062e-03
4.879512048795120460e-02,3.478505611419677734e-01
5.279472052794720316e-02,1.202178001403808594e-02
8.449155084491551115e-02,1.557768106460571289e+01
5.880985260009765625e-01,2.600431442260742188e-03
4.403679878669778391e-01,4.257917404174804688e-03
6.774719221891907506e-02,4.008293151855468750e-03
9.249075092490750827e-02,3.480858802795410156e-01
1.028897110288971156e-01,1.257920265197753906e-02
1.127887211278872093e-01,1.606108665466308594e+01
2.517223358154296875e-01,1.696348190307617188e-03
2.190029823531161046e-01,4.045009613037109375e-03
8.755526269538244089e-02,3.973484039306640625e-03
5.485451454854514131e-01,3.486480712890625000e-01
5.685431456854314058e-01,1.209115982055664062e-02
5.901409859014098425e-01,1.540897202491760254e+01
2.517223358154296875e-01,1.670122146606445312e-03
5.620553005973820682e-01,4.038333892822265625e-03
5.340659765870487963e-01,3.994464874267578125e-03
5.856414358564143718e-01,3.483047485351562500e-01
5.862413758624137605e-01,1.208233833312988281e-02
7.060293970602939950e-01,1.495290184020996094e+01
9.423408508300781250e-01,1.605272293090820312e-03
5.151656068376264663e-01,4.015445709228515625e-03
5.573170237894589096e-01,3.985881805419921875e-03
7.419258074192580654e-02,4.749405384063720703e-01
7.469253074692530636e-02,1.200103759765625000e-02
3.669633036696330619e-02,1.558652615547180176e+01
8.684120178222656250e-01,2.623796463012695312e-03
3.972036163448237622e-01,4.217863082885742188e-03
4.957016282844731170e-02,4.033327102661132812e-03
2.544745525447455470e-01,3.467512130737304688e-01
2.663733626637336260e-01,1.259160041809082031e-02
2.985701429857014477e-01,1.512107682228088379e+01
1.315879821777343750e-01,1.661777496337890625e-03
3.397973618012430363e-01,4.029512405395507812e-03
2.183047497055483621e-01,3.993749618530273438e-03
5.704429557044295995e-01,3.482506275177001953e-01
5.779422057794220136e-01,1.209068298339843750e-02
5.776422357764223747e-01,1.587272238731384277e+01
4.119014739990234375e-01,1.620769500732421875e-03
5.891773221861403842e-01,4.004001617431640625e-03
5.727878132493048335e-01,3.966093063354492188e-03
7.047295270472953010e-01,5.551102161407470703e-01
7.308269173082692083e-01,1.994562149047851562e-02
6.827317268273173090e-01,1.588999247550964355e+01
5.880985260009765625e-01,2.553701400756835938e-03
6.370922098446203385e-01,4.256010055541992188e-03
6.824613786069422261e-01,4.025220870971679688e-03
6.097390260973902798e-01,3.869733810424804688e-01
6.296370362963703560e-01,1.257371902465820312e-02
5.398460153984601106e-01,1.563340806961059570e+01
5.880985260009765625e-01,1.745700836181640625e-03
5.406422222972864233e-01,4.109144210815429688e-03
6.393800557017326192e-01,3.999471664428710938e-03
6.464353564643535721e-01,3.483650684356689453e-01
6.394360563943605191e-01,1.209211349487304688e-02
6.777322267773222553e-01,1.543855261802673340e+01
4.119014739990234375e-01,1.606941223144531250e-03
5.595285554282500851e-01,4.009246826171875000e-03
6.219812963082522739e-01,3.985643386840820312e-03
4.105589441055894628e-01,3.477945327758789062e-01
4.159584041595840165e-01,1.202344894409179688e-02
4.471552844715528385e-01,1.545935964584350586e+01
7.482776641845703125e-01,1.603364944458007812e-03
4.452784731691312725e-01,4.057168960571289062e-03
4.031063847841085401e-01,3.999471664428710938e-03
1.652834716528347181e-01,3.471229076385498047e-01
1.731826817318268263e-01,1.205372810363769531e-02
1.540845915408459166e-01,1.520670127868652344e+01
2.517223358154296875e-01,2.627134323120117188e-03
3.232793439139349800e-01,4.266023635864257812e-03
1.386824684736499003e-01,4.026889801025390625e-03
2.595740425957404063e-01,3.487522602081298828e-01
2.598740125987401006e-01,1.262354850769042969e-02
2.488751124887511323e-01,1.475664377212524414e+01
4.119014739990234375e-01,1.730918884277343750e-03
3.649432520531520896e-01,4.078626632690429688e-03
2.518512255284328649e-01,3.978252410888671875e-03
8.289171082891710896e-02,3.486466407775878906e-01
8.839116088391160697e-02,1.211786270141601562e-02
1.378862113788621169e-01,1.543566584587097168e+01
5.880985260009765625e-01,1.707315444946289062e-03
1.581242817185828375e-01,4.042387008666992188e-03
9.517689917005450750e-02,3.982305526733398438e-03
7.835216478352164948e-01,3.470861911773681641e-01
7.791220877912208298e-01,1.210379600524902344e-02
8.092190780921907356e-01,1.581003761291503906e+01
7.482776641845703125e-01,1.743555068969726562e-03
7.604444346744319017e-01,4.083633422851562500e-03
7.937181539780423511e-01,4.000902175903320312e-03
2.333766623337666102e-01,3.494684696197509766e-01
2.293770622937706116e-01,1.207590103149414062e-02
3.277672232776722150e-01,1.504207491874694824e+01
2.517223358154296875e-01,2.590894699096679688e-03
2.695709352137213299e-01,4.271745681762695312e-03
2.723121581772652289e-01,4.031181335449218750e-03
3.013698630136986134e-01,3.505730628967285156e-01
3.233676632336766055e-01,1.261067390441894531e-02
4.618538146185381388e-01,1.469794058799743652e+01
1.315879821777343750e-01,1.698970794677734375e-03
3.246112514151980877e-01,4.043102264404296875e-03
3.017340435737542181e-01,4.002571105957031250e-03
3.670632936706329508e-01,3.988316059112548828e-01
3.800619938006199461e-01,1.232051849365234375e-02
4.150584941505849335e-01,1.499682235717773438e+01
1.315879821777343750e-01,1.622438430786132812e-03
4.412680154788673481e-01,4.045009613037109375e-03
3.320449480999332903e-01,3.994226455688476562e-03
6.283371662833716620e-01,3.464798927307128906e-01
6.357364263573642704e-01,1.205396652221679688e-02
5.776422357764223747e-01,1.558889412879943848e+01
4.119014739990234375e-01,1.690626144409179688e-03
6.152277685542762997e-01,4.089832305908203125e-03
5.901483749140247204e-01,3.977775573730468750e-03
4.156584341565843221e-01,3.477880954742431641e-01
4.183581641835816267e-01,1.212167739868164062e-02
4.444555544445555340e-01,1.495326733589172363e+01
1.315879821777343750e-01,2.595663070678710938e-03
4.535089377539679445e-01,4.225015640258789062e-03
3.591523444440740676e-01,4.016399383544921875e-03
7.973202679732026565e-01,3.960471153259277344e-01
7.938206179382061300e-01,2.060317993164062500e-02
6.221377862213778309e-01,1.551287126541137695e+01
7.482776641845703125e-01,1.638412475585937500e-03
7.445045143852795366e-01,4.014730453491210938e-03
7.732521187498762050e-01,3.984212875366210938e-03
9.687031296870313168e-01,3.471126556396484375e-01
9.634036596340366243e-01,1.211261749267578125e-02
8.458154184581542223e-01,1.574261093139648438e+01
9.793052673339843750e-01,1.743078231811523438e-03
8.973138816762411540e-01,4.064559936523437500e-03
9.579728880750484343e-01,3.996610641479492188e-03
7.941205879412058799e-01,3.463344573974609375e-01
8.000199980001999611e-01,1.211810111999511719e-02
9.217078292170782783e-01,1.519377994537353516e+01
8.684120178222656250e-01,1.656055450439453125e-03
5.488020887187633479e-01,4.065513610839843750e-03
7.927770202164541313e-01,3.994941711425781250e-03
5.689431056894310723e-01,3.482396602630615234e-01
5.933406659334066191e-01,1.209545135498046875e-02
4.922507749225077389e-01,1.551260447502136230e+01
2.517223358154296875e-01,2.613544464111328125e-03
5.657742039167330539e-01,4.690885543823242188e-03
5.547390541469945369e-01,4.123687744140625000e-03
7.599240075992401422e-02,3.503379821777343750e-01
7.329267073292670964e-02,1.258206367492675781e-02
1.200879912008799150e-01,1.620629429817199707e+01
1.315879821777343750e-01,1.693964004516601562e-03
2.534438827336343292e-01,4.056453704833984375e-03
6.896072470394276621e-02,3.993988037109375000e-03
4.000599940005999389e-01,3.480575084686279297e-01
4.145585441455854614e-01,1.207828521728515625e-02
4.766523347665233556e-01,1.575920534133911133e+01
2.517223358154296875e-01,1.607179641723632812e-03
4.523370087455522714e-01,4.027605056762695312e-03
3.883194260511150242e-01,3.980398178100585938e-03
7.111288871112888543e-01,4.808034896850585938e-01
7.236276372362763221e-01,1.204538345336914062e-02
7.157284271572842416e-01,1.570672202110290527e+01
7.482776641845703125e-01,1.641273498535156250e-03
6.955535627583673275e-01,4.005193710327148438e-03
6.219411449946776749e-01,3.993034362792968750e-03
6.840315968403160030e-01,3.462791442871093750e-01
6.830316968303169478e-01,1.204156875610351562e-02
6.187381261873812210e-01,1.502614235877990723e+01
9.423408508300781250e-01,2.605438232421875000e-03
6.682877258019871425e-01,4.215240478515625000e-03
6.272810125954845217e-01,4.008531570434570312e-03
4.633536646335366660e-01,3.479607105255126953e-01
4.778522147785221330e-01,1.262283325195312500e-02
6.616338366163383444e-01,1.577559900283813477e+01
2.517223358154296875e-01,1.633405685424804688e-03
4.525510731163743250e-01,4.058837890625000000e-03
5.030443483216681111e-01,3.996610641479492188e-03
4.811518848115188263e-01,3.485112190246582031e-01
4.990500949905009587e-01,1.204228401184082031e-02
4.944505549445055714e-01,1.564126396179199219e+01
5.880985260009765625e-01,1.641035079956054688e-03
4.567501034447009056e-01,4.009485244750976562e-03
4.832408056666259721e-01,3.964900970458984375e-03
5.298470152984701143e-01,3.474087715148925781e-01
5.160483951604839525e-01,1.207017898559570312e-02
5.485451454854514131e-01,1.549803042411804199e+01
7.482776641845703125e-01,1.720666885375976562e-03
5.266146322437502691e-01,4.064559936523437500e-03
5.456815394658676155e-01,3.999233245849609375e-03
2.680731926807319310e-01,4.757101535797119141e-01
2.823717628237176203e-01,1.208996772766113281e-02
1.139886011398860144e-01,1.555446577072143555e+01
1.315879821777343750e-01,2.634763717651367188e-03
3.597774031821003859e-01,4.242897033691406250e-03
1.909107231694325280e-01,4.042625427246093750e-03
8.538146185381462194e-01,3.619315624237060547e-01
8.515148485151484703e-01,2.056622505187988281e-02
9.224077592240775836e-01,1.564055395126342773e+01
5.880985260009765625e-01,1.683473587036132812e-03
8.129290829445395827e-01,4.070281982421875000e-03
8.633086726441375758e-01,4.013299942016601562e-03
3.584641535846415095e-01,3.472564220428466797e-01
3.456654334566543474e-01,1.208686828613281250e-02
4.081591840815918526e-01,1.482851982116699219e+01
5.880985260009765625e-01,1.723289489746093750e-03
3.849421306512353924e-01,4.083156585693359375e-03
3.627047142182074912e-01,1.200270652770996094e-02
1.525847415258474171e-01,3.872592449188232422e-01
1.597840215978402201e-01,1.211571693420410156e-02
1.587841215878412204e-01,1.528041934967041016e+01
5.765914916992187500e-02,1.610755920410156250e-03
2.116265039075114762e-01,4.028081893920898438e-03
1.848435512281576543e-01,3.975152969360351562e-03
9.912008799120087810e-01,3.496093750000000000e-01
9.901009899010099202e-01,1.202893257141113281e-02
9.818018198180181733e-01,1.504580879211425781e+01
9.793052673339843750e-01,2.500534057617187500e-03
8.465087106004204331e-01,4.189491271972656250e-03
9.900633208605879032e-01,4.019737243652343750e-03
3.526647335266473449e-01,3.486354351043701172e-01
3.673632636736326451e-01,1.252341270446777344e-02
2.239776022397760302e-01,1.599361968040466309e+01
4.119014739990234375e-01,1.626491546630859375e-03
3.814450089615472050e-01,4.035472869873046875e-03
3.600004253778242846e-01,3.976583480834960938e-03
9.299070092990700809e-02,4.365205764770507812e-01
9.019098090190981465e-02,1.206088066101074219e-02
1.566843315668433045e-01,1.546560049057006836e+01
2.517223358154296875e-01,1.649618148803710938e-03
1.497022602661149948e-01,4.016637802124023438e-03
9.274198471227540486e-02,3.972530364990234375e-03
2.109789021097890349e-01,3.500885963439941406e-01
2.191780821917808098e-01,1.209855079650878906e-02
2.179782021797820324e-01,1.555272412300109863e+01
2.517223358154296875e-01,1.642227172851562500e-03
2.061114398988169727e-01,4.052162170410156250e-03
2.196499265545249768e-01,3.980159759521484375e-03
9.807019298070193125e-01,3.508629798889160156e-01
9.823017698230176453e-01,1.203584671020507812e-02
9.807019298070193125e-01,1.536127400398254395e+01
7.482776641845703125e-01,2.613782882690429688e-03
9.030683189566133251e-01,4.237890243530273438e-03
9.702613226673215685e-01,4.022598266601562500e-03
7.772222777722227471e-01,3.618602752685546875e-01
7.801219878012198850e-01,1.256370544433593750e-02
6.795320467953204213e-01,1.730943155288696289e+01
9.423408508300781250e-01,1.727581024169921875e-03
6.713603200709084007e-01,4.062891006469726562e-03
7.728368129005028786e-01,3.989696502685546875e-03
